rundate,report_period,region_num,foreign_region,foreign_country,uk_group,uk_apt,foreign_apt,ty_t_pax,ty_s_pax,ty_c_pax,ly_t_pax,ly_s_pax,ly_c_pax,pc_change
08/03/2018 10:42,2017,,Unknown,Unknown,1,GATWICK,Unknown,32,0,32,53,53,0,-39.62264
08/03/2018 10:42,2017,,Unknown,Unknown,1,STANSTED,Unknown,0,0,0,1271,1271,0,-100
08/03/2018 10:42,2017,,Unknown,Unknown,2,BELFAST CITY (GEORGE BEST),Unknown,1330,0,1330,2665,0,2665,-50.09381
08/03/2018 10:42,2017,,Unknown,Unknown,2,BELFAST INTERNATIONAL,Unknown,145,0,145,0,0,0,0
08/03/2018 10:42,2017,,Unknown,Unknown,2,BRISTOL,Unknown,10693,0,10693,2110,0,2110,406.77725
08/03/2018 10:42,2017,,Unknown,Unknown,2,CARDIFF WALES,Unknown,36,0,36,0,0,0,0
08/03/2018 10:42,2017,,Unknown,Unknown,2,GLASGOW,Unknown,0,0,0,895,0,895,-100
08/03/2018 10:42,2017,,Unknown,Unknown,2,LEEDS BRADFORD,Unknown,5030,5030,0,974,974,0,416.4271
08/03/2018 10:42,2017,,Unknown,Unknown,2,MANCHESTER,Unknown,10271,8214,2057,6336,5879,457,62.10543
08/03/2018 10:42,2017,,Unknown,Unknown,2,NEWCASTLE,Unknown,119,0,119,69,0,69,72.46377
08/03/2018 10:42,2017,,Unknown,Unknown,2,SOUTHAMPTON,Unknown,20,20,0,0,0,0,0
08/03/2018 10:42,2017,1,WESTERN EUROPE-EU,AUSTRIA,1,GATWICK,INNSBRUCK,209084,183664,25420,192361,169395,22966,8.69355
08/03/2018 10:42,2017,1,WESTERN EUROPE-EU,AUSTRIA,1,GATWICK,KLAGENFURT,838,838,0,0,0,0,0
08/03/2018 10:42,2017,1,WESTERN EUROPE-EU,AUSTRIA,1,GATWICK,SALZBURG,144593,125057,19536,138933,118692,20241,4.07391
08/03/2018 10:42,2017,1,WESTERN EUROPE-EU,AUSTRIA,1,GATWICK,VIENNA,223828,223828,0,251430,251430,0,-10.97801
08/03/2018 10:42,2017,1,WESTERN EUROPE-EU,AUSTRIA,1,HEATHROW,INNSBRUCK,34573,34573,0,3969,3969,0,771.07584
08/03/2018 10:42,2017,1,WESTERN EUROPE-EU,AUSTRIA,1,HEATHROW,SALZBURG,13566,13231,335,8981,8981,0,51.05222
08/03/2018 10:42,2017,1,WESTERN EUROPE-EU,AUSTRIA,1,HEATHROW,VIENNA,807858,807858,0,794806,794806,0,1.64216
08/03/2018 10:42,2017,1,WESTERN EUROPE-EU,AUSTRIA,1,LONDON CITY,GRAZ,0,0,0,711,0,711,-100
08/03/2018 10:42,2017,1,WESTERN EUROPE-EU,AUSTRIA,1,LUTON,GRAZ,819,0,819,920,0,920,-10.97826
08/03/2018 10:42,2017,1,WESTERN EUROPE-EU,AUSTRIA,1,LUTON,INNSBRUCK,8515,8515,0,6932,6932,0,22.83612
08/03/2018 10:42,2017,1,WESTERN EUROPE-EU,AUSTRIA,1,LUTON,KLAGENFURT,0,0,0,19,0,19,-100
08/03/2018 10:42,2017,1,WESTERN EUROPE-EU,AUSTRIA,1,LUTON,LINZ,190,0,190,0,0,0,0
08/03/2018 10:42,2017,1,WESTERN EUROPE-EU,AUSTRIA,1,LUTON,SALZBURG,11107,7648,3459,8646,4980,3666,28.46403
08/03/2018 10:42,2017,1,WESTERN EUROPE-EU,AUSTRIA,1,LUTON,VIENNA,64044,64008,36,52839,52831,8,21.20593
08/03/2018 10:42,2017,1,WESTERN EUROPE-EU,AUSTRIA,1,SOUTHEND,VIENNA,13375,13375,0,0,0,0,0
08/03/2018 10:42,2017,1,WESTERN EUROPE-EU,AUSTRIA,1,STANSTED,GRAZ,502,0,502,0,0,0,0
08/03/2018 10:42,2017,1,WESTERN EUROPE-EU,AUSTRIA,1,STANSTED,INNSBRUCK,7775,0,7775,9260,0,9260,-16.03672
08/03/2018 10:42,2017,1,WESTERN EUROPE-EU,AUSTRIA,1,STANSTED,LINZ,34039,33929,110,32799,32799,0,3.7806
08/03/2018 10:42,2017,1,WESTERN EUROPE-EU,AUSTRIA,1,STANSTED,SALZBURG,105552,101419,4133,95893,92423,3470,10.07269
08/03/2018 10:42,2017,1,WESTERN EUROPE-EU,AUSTRIA,1,STANSTED,VIENNA,86559,85566,993,98741,98741,0,-12.33733
08/03/2018 10:42,2017,1,WESTERN EUROPE-EU,AUSTRIA,2,BELFAST CITY (GEORGE BEST),GRAZ,0,0,0,41,0,41,-100
08/03/2018 10:42,2017,1,WESTERN EUROPE-EU,AUSTRIA,2,BELFAST CITY (GEORGE BEST),SALZBURG,3562,0,3562,488,0,488,629.91803
08/03/2018 10:42,2017,1,WESTERN EUROPE-EU,AUSTRIA,2,BELFAST INTERNATIONAL,SALZBURG,411,0,411,3141,0,3141,-86.915
08/03/2018 10:42,2017,1,WESTERN EUROPE-EU,AUSTRIA,2,BELFAST INTERNATIONAL,VIENNA,293,293,0,0,0,0,0
08/03/2018 10:42,2017,1,WESTERN EUROPE-EU,AUSTRIA,2,BIRMINGHAM,GRAZ,8312,8101,211,238,0,238,3392.43697
08/03/2018 10:42,2017,1,WESTERN EUROPE-EU,AUSTRIA,2,BIRMINGHAM,INNSBRUCK,17869,3312,14557,15825,321,15504,12.91627
08/03/2018 10:42,2017,1,WESTERN EUROPE-EU,AUSTRIA,2,BIRMINGHAM,SALZBURG,15578,5569,10009,15333,3864,11469,1.59786
08/03/2018 10:42,2017,1,WESTERN EUROPE-EU,AUSTRIA,2,BIRMINGHAM,VIENNA,34626,34626,0,0,0,0,0
08/03/2018 10:42,2017,1,WESTERN EUROPE-EU,AUSTRIA,2,BIRMINGHAM,ZELTWEG (MILITARY),44,0,44,0,0,0,0
08/03/2018 10:42,2017,1,WESTERN EUROPE-EU,AUSTRIA,2,BOURNEMOUTH,VIENNA,159,159,0,0,0,0,0
08/03/2018 10:42,2017,1,WESTERN EUROPE-EU,AUSTRIA,2,BRISTOL,INNSBRUCK,21568,9709,11859,19996,8177,11819,7.86157
08/03/2018 10:42,2017,1,WESTERN EUROPE-EU,AUSTRIA,2,BRISTOL,SALZBURG,13366,9031,4335,12542,7880,4662,6.56993
08/03/2018 10:42,2017,1,WESTERN EUROPE-EU,AUSTRIA,2,BRISTOL,VIENNA,30902,30902,0,29214,29095,119,5.77805
08/03/2018 10:42,2017,1,WESTERN EUROPE-EU,AUSTRIA,2,CARDIFF WALES,VIENNA,396,155,241,149,0,149,165.77181
08/03/2018 10:42,2017,1,WESTERN EUROPE-EU,AUSTRIA,2,DONCASTER SHEFFIELD,SALZBURG,119,0,119,0,0,0,0
08/03/2018 10:42,2017,1,WESTERN EUROPE-EU,AUSTRIA,2,EAST MIDLANDS INTERNATIONAL,KLAGENFURT,102,0,102,0,0,0,0
08/03/2018 10:42,2017,1,WESTERN EUROPE-EU,AUSTRIA,2,EAST MIDLANDS INTERNATIONAL,SALZBURG,6936,3236,3700,4258,275,3983,62.89338
08/03/2018 10:42,2017,1,WESTERN EUROPE-EU,AUSTRIA,2,EDINBURGH,GRAZ,0,0,0,128,0,128,-100
08/03/2018 10:42,2017,1,WESTERN EUROPE-EU,AUSTRIA,2,EDINBURGH,INNSBRUCK,11058,0,11058,9000,0,9000,22.86667
08/03/2018 10:42,2017,1,WESTERN EUROPE-EU,AUSTRIA,2,EDINBURGH,SALZBURG,5980,5296,684,7755,5036,2719,-22.88846
08/03/2018 10:42,2017,1,WESTERN EUROPE-EU,AUSTRIA,2,EDINBURGH,VIENNA,64196,64104,92,52526,52526,0,22.21757
08/03/2018 10:42,2017,1,WESTERN EUROPE-EU,AUSTRIA,2,EXETER,GRAZ,59,0,59,179,0,179,-67.03911
08/03/2018 10:42,2017,1,WESTERN EUROPE-EU,AUSTRIA,2,EXETER,INNSBRUCK,367,367,0,114,0,114,221.92982
08/03/2018 10:42,2017,1,WESTERN EUROPE-EU,AUSTRIA,2,EXETER,LINZ,151,0,151,113,0,113,33.62832
08/03/2018 10:42,2017,1,WESTERN EUROPE-EU,AUSTRIA,2,EXETER,SALZBURG,0,0,0,217,0,217,-100
08/03/2018 10:42,2017,1,WESTERN EUROPE-EU,AUSTRIA,2,EXETER,VIENNA,280,140,140,928,0,928,-69.82759
08/03/2018 10:42,2017,1,WESTERN EUROPE-EU,AUSTRIA,2,GLASGOW,GRAZ,291,0,291,0,0,0,0
08/03/2018 10:42,2017,1,WESTERN EUROPE-EU,AUSTRIA,2,GLASGOW,LINZ,379,0,379,0,0,0,0
08/03/2018 10:42,2017,1,WESTERN EUROPE-EU,AUSTRIA,2,GLASGOW,SALZBURG,6524,0,6524,9298,2820,6478,-29.83437
08/03/2018 10:42,2017,1,WESTERN EUROPE-EU,AUSTRIA,2,GLASGOW,VIENNA,1263,0,1263,869,0,869,45.33947
08/03/2018 10:42,2017,1,WESTERN EUROPE-EU,AUSTRIA,2,HUMBERSIDE,SALZBURG,0,0,0,80,0,80,-100
08/03/2018 10:42,2017,1,WESTERN EUROPE-EU,AUSTRIA,2,JERSEY,VIENNA,945,0,945,1293,0,1293,-26.91415
08/03/2018 10:42,2017,1,WESTERN EUROPE-EU,AUSTRIA,2,LEEDS BRADFORD,INNSBRUCK,1446,0,1446,2083,0,2083,-30.58089
08/03/2018 10:42,2017,1,WESTERN EUROPE-EU,AUSTRIA,2,LEEDS BRADFORD,SALZBURG,5462,4893,569,4857,4857,0,12.45625
08/03/2018 10:42,2017,1,WESTERN EUROPE-EU,AUSTRIA,2,LEEDS BRADFORD,VIENNA,280,280,0,292,292,0,-4.10959
08/03/2018 10:42,2017,1,WESTERN EUROPE-EU,AUSTRIA,2,LIVERPOOL (JOHN LENNON),SALZBURG,4781,4781,0,4538,4538,0,5.35478
08/03/2018 10:42,2017,1,WESTERN EUROPE-EU,AUSTRIA,2,MANCHESTER,INNSBRUCK,48389,24168,24221,48117,19002,29115,0.56529
08/03/2018 10:42,2017,1,WESTERN EUROPE-EU,AUSTRIA,2,MANCHESTER,SALZBURG,34097,13954,20143,31894,10378,21516,6.90726
08/03/2018 10:42,2017,1,WESTERN EUROPE-EU,AUSTRIA,2,MANCHESTER,VIENNA,101116,101116,0,96706,96706,0,4.56021
08/03/2018 10:42,2017,1,WESTERN EUROPE-EU,AUSTRIA,2,NEWCASTLE,INNSBRUCK,4537,4537,0,4506,394,4112,0.68797
08/03/2018 10:42,2017,1,WESTERN EUROPE-EU,AUSTRIA,2,NEWCASTLE,SALZBURG,7887,7817,70,8903,5106,3797,-11.41188
08/03/2018 10:42,2017,1,WESTERN EUROPE-EU,AUSTRIA,2,NEWCASTLE,VIENNA,361,361,0,515,292,223,-29.90291
08/03/2018 10:42,2017,1,WESTERN EUROPE-EU,AUSTRIA,2,SOUTHAMPTON,INNSBRUCK,786,0,786,1619,0,1619,-51.45151
08/03/2018 10:42,2017,1,WESTERN EUROPE-EU,BELGIUM,1,GATWICK,ANTWERP,45,45,0,0,0,0,0
08/03/2018 10:42,2017,1,WESTERN EUROPE-EU,BELGIUM,1,GATWICK,BRUSSELS,2240,2240,0,14742,14742,0,-84.80532
08/03/2018 10:42,2017,1,WESTERN EUROPE-EU,BELGIUM,1,HEATHROW,BRUSSELS,651009,651009,0,571967,571967,0,13.81933
08/03/2018 10:42,2017,1,WESTERN EUROPE-EU,BELGIUM,1,HEATHROW,LIEGE,0,0,0,3076,3076,0,-100
08/03/2018 10:42,2017,1,WESTERN EUROPE-EU,BELGIUM,1,LONDON CITY,ANTWERP,50564,50564,0,54885,54885,0,-7.87282
08/03/2018 10:42,2017,1,WESTERN EUROPE-EU,BELGIUM,1,LONDON CITY,OSTEND,39,0,39,0,0,0,0
08/03/2018 10:42,2017,1,WESTERN EUROPE-EU,BELGIUM,1,LUTON,BRUSSELS,0,0,0,50,0,50,-100
08/03/2018 10:42,2017,1,WESTERN EUROPE-EU,BELGIUM,1,LUTON,LIEGE,0,0,0,10,0,10,-100
08/03/2018 10:42,2017,1,WESTERN EUROPE-EU,BELGIUM,1,LUTON,OSTEND,108,0,108,152,152,0,-28.94737
08/03/2018 10:42,2017,1,WESTERN EUROPE-EU,BELGIUM,1,SOUTHEND,ANTWERP,43,43,0,313,313,0,-86.26198
08/03/2018 10:42,2017,1,WESTERN EUROPE-EU,BELGIUM,1,STANSTED,BRUSSELS,366,366,0,0,0,0,0
08/03/2018 10:42,2017,1,WESTERN EUROPE-EU,BELGIUM,2,ABERDEEN,KORTRIJK/WEVELGEM,0,0,0,51,0,51,-100
08/03/2018 10:42,2017,1,WESTERN EUROPE-EU,BELGIUM,2,BELFAST CITY (GEORGE BEST),ANTWERP,0,0,0,152,152,0,-100
08/03/2018 10:42,2017,1,WESTERN EUROPE-EU,BELGIUM,2,BELFAST CITY (GEORGE BEST),BRUSSELS,3865,3865,0,19841,19841,0,-80.52014
08/03/2018 10:42,2017,1,WESTERN EUROPE-EU,BELGIUM,2,BELFAST INTERNATIONAL,ANTWERP,37,0,37,0,0,0,0
08/03/2018 10:42,2017,1,WESTERN EUROPE-EU,BELGIUM,2,BIRMINGHAM,ANTWERP,0,0,0,962,962,0,-100
08/03/2018 10:42,2017,1,WESTERN EUROPE-EU,BELGIUM,2,BIRMINGHAM,BRUSSELS,152510,152510,0,132995,132995,0,14.67348
08/03/2018 10:42,2017,1,WESTERN EUROPE-EU,BELGIUM,2,BIRMINGHAM,OSTEND,0,0,0,180,130,50,-100
08/03/2018 10:42,2017,1,WESTERN EUROPE-EU,BELGIUM,2,BRISTOL,ANTWERP,0,0,0,89,0,89,-100
08/03/2018 10:42,2017,1,WESTERN EUROPE-EU,BELGIUM,2,BRISTOL,BRUSSELS,60470,60470,0,56447,56447,0,7.12704
08/03/2018 10:42,2017,1,WESTERN EUROPE-EU,BELGIUM,2,CARDIFF WALES,BRUSSELS,178,178,0,51,51,0,249.01961
08/03/2018 10:42,2017,1,WESTERN EUROPE-EU,BELGIUM,2,CARDIFF WALES,OSTEND,0,0,0,248,0,248,-100
08/03/2018 10:42,2017,1,WESTERN EUROPE-EU,BELGIUM,2,DONCASTER SHEFFIELD,BRUSSELS,48,0,48,0,0,0,0
08/03/2018 10:42,2017,1,WESTERN EUROPE-EU,BELGIUM,2,EAST MIDLANDS INTERNATIONAL,BRUSSELS,23034,23034,0,14366,14366,0,60.33691
08/03/2018 10:42,2017,1,WESTERN EUROPE-EU,BELGIUM,2,EAST MIDLANDS INTERNATIONAL,OSTEND,0,0,0,266,132,134,-100
08/03/2018 10:42,2017,1,WESTERN EUROPE-EU,BELGIUM,2,EDINBURGH,ANTWERP,0,0,0,1212,1173,39,-100
08/03/2018 10:42,2017,1,WESTERN EUROPE-EU,BELGIUM,2,EDINBURGH,BRUSSELS,107943,107427,516,106685,106382,303,1.17917
08/03/2018 10:42,2017,1,WESTERN EUROPE-EU,BELGIUM,2,EDINBURGH,CHARLEROI,76543,76543,0,82129,82129,0,-6.8015
08/03/2018 10:42,2017,1,WESTERN EUROPE-EU,BELGIUM,2,EXETER,BRUSSELS,99,92,7,80,80,0,23.75
08/03/2018 10:42,2017,1,WESTERN EUROPE-EU,BELGIUM,2,GLASGOW,ANTWERP,100,0,100,39,0,39,156.41026
08/03/2018 10:42,2017,1,WESTERN EUROPE-EU,BELGIUM,2,GLASGOW,BRUSSELS,1182,0,1182,0,0,0,0
08/03/2018 10:42,2017,1,WESTERN EUROPE-EU,BELGIUM,2,GLASGOW,CHARLEROI,30645,30645,0,4623,4623,0,562.88125
08/03/2018 10:42,2017,1,WESTERN EUROPE-EU,BELGIUM,2,ISLE OF MAN,LIEGE,29,0,29,0,0,0,0
08/03/2018 10:42,2017,1,WESTERN EUROPE-EU,BELGIUM,2,JERSEY,ANTWERP,42,42,0,0,0,0,0
08/03/2018 10:42,2017,1,WESTERN EUROPE-EU,BELGIUM,2,LIVERPOOL (JOHN LENNON),ANTWERP,0,0,0,32,0,32,-100
08/03/2018 10:42,2017,1,WESTERN EUROPE-EU,BELGIUM,2,MANCHESTER,ANTWERP,0,0,0,703,703,0,-100
08/03/2018 10:42,2017,1,WESTERN EUROPE-EU,BELGIUM,2,MANCHESTER,BRUSSELS,215347,213779,1568,192836,192836,0,11.67365
08/03/2018 10:42,2017,1,WESTERN EUROPE-EU,BELGIUM,2,MANCHESTER,CHARLEROI,180907,180907,0,182653,182653,0,-0.95591
08/03/2018 10:42,2017,1,WESTERN EUROPE-EU,BELGIUM,2,MANCHESTER,OSTEND,0,0,0,57,0,57,-100
08/03/2018 10:42,2017,1,WESTERN EUROPE-EU,BELGIUM,2,NEWCASTLE,ANTWERP,0,0,0,88,0,88,-100
08/03/2018 10:42,2017,1,WESTERN EUROPE-EU,BELGIUM,2,NEWCASTLE,BRUSSELS,24038,24038,0,19431,19378,53,23.70954
08/03/2018 10:42,2017,1,WESTERN EUROPE-EU,BELGIUM,2,NEWCASTLE,LIEGE,0,0,0,6,0,6,-100
08/03/2018 10:42,2017,1,WESTERN EUROPE-EU,BELGIUM,2,PRESTWICK,BRUSSELS,83,0,83,0,0,0,0
08/03/2018 10:42,2017,1,WESTERN EUROPE-EU,BELGIUM,2,PRESTWICK,KORTRIJK/WEVELGEM,0,0,0,24,0,24,-100
08/03/2018 10:42,2017,1,WESTERN EUROPE-EU,BELGIUM,2,SOUTHAMPTON,ANTWERP,0,0,0,181,181,0,-100
08/03/2018 10:42,2017,1,WESTERN EUROPE-EU,BELGIUM,2,SOUTHAMPTON,OSTEND,44,0,44,0,0,0,0
08/03/2018 10:42,2017,1,WESTERN EUROPE-EU,CROATIA,1,GATWICK,DUBROVNIK,239366,238974,392,221326,220003,1323,8.15087
08/03/2018 10:42,2017,1,WESTERN EUROPE-EU,CROATIA,1,GATWICK,PULA,35321,19221,16100,44969,28127,16842,-21.45478
08/03/2018 10:42,2017,1,WESTERN EUROPE-EU,CROATIA,1,GATWICK,SPLIT,153495,144972,8523,150287,141776,8511,2.13458
08/03/2018 10:42,2017,1,WESTERN EUROPE-EU,CROATIA,1,GATWICK,ZAGREB,22260,22260,0,375,375,0,5836
08/03/2018 10:42,2017,1,WESTERN EUROPE-EU,CROATIA,1,HEATHROW,DUBROVNIK,0,0,0,143,143,0,-100
08/03/2018 10:42,2017,1,WESTERN EUROPE-EU,CROATIA,1,HEATHROW,PULA,7107,7107,0,0,0,0,0
08/03/2018 10:42,2017,1,WESTERN EUROPE-EU,CROATIA,1,HEATHROW,RIJEKA,4043,4043,0,2928,2928,0,38.0806
08/03/2018 10:42,2017,1,WESTERN EUROPE-EU,CROATIA,1,HEATHROW,SPLIT,32607,32607,0,32240,32240,0,1.13834
08/03/2018 10:42,2017,1,WESTERN EUROPE-EU,CROATIA,1,HEATHROW,ZAGREB,166287,166287,0,179912,179912,0,-7.57315
08/03/2018 10:42,2017,1,WESTERN EUROPE-EU,CROATIA,1,LUTON,DUBROVNIK,24462,24462,0,14018,13979,39,74.50421
08/03/2018 10:42,2017,1,WESTERN EUROPE-EU,CROATIA,1,LUTON,SPLIT,72525,72525,0,62532,62532,0,15.98062
08/03/2018 10:42,2017,1,WESTERN EUROPE-EU,CROATIA,1,LUTON,ZADAR,10671,10671,0,0,0,0,0
08/03/2018 10:42,2017,1,WESTERN EUROPE-EU,CROATIA,1,SOUTHEND,DUBROVNIK,5985,5985,0,0,0,0,0
08/03/2018 10:42,2017,1,WESTERN EUROPE-EU,CROATIA,1,SOUTHEND,ZADAR,4905,4905,0,0,0,0,0
08/03/2018 10:42,2017,1,WESTERN EUROPE-EU,CROATIA,1,STANSTED,DUBROVNIK,70277,69456,821,28837,28196,641,143.70427
08/03/2018 10:42,2017,1,WESTERN EUROPE-EU,CROATIA,1,STANSTED,OSIJEK,0,0,0,20702,20702,0,-100
08/03/2018 10:42,2017,1,WESTERN EUROPE-EU,CROATIA,1,STANSTED,PULA,37701,37701,0,23048,23048,0,63.57602
08/03/2018 10:42,2017,1,WESTERN EUROPE-EU,CROATIA,1,STANSTED,RIJEKA,11620,11620,0,10958,10958,0,6.04125
08/03/2018 10:42,2017,1,WESTERN EUROPE-EU,CROATIA,1,STANSTED,SPLIT,37704,37704,0,26774,26774,0,40.82319
08/03/2018 10:42,2017,1,WESTERN EUROPE-EU,CROATIA,1,STANSTED,ZADAR,41773,36346,5427,32662,32479,183,27.8948
08/03/2018 10:42,2017,1,WESTERN EUROPE-EU,CROATIA,2,BELFAST INTERNATIONAL,DUBROVNIK,17049,17049,0,5858,5858,0,191.0379
08/03/2018 10:42,2017,1,WESTERN EUROPE-EU,CROATIA,2,BELFAST INTERNATIONAL,SPLIT,12874,12578,296,5952,5658,294,116.29704
08/03/2018 10:42,2017,1,WESTERN EUROPE-EU,CROATIA,2,BELFAST INTERNATIONAL,ZAGREB,0,0,0,163,0,163,-100
08/03/2018 10:42,2017,1,WESTERN EUROPE-EU,CROATIA,2,BIRMINGHAM,DUBROVNIK,43775,43775,0,38061,37290,771,15.01274
08/03/2018 10:42,2017,1,WESTERN EUROPE-EU,CROATIA,2,BIRMINGHAM,PULA,15205,0,15205,14238,0,14238,6.79168
08/03/2018 10:42,2017,1,WESTERN EUROPE-EU,CROATIA,2,BIRMINGHAM,SPLIT,9351,9351,0,0,0,0,0
08/03/2018 10:42,2017,1,WESTERN EUROPE-EU,CROATIA,2,BIRMINGHAM,ZAGREB,0,0,0,121,0,121,-100
08/03/2018 10:42,2017,1,WESTERN EUROPE-EU,CROATIA,2,BRISTOL,DUBROVNIK,27484,27484,0,22942,21469,1473,19.79775
08/03/2018 10:42,2017,1,WESTERN EUROPE-EU,CROATIA,2,BRISTOL,PULA,21345,6062,15283,6985,0,6985,205.58339
08/03/2018 10:42,2017,1,WESTERN EUROPE-EU,CROATIA,2,BRISTOL,SPLIT,29881,29881,0,18474,18474,0,61.74624
08/03/2018 10:42,2017,1,WESTERN EUROPE-EU,CROATIA,2,BRISTOL,ZADAR,19134,19134,0,0,0,0,0
08/03/2018 10:42,2017,1,WESTERN EUROPE-EU,CROATIA,2,CARDIFF WALES,ZAGREB,131,131,0,0,0,0,0
08/03/2018 10:42,2017,1,WESTERN EUROPE-EU,CROATIA,2,DONCASTER SHEFFIELD,DUBROVNIK,9452,9452,0,0,0,0,0
08/03/2018 10:42,2017,1,WESTERN EUROPE-EU,CROATIA,2,EAST MIDLANDS INTERNATIONAL,DUBROVNIK,14568,14568,0,14241,13893,348,2.29619
08/03/2018 10:42,2017,1,WESTERN EUROPE-EU,CROATIA,2,EAST MIDLANDS INTERNATIONAL,PULA,6011,0,6011,6177,0,6177,-2.68739
08/03/2018 10:42,2017,1,WESTERN EUROPE-EU,CROATIA,2,EAST MIDLANDS INTERNATIONAL,SPLIT,6542,6542,0,0,0,0,0
08/03/2018 10:42,2017,1,WESTERN EUROPE-EU,CROATIA,2,EDINBURGH,DUBROVNIK,40123,40123,0,29897,29897,0,34.2041
08/03/2018 10:42,2017,1,WESTERN EUROPE-EU,CROATIA,2,EDINBURGH,PULA,17930,11312,6618,4761,4761,0,276.60155
08/03/2018 10:42,2017,1,WESTERN EUROPE-EU,CROATIA,2,EDINBURGH,SPLIT,11729,11729,0,4905,4905,0,139.12334
08/03/2018 10:42,2017,1,WESTERN EUROPE-EU,CROATIA,2,EDINBURGH,ZAGREB,0,0,0,342,0,342,-100
08/03/2018 10:42,2017,1,WESTERN EUROPE-EU,CROATIA,2,GLASGOW,DUBROVNIK,19344,8721,10623,10888,5486,5402,77.66348
08/03/2018 10:42,2017,1,WESTERN EUROPE-EU,CROATIA,2,GLASGOW,SPLIT,14937,14646,291,11422,11422,0,30.77395
08/03/2018 10:42,2017,1,WESTERN EUROPE-EU,CROATIA,2,GLASGOW,ZADAR,5628,5628,0,0,0,0,0
08/03/2018 10:42,2017,1,WESTERN EUROPE-EU,CROATIA,2,HUMBERSIDE,DUBROVNIK,93,0,93,90,0,90,3.33333
08/03/2018 10:42,2017,1,WESTERN EUROPE-EU,CROATIA,2,LEEDS BRADFORD,DUBROVNIK,18141,18127,14,14230,14230,0,27.48419
08/03/2018 10:42,2017,1,WESTERN EUROPE-EU,CROATIA,2,LEEDS BRADFORD,PULA,10848,10848,0,5226,5226,0,107.5775
08/03/2018 10:42,2017,1,WESTERN EUROPE-EU,CROATIA,2,LEEDS BRADFORD,SPLIT,11478,11478,0,5776,5776,0,98.71884
08/03/2018 10:42,2017,1,WESTERN EUROPE-EU,CROATIA,2,LIVERPOOL (JOHN LENNON),SPLIT,339,0,339,0,0,0,0
08/03/2018 10:42,2017,1,WESTERN EUROPE-EU,CROATIA,2,LIVERPOOL (JOHN LENNON),ZADAR,148,148,0,0,0,0,0
08/03/2018 10:42,2017,1,WESTERN EUROPE-EU,CROATIA,2,MANCHESTER,DUBROVNIK,100142,99057,1085,60068,59672,396,66.71439
08/03/2018 10:42,2017,1,WESTERN EUROPE-EU,CROATIA,2,MANCHESTER,PULA,37210,19800,17410,28388,13255,15133,31.07651
08/03/2018 10:42,2017,1,WESTERN EUROPE-EU,CROATIA,2,MANCHESTER,RIJEKA,170,0,170,0,0,0,0
08/03/2018 10:42,2017,1,WESTERN EUROPE-EU,CROATIA,2,MANCHESTER,SPLIT,67532,59542,7990,35545,27029,8516,89.99015
08/03/2018 10:42,2017,1,WESTERN EUROPE-EU,CROATIA,2,MANCHESTER,ZADAR,15709,12371,3338,16054,14948,1106,-2.149
08/03/2018 10:42,2017,1,WESTERN EUROPE-EU,CROATIA,2,MANCHESTER,ZAGREB,11397,11288,109,0,0,0,0
08/03/2018 10:42,2017,1,WESTERN EUROPE-EU,CROATIA,2,NEWCASTLE,DUBROVNIK,13452,13452,0,19590,19590,0,-31.33231
08/03/2018 10:42,2017,1,WESTERN EUROPE-EU,CROATIA,2,NEWCASTLE,SPLIT,6688,6688,0,6699,6699,0,-0.1642
08/03/2018 10:42,2017,1,WESTERN EUROPE-EU,CROATIA,2,SOUTHAMPTON,DUBROVNIK,148,148,0,0,0,0,0
08/03/2018 10:42,2017,1,WESTERN EUROPE-EU,CYPRUS,1,GATWICK,LARNACA,299600,238537,61063,283878,229224,54654,5.53829
08/03/2018 10:42,2017,1,WESTERN EUROPE-EU,CYPRUS,1,GATWICK,PAPHOS,403465,294313,109152,395399,293918,101481,2.03996
08/03/2018 10:42,2017,1,WESTERN EUROPE-EU,CYPRUS,1,HEATHROW,LARNACA,299292,299292,0,306994,306994,0,-2.50884
08/03/2018 10:42,2017,1,WESTERN EUROPE-EU,CYPRUS,1,LUTON,LARNACA,85998,76491,9507,81058,71912,9146,6.0944
08/03/2018 10:42,2017,1,WESTERN EUROPE-EU,CYPRUS,1,LUTON,PAPHOS,113018,78876,34142,97412,61974,35438,16.02061
08/03/2018 10:42,2017,1,WESTERN EUROPE-EU,CYPRUS,1,STANSTED,LARNACA,67632,57478,10154,49805,49805,0,35.7936
08/03/2018 10:42,2017,1,WESTERN EUROPE-EU,CYPRUS,1,STANSTED,PAPHOS,185723,154384,31339,167666,131368,36298,10.76963
08/03/2018 10:42,2017,1,WESTERN EUROPE-EU,CYPRUS,2,ABERDEEN,LARNACA,286,0,286,0,0,0,0
08/03/2018 10:42,2017,1,WESTERN EUROPE-EU,CYPRUS,2,BELFAST INTERNATIONAL,LARNACA,18096,0,18096,19162,0,19162,-5.56309
08/03/2018 10:42,2017,1,WESTERN EUROPE-EU,CYPRUS,2,BIRMINGHAM,LARNACA,136427,113710,22717,121834,96043,25791,11.97777
08/03/2018 10:42,2017,1,WESTERN EUROPE-EU,CYPRUS,2,BIRMINGHAM,PAPHOS,104814,62717,42097,80264,35233,45031,30.58656
08/03/2018 10:42,2017,1,WESTERN EUROPE-EU,CYPRUS,2,BOURNEMOUTH,PAPHOS,13711,371,13340,14079,0,14079,-2.61382
08/03/2018 10:42,2017,1,WESTERN EUROPE-EU,CYPRUS,2,BRISTOL,LARNACA,42023,22917,19106,41821,20688,21133,0.48301
08/03/2018 10:42,2017,1,WESTERN EUROPE-EU,CYPRUS,2,BRISTOL,PAPHOS,75219,50155,25064,61517,44771,16746,22.27352
08/03/2018 10:42,2017,1,WESTERN EUROPE-EU,CYPRUS,2,CARDIFF WALES,LARNACA,17219,0,17219,18212,0,18212,-5.45245
08/03/2018 10:42,2017,1,WESTERN EUROPE-EU,CYPRUS,2,CARDIFF WALES,PAPHOS,14056,360,13696,14335,0,14335,-1.94629
08/03/2018 10:42,2017,1,WESTERN EUROPE-EU,CYPRUS,2,DONCASTER SHEFFIELD,LARNACA,9045,0,9045,7976,0,7976,13.40271
08/03/2018 10:42,2017,1,WESTERN EUROPE-EU,CYPRUS,2,DONCASTER SHEFFIELD,PAPHOS,22913,0,22913,24156,0,24156,-5.14572
08/03/2018 10:42,2017,1,WESTERN EUROPE-EU,CYPRUS,2,EAST MIDLANDS INTERNATIONAL,LARNACA,42678,31487,11191,29318,19924,9394,45.56927
08/03/2018 10:42,2017,1,WESTERN EUROPE-EU,CYPRUS,2,EAST MIDLANDS INTERNATIONAL,PAPHOS,65410,42608,22802,67560,41411,26149,-3.18236
08/03/2018 10:42,2017,1,WESTERN EUROPE-EU,CYPRUS,2,EDINBURGH,LARNACA,17482,8890,8592,16402,7807,8595,6.58456
08/03/2018 10:42,2017,1,WESTERN EUROPE-EU,CYPRUS,2,EDINBURGH,PAPHOS,64727,47474,17253,54083,41141,12942,19.68086
08/03/2018 10:42,2017,1,WESTERN EUROPE-EU,CYPRUS,2,EXETER,LARNACA,10608,0,10608,9379,0,9379,13.10374
08/03/2018 10:42,2017,1,WESTERN EUROPE-EU,CYPRUS,2,EXETER,PAPHOS,12371,0,12371,13823,0,13823,-10.50423
08/03/2018 10:42,2017,1,WESTERN EUROPE-EU,CYPRUS,2,GLASGOW,LARNACA,43097,23357,19740,41895,19472,22423,2.86908
08/03/2018 10:42,2017,1,WESTERN EUROPE-EU,CYPRUS,2,GLASGOW,PAPHOS,49769,24855,24914,50017,20062,29955,-0.49583
08/03/2018 10:42,2017,1,WESTERN EUROPE-EU,CYPRUS,2,LEEDS BRADFORD,LARNACA,43886,43562,324,36575,36575,0,19.98906
08/03/2018 10:42,2017,1,WESTERN EUROPE-EU,CYPRUS,2,LEEDS BRADFORD,PAPHOS,45932,38113,7819,34611,26015,8596,32.70925
08/03/2018 10:42,2017,1,WESTERN EUROPE-EU,CYPRUS,2,LIVERPOOL (JOHN LENNON),LARNACA,40073,39851,222,35083,35083,0,14.22341
08/03/2018 10:42,2017,1,WESTERN EUROPE-EU,CYPRUS,2,MANCHESTER,LARNACA,154462,104566,49896,147654,89193,58461,4.61078
08/03/2018 10:42,2017,1,WESTERN EUROPE-EU,CYPRUS,2,MANCHESTER,PAPHOS,331479,227732,103747,299897,201239,98658,10.53095
08/03/2018 10:42,2017,1,WESTERN EUROPE-EU,CYPRUS,2,NEWCASTLE,LARNACA,48546,48546,0,45600,45416,184,6.46053
08/03/2018 10:42,2017,1,WESTERN EUROPE-EU,CYPRUS,2,NEWCASTLE,PAPHOS,57906,57906,0,50092,47542,2550,15.5993
08/03/2018 10:42,2017,1,WESTERN EUROPE-EU,CYPRUS,2,NORWICH,PAPHOS,7095,0,7095,0,0,0,0
08/03/2018 10:42,2017,1,WESTERN EUROPE-EU,DENMARK,1,GATWICK,AALBORG,40380,40380,0,33694,33694,0,19.8433
08/03/2018 10:42,2017,1,WESTERN EUROPE-EU,DENMARK,1,GATWICK,BILLUND,55,54,1,0,0,0,0
08/03/2018 10:42,2017,1,WESTERN EUROPE-EU,DENMARK,1,GATWICK,COPENHAGEN,808511,808276,235,777585,777584,1,3.97719
08/03/2018 10:42,2017,1,WESTERN EUROPE-EU,DENMARK,1,HEATHROW,BILLUND,124523,124523,0,82007,82007,0,51.84435
08/03/2018 10:42,2017,1,WESTERN EUROPE-EU,DENMARK,1,HEATHROW,COPENHAGEN,982928,982928,0,949566,949566,0,3.51339
08/03/2018 10:42,2017,1,WESTERN EUROPE-EU,DENMARK,1,LONDON CITY,BILLUND,18979,18979,0,19457,19457,0,-2.4567
08/03/2018 10:42,2017,1,WESTERN EUROPE-EU,DENMARK,1,LUTON,AARHUS (TIRSTRUP),0,0,0,27,0,27,-100
08/03/2018 10:42,2017,1,WESTERN EUROPE-EU,DENMARK,1,LUTON,COPENHAGEN,266867,266855,12,767732,767723,9,-65.23956
08/03/2018 10:42,2017,1,WESTERN EUROPE-EU,DENMARK,1,SOUTHEND,BILLUND,99,99,0,324,287,37,-69.44444
08/03/2018 10:42,2017,1,WESTERN EUROPE-EU,DENMARK,1,STANSTED,AALBORG,15968,15968,0,0,0,0,0
08/03/2018 10:42,2017,1,WESTERN EUROPE-EU,DENMARK,1,STANSTED,AARHUS (TIRSTRUP),95819,95819,0,95795,95795,0,0.02505
08/03/2018 10:42,2017,1,WESTERN EUROPE-EU,DENMARK,1,STANSTED,BILLUND,213239,213239,0,211729,211729,0,0.71318
08/03/2018 10:42,2017,1,WESTERN EUROPE-EU,DENMARK,1,STANSTED,COPENHAGEN,263371,263109,262,377,0,377,69759.6817
08/03/2018 10:42,2017,1,WESTERN EUROPE-EU,DENMARK,2,ABERDEEN,COPENHAGEN,26394,26394,0,39198,39198,0,-32.66493
08/03/2018 10:42,2017,1,WESTERN EUROPE-EU,DENMARK,2,ABERDEEN,ESBJERG,9082,9082,0,7416,7400,16,22.46494
08/03/2018 10:42,2017,1,WESTERN EUROPE-EU,DENMARK,2,BELFAST CITY (GEORGE BEST),COPENHAGEN,0,0,0,95,0,95,-100
08/03/2018 10:42,2017,1,WESTERN EUROPE-EU,DENMARK,2,BELFAST INTERNATIONAL,COPENHAGEN,0,0,0,129,0,129,-100
08/03/2018 10:42,2017,1,WESTERN EUROPE-EU,DENMARK,2,BIRMINGHAM,AARHUS (TIRSTRUP),42,0,42,0,0,0,0
08/03/2018 10:42,2017,1,WESTERN EUROPE-EU,DENMARK,2,BIRMINGHAM,COPENHAGEN,84314,84314,0,95434,95434,0,-11.65203
08/03/2018 10:42,2017,1,WESTERN EUROPE-EU,DENMARK,2,BOURNEMOUTH,BILLUND,0,0,0,31,31,0,-100
08/03/2018 10:42,2017,1,WESTERN EUROPE-EU,DENMARK,2,BRISTOL,COPENHAGEN,32493,32493,0,31156,31156,0,4.29131
08/03/2018 10:42,2017,1,WESTERN EUROPE-EU,DENMARK,2,CARDIFF WALES,COPENHAGEN,0,0,0,300,300,0,-100
08/03/2018 10:42,2017,1,WESTERN EUROPE-EU,DENMARK,2,CITY OF DERRY (EGLINTON),KARUP,130,0,130,0,0,0,0
08/03/2018 10:42,2017,1,WESTERN EUROPE-EU,DENMARK,2,EAST MIDLANDS INTERNATIONAL,COPENHAGEN,179,179,0,2116,0,2116,-91.54064
08/03/2018 10:42,2017,1,WESTERN EUROPE-EU,DENMARK,2,EDINBURGH,COPENHAGEN,230461,230461,0,250778,250611,167,-8.10159
08/03/2018 10:42,2017,1,WESTERN EUROPE-EU,DENMARK,2,EDINBURGH,ODENSE,428,0,428,439,0,439,-2.50569
08/03/2018 10:42,2017,1,WESTERN EUROPE-EU,DENMARK,2,EDINBURGH,ROSKILDE,0,0,0,170,0,170,-100
08/03/2018 10:42,2017,1,WESTERN EUROPE-EU,DENMARK,2,EXETER,COPENHAGEN,314,314,0,0,0,0,0
08/03/2018 10:42,2017,1,WESTERN EUROPE-EU,DENMARK,2,GLASGOW,COPENHAGEN,107,107,0,32,0,32,234.375
08/03/2018 10:42,2017,1,WESTERN EUROPE-EU,DENMARK,2,GLASGOW,ESBJERG,0,0,0,277,0,277,-100
08/03/2018 10:42,2017,1,WESTERN EUROPE-EU,DENMARK,2,GLASGOW,KARUP,0,0,0,37,0,37,-100
08/03/2018 10:42,2017,1,WESTERN EUROPE-EU,DENMARK,2,HUMBERSIDE,AALBORG,0,0,0,2229,2122,107,-100
08/03/2018 10:42,2017,1,WESTERN EUROPE-EU,DENMARK,2,HUMBERSIDE,BILLUND,0,0,0,359,283,76,-100
08/03/2018 10:42,2017,1,WESTERN EUROPE-EU,DENMARK,2,JERSEY,BILLUND,0,0,0,277,277,0,-100
08/03/2018 10:42,2017,1,WESTERN EUROPE-EU,DENMARK,2,JERSEY,COPENHAGEN,0,0,0,1160,1160,0,-100
08/03/2018 10:42,2017,1,WESTERN EUROPE-EU,DENMARK,2,JERSEY,ODENSE,0,0,0,118,59,59,-100
08/03/2018 10:42,2017,1,WESTERN EUROPE-EU,DENMARK,2,LEEDS BRADFORD,COPENHAGEN,290,290,0,275,275,0,5.45455
08/03/2018 10:42,2017,1,WESTERN EUROPE-EU,DENMARK,2,LIVERPOOL (JOHN LENNON),BILLUND,63,63,0,0,0,0,0
08/03/2018 10:42,2017,1,WESTERN EUROPE-EU,DENMARK,2,LIVERPOOL (JOHN LENNON),ODENSE,64,64,0,0,0,0,0
08/03/2018 10:42,2017,1,WESTERN EUROPE-EU,DENMARK,2,MANCHESTER,AARHUS (TIRSTRUP),0,0,0,80,0,80,-100
08/03/2018 10:42,2017,1,WESTERN EUROPE-EU,DENMARK,2,MANCHESTER,BILLUND,24715,24715,0,23989,23213,776,3.02639
08/03/2018 10:42,2017,1,WESTERN EUROPE-EU,DENMARK,2,MANCHESTER,COPENHAGEN,326808,326650,158,334894,334894,0,-2.4145
08/03/2018 10:42,2017,1,WESTERN EUROPE-EU,DENMARK,2,MANCHESTER,KARUP,29,0,29,602,0,602,-95.18272
08/03/2018 10:42,2017,1,WESTERN EUROPE-EU,DENMARK,2,NEWCASTLE,BILLUND,93,0,93,95,0,95,-2.10526
08/03/2018 10:42,2017,1,WESTERN EUROPE-EU,DENMARK,2,NEWCASTLE,COPENHAGEN,13590,13556,34,22371,22371,0,-39.25171
08/03/2018 10:42,2017,1,WESTERN EUROPE-EU,DENMARK,2,NEWQUAY,BILLUND,0,0,0,33,0,33,-100
08/03/2018 10:42,2017,1,WESTERN EUROPE-EU,FINLAND,1,GATWICK,ENONTEKIO,4791,0,4791,5058,0,5058,-5.27877
08/03/2018 10:42,2017,1,WESTERN EUROPE-EU,FINLAND,1,GATWICK,HELSINKI,232720,232720,0,226870,226681,189,2.57857
08/03/2018 10:42,2017,1,WESTERN EUROPE-EU,FINLAND,1,GATWICK,IVALO,11891,1773,10118,9043,0,9043,31.49397
08/03/2018 10:42,2017,1,WESTERN EUROPE-EU,FINLAND,1,GATWICK,KITTILA,28832,6571,22261,18825,3504,15321,53.15803
08/03/2018 10:42,2017,1,WESTERN EUROPE-EU,FINLAND,1,GATWICK,KUUSAMO,3991,0,3991,4201,0,4201,-4.99881
08/03/2018 10:42,2017,1,WESTERN EUROPE-EU,FINLAND,1,GATWICK,ROVANIEMI,29443,19007,10436,17448,3903,13545,68.74713
08/03/2018 10:42,2017,1,WESTERN EUROPE-EU,FINLAND,1,HEATHROW,HELSINKI,714261,714261,0,677413,677263,150,5.43952
08/03/2018 10:42,2017,1,WESTERN EUROPE-EU,FINLAND,1,LUTON,ENONTEKIO,0,0,0,202,0,202,-100
08/03/2018 10:42,2017,1,WESTERN EUROPE-EU,FINLAND,1,LUTON,IVALO,719,0,719,886,0,886,-18.84876
08/03/2018 10:42,2017,1,WESTERN EUROPE-EU,FINLAND,1,LUTON,SEINAJOKI,42,0,42,0,0,0,0
08/03/2018 10:42,2017,1,WESTERN EUROPE-EU,FINLAND,1,LUTON,VAASA,0,0,0,21,0,21,-100
08/03/2018 10:42,2017,1,WESTERN EUROPE-EU,FINLAND,1,STANSTED,ENONTEKIO,2447,0,2447,1510,0,1510,62.05298
08/03/2018 10:42,2017,1,WESTERN EUROPE-EU,FINLAND,1,STANSTED,HELSINKI,0,0,0,162,0,162,-100
08/03/2018 10:42,2017,1,WESTERN EUROPE-EU,FINLAND,1,STANSTED,IVALO,1805,0,1805,1443,0,1443,25.08663
08/03/2018 10:42,2017,1,WESTERN EUROPE-EU,FINLAND,1,STANSTED,KITTILA,734,0,734,1179,0,1179,-37.74385
08/03/2018 10:42,2017,1,WESTERN EUROPE-EU,FINLAND,1,STANSTED,ROVANIEMI,1196,436,760,376,0,376,218.08511
08/03/2018 10:42,2017,1,WESTERN EUROPE-EU,FINLAND,1,STANSTED,TAMPERE,98,0,98,0,0,0,0
08/03/2018 10:42,2017,1,WESTERN EUROPE-EU,FINLAND,2,ABERDEEN,ENONTEKIO,370,0,370,372,0,372,-0.53763
08/03/2018 10:42,2017,1,WESTERN EUROPE-EU,FINLAND,2,ABERDEEN,IVALO,354,0,354,332,0,332,6.62651
08/03/2018 10:42,2017,1,WESTERN EUROPE-EU,FINLAND,2,BELFAST INTERNATIONAL,ENONTEKIO,704,0,704,374,0,374,88.23529
08/03/2018 10:42,2017,1,WESTERN EUROPE-EU,FINLAND,2,BELFAST INTERNATIONAL,IVALO,358,0,358,358,0,358,0
08/03/2018 10:42,2017,1,WESTERN EUROPE-EU,FINLAND,2,BELFAST INTERNATIONAL,KUOPIO,2,0,2,0,0,0,0
08/03/2018 10:42,2017,1,WESTERN EUROPE-EU,FINLAND,2,BELFAST INTERNATIONAL,ROVANIEMI,1754,0,1754,1702,0,1702,3.05523
08/03/2018 10:42,2017,1,WESTERN EUROPE-EU,FINLAND,2,BIRMINGHAM,ENONTEKIO,2572,0,2572,2384,167,2217,7.88591
08/03/2018 10:42,2017,1,WESTERN EUROPE-EU,FINLAND,2,BIRMINGHAM,IVALO,1864,0,1864,1417,0,1417,31.54552
08/03/2018 10:42,2017,1,WESTERN EUROPE-EU,FINLAND,2,BIRMINGHAM,KITTILA,378,0,378,3065,0,3065,-87.66721
08/03/2018 10:42,2017,1,WESTERN EUROPE-EU,FINLAND,2,BIRMINGHAM,ROVANIEMI,5229,1316,3913,3808,0,3808,37.31618
08/03/2018 10:42,2017,1,WESTERN EUROPE-EU,FINLAND,2,BOURNEMOUTH,ENONTEKIO,378,0,378,372,0,372,1.6129
08/03/2018 10:42,2017,1,WESTERN EUROPE-EU,FINLAND,2,BOURNEMOUTH,HELSINKI,0,0,0,184,184,0,-100
08/03/2018 10:42,2017,1,WESTERN EUROPE-EU,FINLAND,2,BOURNEMOUTH,IVALO,706,0,706,714,0,714,-1.12045
08/03/2018 10:42,2017,1,WESTERN EUROPE-EU,FINLAND,2,BOURNEMOUTH,KITTILA,371,0,371,376,0,376,-1.32979
08/03/2018 10:42,2017,1,WESTERN EUROPE-EU,FINLAND,2,BRISTOL,ENONTEKIO,1304,0,1304,1461,0,1461,-10.74606
08/03/2018 10:42,2017,1,WESTERN EUROPE-EU,FINLAND,2,BRISTOL,IVALO,1493,0,1493,1097,0,1097,36.09845
08/03/2018 10:42,2017,1,WESTERN EUROPE-EU,FINLAND,2,BRISTOL,KITTILA,9578,0,9578,8701,0,8701,10.0793
08/03/2018 10:42,2017,1,WESTERN EUROPE-EU,FINLAND,2,BRISTOL,ROVANIEMI,1747,1298,449,0,0,0,0
08/03/2018 10:42,2017,1,WESTERN EUROPE-EU,FINLAND,2,CARDIFF WALES,ENONTEKIO,187,0,187,378,0,378,-50.5291
08/03/2018 10:42,2017,1,WESTERN EUROPE-EU,FINLAND,2,CARDIFF WALES,IVALO,358,0,358,358,0,358,0
08/03/2018 10:42,2017,1,WESTERN EUROPE-EU,FINLAND,2,DONCASTER SHEFFIELD,ENONTEKIO,722,0,722,702,0,702,2.849
08/03/2018 10:42,2017,1,WESTERN EUROPE-EU,FINLAND,2,DONCASTER SHEFFIELD,KITTILA,375,0,375,391,0,391,-4.09207
08/03/2018 10:42,2017,1,WESTERN EUROPE-EU,FINLAND,2,DONCASTER SHEFFIELD,ROVANIEMI,0,0,0,388,0,388,-100
08/03/2018 10:42,2017,1,WESTERN EUROPE-EU,FINLAND,2,DURHAM TEES VALLEY,ENONTEKIO,379,0,379,0,0,0,0
08/03/2018 10:42,2017,1,WESTERN EUROPE-EU,FINLAND,2,EAST MIDLANDS INTERNATIONAL,ENONTEKIO,1261,0,1261,704,0,704,79.11932
08/03/2018 10:42,2017,1,WESTERN EUROPE-EU,FINLAND,2,EAST MIDLANDS INTERNATIONAL,IVALO,900,0,900,360,180,180,150
08/03/2018 10:42,2017,1,WESTERN EUROPE-EU,FINLAND,2,EAST MIDLANDS INTERNATIONAL,KITTILA,3551,543,3008,815,0,815,335.70552
08/03/2018 10:42,2017,1,WESTERN EUROPE-EU,FINLAND,2,EAST MIDLANDS INTERNATIONAL,ROVANIEMI,1473,1305,168,756,218,538,94.84127
08/03/2018 10:42,2017,1,WESTERN EUROPE-EU,FINLAND,2,EAST MIDLANDS INTERNATIONAL,TURKU,36,0,36,0,0,0,0
08/03/2018 10:42,2017,1,WESTERN EUROPE-EU,FINLAND,2,EDINBURGH,ENONTEKIO,748,0,748,750,0,750,-0.26667
08/03/2018 10:42,2017,1,WESTERN EUROPE-EU,FINLAND,2,EDINBURGH,HELSINKI,31094,31094,0,24625,24076,549,26.27005
08/03/2018 10:42,2017,1,WESTERN EUROPE-EU,FINLAND,2,EDINBURGH,IVALO,360,0,360,358,0,358,0.55866
08/03/2018 10:42,2017,1,WESTERN EUROPE-EU,FINLAND,2,EDINBURGH,KITTILA,372,0,372,365,0,365,1.91781
08/03/2018 10:42,2017,1,WESTERN EUROPE-EU,FINLAND,2,EXETER,ENONTEKIO,376,0,376,0,0,0,0
08/03/2018 10:42,2017,1,WESTERN EUROPE-EU,FINLAND,2,EXETER,IVALO,362,0,362,356,0,356,1.68539
08/03/2018 10:42,2017,1,WESTERN EUROPE-EU,FINLAND,2,EXETER,KITTILA,0,0,0,374,0,374,-100
08/03/2018 10:42,2017,1,WESTERN EUROPE-EU,FINLAND,2,EXETER,ROVANIEMI,378,0,378,0,0,0,0
08/03/2018 10:42,2017,1,WESTERN EUROPE-EU,FINLAND,2,GLASGOW,ENONTEKIO,1060,0,1060,1031,0,1031,2.8128
08/03/2018 10:42,2017,1,WESTERN EUROPE-EU,FINLAND,2,GLASGOW,IVALO,708,0,708,1068,0,1068,-33.70787
08/03/2018 10:42,2017,1,WESTERN EUROPE-EU,FINLAND,2,GLASGOW,KITTILA,1418,550,868,368,0,368,285.32609
08/03/2018 10:42,2017,1,WESTERN EUROPE-EU,FINLAND,2,GLASGOW,ROVANIEMI,3459,440,3019,2811,0,2811,23.05229
08/03/2018 10:42,2017,1,WESTERN EUROPE-EU,FINLAND,2,HUMBERSIDE,ENONTEKIO,376,0,376,376,0,376,0
08/03/2018 10:42,2017,1,WESTERN EUROPE-EU,FINLAND,2,LEEDS BRADFORD,ENONTEKIO,1428,0,1428,1087,0,1087,31.37075
08/03/2018 10:42,2017,1,WESTERN EUROPE-EU,FINLAND,2,LEEDS BRADFORD,IVALO,1080,0,1080,1063,0,1063,1.59925
08/03/2018 10:42,2017,1,WESTERN EUROPE-EU,FINLAND,2,LIVERPOOL (JOHN LENNON),ENONTEKIO,376,0,376,0,0,0,0
08/03/2018 10:42,2017,1,WESTERN EUROPE-EU,FINLAND,2,LIVERPOOL (JOHN LENNON),IVALO,895,0,895,1056,0,1056,-15.24621
08/03/2018 10:42,2017,1,WESTERN EUROPE-EU,FINLAND,2,MANCHESTER,ENONTEKIO,3531,420,3111,3219,0,3219,9.69245
08/03/2018 10:42,2017,1,WESTERN EUROPE-EU,FINLAND,2,MANCHESTER,HELSINKI,117154,117125,29,105493,105253,240,11.05381
08/03/2018 10:42,2017,1,WESTERN EUROPE-EU,FINLAND,2,MANCHESTER,IVALO,8733,0,8733,7471,0,7471,16.89198
08/03/2018 10:42,2017,1,WESTERN EUROPE-EU,FINLAND,2,MANCHESTER,KITTILA,23414,2575,20839,20931,4731,16200,11.86279
08/03/2018 10:42,2017,1,WESTERN EUROPE-EU,FINLAND,2,MANCHESTER,KUUSAMO,4120,0,4120,3578,0,3578,15.14813
08/03/2018 10:42,2017,1,WESTERN EUROPE-EU,FINLAND,2,MANCHESTER,ROVANIEMI,12005,6010,5995,9028,0,9028,32.97519
08/03/2018 10:42,2017,1,WESTERN EUROPE-EU,FINLAND,2,NEWCASTLE,ENONTEKIO,376,376,0,378,378,0,-0.5291
08/03/2018 10:42,2017,1,WESTERN EUROPE-EU,FINLAND,2,NEWCASTLE,HELSINKI,112,0,112,0,0,0,0
08/03/2018 10:42,2017,1,WESTERN EUROPE-EU,FINLAND,2,NEWCASTLE,IVALO,712,712,0,1035,1035,0,-31.20773
08/03/2018 10:42,2017,1,WESTERN EUROPE-EU,FINLAND,2,NEWCASTLE,KITTILA,2616,2616,0,3009,3009,0,-13.06082
08/03/2018 10:42,2017,1,WESTERN EUROPE-EU,FINLAND,2,NEWCASTLE,ROVANIEMI,1672,1672,0,1258,1258,0,32.90938
08/03/2018 10:42,2017,1,WESTERN EUROPE-EU,FINLAND,2,NORWICH,IVALO,356,0,356,0,0,0,0
08/03/2018 10:42,2017,1,WESTERN EUROPE-EU,FINLAND,2,SOUTHAMPTON,ENONTEKIO,752,0,752,682,0,682,10.26393
08/03/2018 10:42,2017,1,WESTERN EUROPE-EU,FINLAND,2,SOUTHAMPTON,IVALO,306,0,306,300,0,300,2
08/03/2018 10:42,2017,1,WESTERN EUROPE-EU,FRANCE,1,GATWICK,AJACCIO,6935,6935,0,7746,7568,178,-10.46992
08/03/2018 10:42,2017,1,WESTERN EUROPE-EU,FRANCE,1,GATWICK,BASTIA,11196,11196,0,10992,10992,0,1.8559
08/03/2018 10:42,2017,1,WESTERN EUROPE-EU,FRANCE,1,GATWICK,BIARRITZ,28785,28785,0,24547,24546,1,17.26484
08/03/2018 10:42,2017,1,WESTERN EUROPE-EU,FRANCE,1,GATWICK,BORDEAUX,294040,294040,0,313399,313397,2,-6.17711
08/03/2018 10:42,2017,1,WESTERN EUROPE-EU,FRANCE,1,GATWICK,CANNES,3,0,3,0,0,0,0
08/03/2018 10:42,2017,1,WESTERN EUROPE-EU,FRANCE,1,GATWICK,CHAMBERY,44340,0,44340,46781,0,46781,-5.21793
08/03/2018 10:42,2017,1,WESTERN EUROPE-EU,FRANCE,1,GATWICK,CHATEAUROUX DEOLS,8,0,8,0,0,0,0
08/03/2018 10:42,2017,1,WESTERN EUROPE-EU,FRANCE,1,GATWICK,FIGARI,7239,7239,0,4576,4576,0,58.19493
08/03/2018 10:42,2017,1,WESTERN EUROPE-EU,FRANCE,1,GATWICK,GRENOBLE,129318,54645,74673,125656,57000,68656,2.91431
08/03/2018 10:42,2017,1,WESTERN EUROPE-EU,FRANCE,1,GATWICK,LA ROCHELLE,28680,28680,0,23307,23307,0,23.05316
08/03/2018 10:42,2017,1,WESTERN EUROPE-EU,FRANCE,1,GATWICK,LE HAVRE,0,0,0,202,0,202,-100
08/03/2018 10:42,2017,1,WESTERN EUROPE-EU,FRANCE,1,GATWICK,LIMOGES,13856,13856,0,0,0,0,0
08/03/2018 10:42,2017,1,WESTERN EUROPE-EU,FRANCE,1,GATWICK,LYON,213213,204023,9190,213720,190325,23395,-0.23723
08/03/2018 10:42,2017,1,WESTERN EUROPE-EU,FRANCE,1,GATWICK,MARSEILLE,154380,154380,0,152311,152311,0,1.3584
08/03/2018 10:42,2017,1,WESTERN EUROPE-EU,FRANCE,1,GATWICK,MONTPELLIER,146562,146562,0,138595,138595,0,5.7484
08/03/2018 10:42,2017,1,WESTERN EUROPE-EU,FRANCE,1,GATWICK,NANTES,162127,162127,0,143931,143857,74,12.64217
08/03/2018 10:42,2017,1,WESTERN EUROPE-EU,FRANCE,1,GATWICK,NICE,622783,621878,905,594693,593314,1379,4.72345
08/03/2018 10:42,2017,1,WESTERN EUROPE-EU,FRANCE,1,GATWICK,NIMES,18,0,18,0,0,0,0
08/03/2018 10:42,2017,1,WESTERN EUROPE-EU,FRANCE,1,GATWICK,PARIS (CHARLES DE GAULLE),455425,455117,308,329847,329605,242,38.07159
08/03/2018 10:42,2017,1,WESTERN EUROPE-EU,FRANCE,1,GATWICK,PARIS (LE BOURGET),0,0,0,206,0,206,-100
08/03/2018 10:42,2017,1,WESTERN EUROPE-EU,FRANCE,1,GATWICK,PARIS (ORLY),638,638,0,1,0,1,63700
08/03/2018 10:42,2017,1,WESTERN EUROPE-EU,FRANCE,1,GATWICK,RENNES,17186,17186,0,2135,2102,33,704.96487
08/03/2018 10:42,2017,1,WESTERN EUROPE-EU,FRANCE,1,GATWICK,STRASBOURG,0,0,0,9527,9527,0,-100
08/03/2018 10:42,2017,1,WESTERN EUROPE-EU,FRANCE,1,GATWICK,TARBES-LOURDES INTERNATIONAL,1026,0,1026,2203,0,2203,-53.42714
08/03/2018 10:42,2017,1,WESTERN EUROPE-EU,FRANCE,1,GATWICK,TOULOUSE (BLAGNAC),282042,275931,6111,281826,275473,6353,0.07664
08/03/2018 10:42,2017,1,WESTERN EUROPE-EU,FRANCE,1,HEATHROW,BASTIA,4889,0,4889,4825,0,4825,1.32642
08/03/2018 10:42,2017,1,WESTERN EUROPE-EU,FRANCE,1,HEATHROW,BIARRITZ,4497,4497,0,10131,10131,0,-55.61149
08/03/2018 10:42,2017,1,WESTERN EUROPE-EU,FRANCE,1,HEATHROW,FIGARI,5438,0,5438,5986,0,5986,-9.15469
08/03/2018 10:42,2017,1,WESTERN EUROPE-EU,FRANCE,1,HEATHROW,GRENOBLE,11038,763,10275,6409,0,6409,72.22656
08/03/2018 10:42,2017,1,WESTERN EUROPE-EU,FRANCE,1,HEATHROW,LYON,249677,249677,0,254759,254759,0,-1.99483
08/03/2018 10:42,2017,1,WESTERN EUROPE-EU,FRANCE,1,HEATHROW,MARSEILLE,248439,248439,0,260601,260601,0,-4.6669
08/03/2018 10:42,2017,1,WESTERN EUROPE-EU,FRANCE,1,HEATHROW,MONTPELLIER,8769,8769,0,0,0,0,0
08/03/2018 10:42,2017,1,WESTERN EUROPE-EU,FRANCE,1,HEATHROW,NANTES,9946,9946,0,0,0,0,0
08/03/2018 10:42,2017,1,WESTERN EUROPE-EU,FRANCE,1,HEATHROW,NICE,549690,549690,0,541715,541715,0,1.47218
08/03/2018 10:42,2017,1,WESTERN EUROPE-EU,FRANCE,1,HEATHROW,PARIS (CHARLES DE GAULLE),1207929,1207929,0,1143213,1142954,259,5.66089
08/03/2018 10:42,2017,1,WESTERN EUROPE-EU,FRANCE,1,HEATHROW,PARIS (ORLY),226685,226685,0,282673,282673,0,-19.80663
08/03/2018 10:42,2017,1,WESTERN EUROPE-EU,FRANCE,1,HEATHROW,TOULOUSE (BLAGNAC),250002,250002,0,260366,260366,0,-3.98055
08/03/2018 10:42,2017,1,WESTERN EUROPE-EU,FRANCE,1,LONDON CITY,ANGERS- MARCE,0,0,0,6208,6208,0,-100
08/03/2018 10:42,2017,1,WESTERN EUROPE-EU,FRANCE,1,LONDON CITY,AVIGNON,3740,3740,0,2801,2801,0,33.52374
08/03/2018 10:42,2017,1,WESTERN EUROPE-EU,FRANCE,1,LONDON CITY,BERGERAC,9565,9565,0,8810,8810,0,8.56981
08/03/2018 10:42,2017,1,WESTERN EUROPE-EU,FRANCE,1,LONDON CITY,CHAMBERY,6492,6492,0,6314,6314,0,2.81913
08/03/2018 10:42,2017,1,WESTERN EUROPE-EU,FRANCE,1,LONDON CITY,DINARD,126,0,126,127,0,127,-0.7874
08/03/2018 10:42,2017,1,WESTERN EUROPE-EU,FRANCE,1,LONDON CITY,GRENOBLE,0,0,0,174,174,0,-100
08/03/2018 10:42,2017,1,WESTERN EUROPE-EU,FRANCE,1,LONDON CITY,LILLE,75,0,75,0,0,0,0
08/03/2018 10:42,2017,1,WESTERN EUROPE-EU,FRANCE,1,LONDON CITY,NANTES,3984,3984,0,25971,25971,0,-84.65981
08/03/2018 10:42,2017,1,WESTERN EUROPE-EU,FRANCE,1,LONDON CITY,NICE,38546,38546,0,37244,37244,0,3.49587
08/03/2018 10:42,2017,1,WESTERN EUROPE-EU,FRANCE,1,LONDON CITY,PARIS (CHARLES DE GAULLE),4092,3900,192,13036,13036,0,-68.61
08/03/2018 10:42,2017,1,WESTERN EUROPE-EU,FRANCE,1,LONDON CITY,PARIS (ORLY),37309,37309,0,111015,111015,0,-66.39283
08/03/2018 10:42,2017,1,WESTERN EUROPE-EU,FRANCE,1,LONDON CITY,QUIMPER,6812,6812,0,7147,7147,0,-4.68728
08/03/2018 10:42,2017,1,WESTERN EUROPE-EU,FRANCE,1,LONDON CITY,RENNES,5709,5709,0,4241,4241,0,34.61448
08/03/2018 10:42,2017,1,WESTERN EUROPE-EU,FRANCE,1,LONDON CITY,TOULON / HYERES,7533,7533,0,5091,5091,0,47.967
08/03/2018 10:42,2017,1,WESTERN EUROPE-EU,FRANCE,1,LUTON,BEZIERS,40818,40818,0,54624,54624,0,-25.2746
08/03/2018 10:42,2017,1,WESTERN EUROPE-EU,FRANCE,1,LUTON,BIARRITZ,5587,5587,0,0,0,0,0
08/03/2018 10:42,2017,1,WESTERN EUROPE-EU,FRANCE,1,LUTON,BORDEAUX,84847,84836,11,79615,79615,0,6.57163
08/03/2018 10:42,2017,1,WESTERN EUROPE-EU,FRANCE,1,LUTON,BREST,974,974,0,482,482,0,102.07469
08/03/2018 10:42,2017,1,WESTERN EUROPE-EU,FRANCE,1,LUTON,CANNES,0,0,0,8,0,8,-100
08/03/2018 10:42,2017,1,WESTERN EUROPE-EU,FRANCE,1,LUTON,CARCASSONNE,80,80,0,0,0,0,0
08/03/2018 10:42,2017,1,WESTERN EUROPE-EU,FRANCE,1,LUTON,CHAMBERY,539,0,539,71,0,71,659.15493
08/03/2018 10:42,2017,1,WESTERN EUROPE-EU,FRANCE,1,LUTON,CLERMONT FERRAND,1770,1267,503,633,633,0,179.62085
08/03/2018 10:42,2017,1,WESTERN EUROPE-EU,FRANCE,1,LUTON,DEAUVILLE,0,0,0,13,0,13,-100
08/03/2018 10:42,2017,1,WESTERN EUROPE-EU,FRANCE,1,LUTON,GRENOBLE,8065,7482,583,6079,5852,227,32.66985
08/03/2018 10:42,2017,1,WESTERN EUROPE-EU,FRANCE,1,LUTON,LA ROCHELLE,79,0,79,0,0,0,0
08/03/2018 10:42,2017,1,WESTERN EUROPE-EU,FRANCE,1,LUTON,LILLE,39,0,39,92,0,92,-57.6087
08/03/2018 10:42,2017,1,WESTERN EUROPE-EU,FRANCE,1,LUTON,LYON,96229,95901,328,87774,87292,482,9.63269
08/03/2018 10:42,2017,1,WESTERN EUROPE-EU,FRANCE,1,LUTON,MARSEILLE,40940,40940,0,319,0,319,12733.8558
08/03/2018 10:42,2017,1,WESTERN EUROPE-EU,FRANCE,1,LUTON,MONTPELLIER,16101,16101,0,17776,17754,22,-9.42282
08/03/2018 10:42,2017,1,WESTERN EUROPE-EU,FRANCE,1,LUTON,NANTES,43038,42936,102,0,0,0,0
08/03/2018 10:42,2017,1,WESTERN EUROPE-EU,FRANCE,1,LUTON,NICE,161975,161589,386,155655,154623,1032,4.06026
08/03/2018 10:42,2017,1,WESTERN EUROPE-EU,FRANCE,1,LUTON,NIMES,41508,41508,0,79295,79295,0,-47.6537
08/03/2018 10:42,2017,1,WESTERN EUROPE-EU,FRANCE,1,LUTON,PARIS (CHARLES DE GAULLE),289242,289242,0,254009,253708,301,13.87077
08/03/2018 10:42,2017,1,WESTERN EUROPE-EU,FRANCE,1,LUTON,PARIS (LE BOURGET),25,0,25,140,5,135,-82.14286
08/03/2018 10:42,2017,1,WESTERN EUROPE-EU,FRANCE,1,LUTON,PARIS (ORLY),29475,29475,0,80100,80100,0,-63.20225
08/03/2018 10:42,2017,1,WESTERN EUROPE-EU,FRANCE,1,LUTON,PERPIGNAN,183,183,0,0,0,0,0
08/03/2018 10:42,2017,1,WESTERN EUROPE-EU,FRANCE,1,LUTON,RODEZ,0,0,0,1,0,1,-100
08/03/2018 10:42,2017,1,WESTERN EUROPE-EU,FRANCE,1,LUTON,ST ETIENNE,0,0,0,289,0,289,-100
08/03/2018 10:42,2017,1,WESTERN EUROPE-EU,FRANCE,1,LUTON,STRASBOURG,251,251,0,39,39,0,543.58974
08/03/2018 10:42,2017,1,WESTERN EUROPE-EU,FRANCE,1,LUTON,TOULON / HYERES,0,0,0,265,0,265,-100
08/03/2018 10:42,2017,1,WESTERN EUROPE-EU,FRANCE,1,LUTON,TOULOUSE (BLAGNAC),54728,54728,0,14126,13935,191,287.42744
08/03/2018 10:42,2017,1,WESTERN EUROPE-EU,FRANCE,1,SOUTHEND,BASTIA,207,207,0,0,0,0,0
08/03/2018 10:42,2017,1,WESTERN EUROPE-EU,FRANCE,1,SOUTHEND,BORDEAUX,153,153,0,0,0,0,0
08/03/2018 10:42,2017,1,WESTERN EUROPE-EU,FRANCE,1,SOUTHEND,CAEN,12937,12937,0,12566,12566,0,2.95241
08/03/2018 10:42,2017,1,WESTERN EUROPE-EU,FRANCE,1,SOUTHEND,LYON,15958,15958,0,3855,3855,0,313.9559
08/03/2018 10:42,2017,1,WESTERN EUROPE-EU,FRANCE,1,SOUTHEND,NANTES,68,68,0,233,233,0,-70.81545
08/03/2018 10:42,2017,1,WESTERN EUROPE-EU,FRANCE,1,SOUTHEND,NICE,41,41,0,0,0,0,0
08/03/2018 10:42,2017,1,WESTERN EUROPE-EU,FRANCE,1,SOUTHEND,PARIS (CHARLES DE GAULLE),49144,49144,0,38308,38308,0,28.28652
08/03/2018 10:42,2017,1,WESTERN EUROPE-EU,FRANCE,1,SOUTHEND,PARIS (ORLY),95,95,0,125,125,0,-24
08/03/2018 10:42,2017,1,WESTERN EUROPE-EU,FRANCE,1,SOUTHEND,PERPIGNAN,3560,3560,0,0,0,0,0
08/03/2018 10:42,2017,1,WESTERN EUROPE-EU,FRANCE,1,SOUTHEND,RENNES,44921,44921,0,41957,41957,0,7.06438
08/03/2018 10:42,2017,1,WESTERN EUROPE-EU,FRANCE,1,SOUTHEND,TOULON / HYERES,92,92,0,62,62,0,48.3871
08/03/2018 10:42,2017,1,WESTERN EUROPE-EU,FRANCE,1,STANSTED,BASTIA,406,0,406,0,0,0,0
08/03/2018 10:42,2017,1,WESTERN EUROPE-EU,FRANCE,1,STANSTED,BERGERAC,108541,108541,0,104052,104052,0,4.31419
08/03/2018 10:42,2017,1,WESTERN EUROPE-EU,FRANCE,1,STANSTED,BEZIERS,14956,14956,0,0,0,0,0
08/03/2018 10:42,2017,1,WESTERN EUROPE-EU,FRANCE,1,STANSTED,BIARRITZ,106439,106439,0,98183,98183,0,8.40879
08/03/2018 10:42,2017,1,WESTERN EUROPE-EU,FRANCE,1,STANSTED,BORDEAUX,84604,84604,0,59723,59723,0,41.66067
08/03/2018 10:42,2017,1,WESTERN EUROPE-EU,FRANCE,1,STANSTED,BREST,131,131,0,659,659,0,-80.1214
08/03/2018 10:42,2017,1,WESTERN EUROPE-EU,FRANCE,1,STANSTED,BRIVE-LA-GAILLARDE,17992,17992,0,19414,19414,0,-7.32461
08/03/2018 10:42,2017,1,WESTERN EUROPE-EU,FRANCE,1,STANSTED,CALVI,3954,0,3954,4340,0,4340,-8.89401
08/03/2018 10:42,2017,1,WESTERN EUROPE-EU,FRANCE,1,STANSTED,CARCASSONNE,104475,104475,0,99853,99853,0,4.6288
08/03/2018 10:42,2017,1,WESTERN EUROPE-EU,FRANCE,1,STANSTED,CHAMBERY,18762,4744,14018,19296,535,18761,-2.76741
08/03/2018 10:42,2017,1,WESTERN EUROPE-EU,FRANCE,1,STANSTED,CLERMONT FERRAND,10784,10784,0,0,0,0,0
08/03/2018 10:42,2017,1,WESTERN EUROPE-EU,FRANCE,1,STANSTED,DEAUVILLE,17848,17848,0,16892,16892,0,5.65948
08/03/2018 10:42,2017,1,WESTERN EUROPE-EU,FRANCE,1,STANSTED,DINARD,83017,83017,0,77861,77861,0,6.62206
08/03/2018 10:42,2017,1,WESTERN EUROPE-EU,FRANCE,1,STANSTED,GRENOBLE,36054,35578,476,22233,18005,4228,62.16435
08/03/2018 10:42,2017,1,WESTERN EUROPE-EU,FRANCE,1,STANSTED,LA ROCHELLE,60391,60391,0,61930,61930,0,-2.48506
08/03/2018 10:42,2017,1,WESTERN EUROPE-EU,FRANCE,1,STANSTED,LIMOGES,99706,99706,0,99923,99923,0,-0.21717
08/03/2018 10:42,2017,1,WESTERN EUROPE-EU,FRANCE,1,STANSTED,LORIENT,13876,13876,0,0,0,0,0
08/03/2018 10:42,2017,1,WESTERN EUROPE-EU,FRANCE,1,STANSTED,LYON,1984,449,1535,493,0,493,302.43408
08/03/2018 10:42,2017,1,WESTERN EUROPE-EU,FRANCE,1,STANSTED,MARSEILLE,152091,152091,0,141294,140727,567,7.64151
08/03/2018 10:42,2017,1,WESTERN EUROPE-EU,FRANCE,1,STANSTED,NANTES,337,337,0,0,0,0,0
08/03/2018 10:42,2017,1,WESTERN EUROPE-EU,FRANCE,1,STANSTED,NICE,132154,131632,522,63775,62660,1115,107.21913
08/03/2018 10:42,2017,1,WESTERN EUROPE-EU,FRANCE,1,STANSTED,NIMES,36617,36617,0,0,0,0,0
08/03/2018 10:42,2017,1,WESTERN EUROPE-EU,FRANCE,1,STANSTED,PARIS (CHARLES DE GAULLE),287,287,0,0,0,0,0
08/03/2018 10:42,2017,1,WESTERN EUROPE-EU,FRANCE,1,STANSTED,PARIS (ORLY),0,0,0,399,107,292,-100
08/03/2018 10:42,2017,1,WESTERN EUROPE-EU,FRANCE,1,STANSTED,PAU,326,326,0,177,177,0,84.18079
08/03/2018 10:42,2017,1,WESTERN EUROPE-EU,FRANCE,1,STANSTED,PERPIGNAN,50527,50527,0,47176,47176,0,7.10319
08/03/2018 10:42,2017,1,WESTERN EUROPE-EU,FRANCE,1,STANSTED,POITIERS,58355,58355,0,57904,57904,0,0.77888
08/03/2018 10:42,2017,1,WESTERN EUROPE-EU,FRANCE,1,STANSTED,QUIMPER,105,0,105,0,0,0,0
08/03/2018 10:42,2017,1,WESTERN EUROPE-EU,FRANCE,1,STANSTED,RENNES,640,640,0,819,517,302,-21.85592
08/03/2018 10:42,2017,1,WESTERN EUROPE-EU,FRANCE,1,STANSTED,ST ETIENNE,0,0,0,542,542,0,-100
08/03/2018 10:42,2017,1,WESTERN EUROPE-EU,FRANCE,1,STANSTED,STRASBOURG,18031,18031,0,0,0,0,0
08/03/2018 10:42,2017,1,WESTERN EUROPE-EU,FRANCE,1,STANSTED,TARBES-LOURDES INTERNATIONAL,59096,52690,6406,53985,47186,6799,9.46744
08/03/2018 10:42,2017,1,WESTERN EUROPE-EU,FRANCE,1,STANSTED,TOULON / HYERES,221,0,221,0,0,0,0
08/03/2018 10:42,2017,1,WESTERN EUROPE-EU,FRANCE,1,STANSTED,TOULOUSE (BLAGNAC),170152,170152,0,17337,17337,0,881.43854
08/03/2018 10:42,2017,1,WESTERN EUROPE-EU,FRANCE,1,STANSTED,TOURS,53018,53018,0,64257,64257,0,-17.4907
08/03/2018 10:42,2017,1,WESTERN EUROPE-EU,FRANCE,2,ABERDEEN,PARIS (CHARLES DE GAULLE),85601,85475,126,99975,99975,0,-14.37759
08/03/2018 10:42,2017,1,WESTERN EUROPE-EU,FRANCE,2,ABERDEEN,PARIS (LE BOURGET),110,70,40,0,0,0,0
08/03/2018 10:42,2017,1,WESTERN EUROPE-EU,FRANCE,2,BELFAST CITY (GEORGE BEST),CLERMONT FERRAND,0,0,0,293,0,293,-100
08/03/2018 10:42,2017,1,WESTERN EUROPE-EU,FRANCE,2,BELFAST CITY (GEORGE BEST),LYON,0,0,0,184,0,184,-100
08/03/2018 10:42,2017,1,WESTERN EUROPE-EU,FRANCE,2,BELFAST CITY (GEORGE BEST),LYON(BRON),0,0,0,69,0,69,-100
08/03/2018 10:42,2017,1,WESTERN EUROPE-EU,FRANCE,2,BELFAST CITY (GEORGE BEST),PARIS (CHARLES DE GAULLE),0,0,0,174,174,0,-100
08/03/2018 10:42,2017,1,WESTERN EUROPE-EU,FRANCE,2,BELFAST INTERNATIONAL,BORDEAUX,8888,8636,252,7359,7169,190,20.77728
08/03/2018 10:42,2017,1,WESTERN EUROPE-EU,FRANCE,2,BELFAST INTERNATIONAL,CLERMONT FERRAND,0,0,0,608,0,608,-100
08/03/2018 10:42,2017,1,WESTERN EUROPE-EU,FRANCE,2,BELFAST INTERNATIONAL,LA ROCHELLE,273,0,273,0,0,0,0
08/03/2018 10:42,2017,1,WESTERN EUROPE-EU,FRANCE,2,BELFAST INTERNATIONAL,LYON,4589,4589,0,5432,3221,2211,-15.51915
08/03/2018 10:42,2017,1,WESTERN EUROPE-EU,FRANCE,2,BELFAST INTERNATIONAL,NICE,18593,18593,0,19210,17652,1558,-3.21187
08/03/2018 10:42,2017,1,WESTERN EUROPE-EU,FRANCE,2,BELFAST INTERNATIONAL,PARIS (CHARLES DE GAULLE),76399,76399,0,76374,73385,2989,0.03273
08/03/2018 10:42,2017,1,WESTERN EUROPE-EU,FRANCE,2,BELFAST INTERNATIONAL,PARIS (LE BOURGET),70,0,70,92,0,92,-23.91304
08/03/2018 10:42,2017,1,WESTERN EUROPE-EU,FRANCE,2,BELFAST INTERNATIONAL,TARBES-LOURDES INTERNATIONAL,6304,0,6304,6979,0,6979,-9.67187
08/03/2018 10:42,2017,1,WESTERN EUROPE-EU,FRANCE,2,BIRMINGHAM,AVIGNON,3146,3146,0,3197,3197,0,-1.59525
08/03/2018 10:42,2017,1,WESTERN EUROPE-EU,FRANCE,2,BIRMINGHAM,BASTIA,2274,2274,0,1891,1891,0,20.25383
08/03/2018 10:42,2017,1,WESTERN EUROPE-EU,FRANCE,2,BIRMINGHAM,BERGERAC,13334,13334,0,13526,13526,0,-1.41949
08/03/2018 10:42,2017,1,WESTERN EUROPE-EU,FRANCE,2,BIRMINGHAM,BEZIERS,0,0,0,181,181,0,-100
08/03/2018 10:42,2017,1,WESTERN EUROPE-EU,FRANCE,2,BIRMINGHAM,BIARRITZ,5418,5418,0,4591,4591,0,18.0135
08/03/2018 10:42,2017,1,WESTERN EUROPE-EU,FRANCE,2,BIRMINGHAM,BORDEAUX,23664,23664,0,21885,21885,0,8.12886
08/03/2018 10:42,2017,1,WESTERN EUROPE-EU,FRANCE,2,BIRMINGHAM,BREST,1094,1094,0,4267,4267,0,-74.36138
08/03/2018 10:42,2017,1,WESTERN EUROPE-EU,FRANCE,2,BIRMINGHAM,BRIVE-LA-GAILLARDE,116,0,116,189,0,189,-38.62434
08/03/2018 10:42,2017,1,WESTERN EUROPE-EU,FRANCE,2,BIRMINGHAM,CAEN,45,0,45,0,0,0,0
08/03/2018 10:42,2017,1,WESTERN EUROPE-EU,FRANCE,2,BIRMINGHAM,CHAMBERY,18780,2588,16192,20399,3060,17339,-7.93666
08/03/2018 10:42,2017,1,WESTERN EUROPE-EU,FRANCE,2,BIRMINGHAM,CLERMONT FERRAND,90,0,90,0,0,0,0
08/03/2018 10:42,2017,1,WESTERN EUROPE-EU,FRANCE,2,BIRMINGHAM,FIGARI,117,0,117,0,0,0,0
08/03/2018 10:42,2017,1,WESTERN EUROPE-EU,FRANCE,2,BIRMINGHAM,GRENOBLE,16639,9465,7174,18427,11912,6515,-9.70315
08/03/2018 10:42,2017,1,WESTERN EUROPE-EU,FRANCE,2,BIRMINGHAM,LA ROCHELLE,4386,3938,448,8491,8160,331,-48.34531
08/03/2018 10:42,2017,1,WESTERN EUROPE-EU,FRANCE,2,BIRMINGHAM,LILLE,0,0,0,77,77,0,-100
08/03/2018 10:42,2017,1,WESTERN EUROPE-EU,FRANCE,2,BIRMINGHAM,LIMOGES,5513,5513,0,4953,4953,0,11.30628
08/03/2018 10:42,2017,1,WESTERN EUROPE-EU,FRANCE,2,BIRMINGHAM,LYON,45733,45733,0,48528,48404,124,-5.75956
08/03/2018 10:42,2017,1,WESTERN EUROPE-EU,FRANCE,2,BIRMINGHAM,MARSEILLE,16,0,16,0,0,0,0
08/03/2018 10:42,2017,1,WESTERN EUROPE-EU,FRANCE,2,BIRMINGHAM,NANTES,17742,17742,0,14225,14225,0,24.72408
08/03/2018 10:42,2017,1,WESTERN EUROPE-EU,FRANCE,2,BIRMINGHAM,NICE,15565,15193,372,28923,28638,285,-46.1847
08/03/2018 10:42,2017,1,WESTERN EUROPE-EU,FRANCE,2,BIRMINGHAM,PARIS (CHARLES DE GAULLE),399484,399397,87,399613,399200,413,-0.03228
08/03/2018 10:42,2017,1,WESTERN EUROPE-EU,FRANCE,2,BIRMINGHAM,PARIS (LE BOURGET),0,0,0,45,0,45,-100
08/03/2018 10:42,2017,1,WESTERN EUROPE-EU,FRANCE,2,BIRMINGHAM,PARIS (ORLY),40657,40657,0,75,75,0,54109.33333
08/03/2018 10:42,2017,1,WESTERN EUROPE-EU,FRANCE,2,BIRMINGHAM,PERPIGNAN,18521,18521,0,11292,11292,0,64.01877
08/03/2018 10:42,2017,1,WESTERN EUROPE-EU,FRANCE,2,BIRMINGHAM,RENNES,6689,6689,0,5591,5591,0,19.63871
08/03/2018 10:42,2017,1,WESTERN EUROPE-EU,FRANCE,2,BIRMINGHAM,TARBES-LOURDES INTERNATIONAL,992,0,992,1359,0,1359,-27.00515
08/03/2018 10:42,2017,1,WESTERN EUROPE-EU,FRANCE,2,BIRMINGHAM,TOULON / HYERES,0,0,0,39,0,39,-100
08/03/2018 10:42,2017,1,WESTERN EUROPE-EU,FRANCE,2,BIRMINGHAM,TOULOUSE (BLAGNAC),40450,37736,2714,9073,5460,3613,345.82828
08/03/2018 10:42,2017,1,WESTERN EUROPE-EU,FRANCE,2,BOURNEMOUTH,ANGERS- MARCE,0,0,0,31,31,0,-100
08/03/2018 10:42,2017,1,WESTERN EUROPE-EU,FRANCE,2,BOURNEMOUTH,BERGERAC,0,0,0,2,2,0,-100
08/03/2018 10:42,2017,1,WESTERN EUROPE-EU,FRANCE,2,BOURNEMOUTH,BORDEAUX,0,0,0,2,2,0,-100
08/03/2018 10:42,2017,1,WESTERN EUROPE-EU,FRANCE,2,BOURNEMOUTH,LYON,28,28,0,0,0,0,0
08/03/2018 10:42,2017,1,WESTERN EUROPE-EU,FRANCE,2,BOURNEMOUTH,NANTES,147,0,147,0,0,0,0
08/03/2018 10:42,2017,1,WESTERN EUROPE-EU,FRANCE,2,BOURNEMOUTH,NICE,123,123,0,0,0,0,0
08/03/2018 10:42,2017,1,WESTERN EUROPE-EU,FRANCE,2,BOURNEMOUTH,PARIS (CHARLES DE GAULLE),0,0,0,1906,1906,0,-100
08/03/2018 10:42,2017,1,WESTERN EUROPE-EU,FRANCE,2,BOURNEMOUTH,TOULON / HYERES,40,40,0,0,0,0,0
08/03/2018 10:42,2017,1,WESTERN EUROPE-EU,FRANCE,2,BRISTOL,BASTIA,793,0,793,1291,0,1291,-38.57475
08/03/2018 10:42,2017,1,WESTERN EUROPE-EU,FRANCE,2,BRISTOL,BERGERAC,15902,15902,0,14162,14162,0,12.2864
08/03/2018 10:42,2017,1,WESTERN EUROPE-EU,FRANCE,2,BRISTOL,BEZIERS,32223,32223,0,35660,35660,0,-9.63825
08/03/2018 10:42,2017,1,WESTERN EUROPE-EU,FRANCE,2,BRISTOL,BORDEAUX,49467,49467,0,38361,38261,100,28.95128
08/03/2018 10:42,2017,1,WESTERN EUROPE-EU,FRANCE,2,BRISTOL,BREST,332,332,0,0,0,0,0
08/03/2018 10:42,2017,1,WESTERN EUROPE-EU,FRANCE,2,BRISTOL,BRIVE-LA-GAILLARDE,66,0,66,0,0,0,0
08/03/2018 10:42,2017,1,WESTERN EUROPE-EU,FRANCE,2,BRISTOL,CHAMBERY,12933,1093,11840,12112,0,12112,6.7784
08/03/2018 10:42,2017,1,WESTERN EUROPE-EU,FRANCE,2,BRISTOL,FIGARI,342,0,342,0,0,0,0
08/03/2018 10:42,2017,1,WESTERN EUROPE-EU,FRANCE,2,BRISTOL,GRENOBLE,10318,10318,0,9686,9474,212,6.52488
08/03/2018 10:42,2017,1,WESTERN EUROPE-EU,FRANCE,2,BRISTOL,LA ROCHELLE,7009,7009,0,8522,8339,183,-17.75405
08/03/2018 10:42,2017,1,WESTERN EUROPE-EU,FRANCE,2,BRISTOL,LIMOGES,21383,21383,0,23346,23346,0,-8.40829
08/03/2018 10:42,2017,1,WESTERN EUROPE-EU,FRANCE,2,BRISTOL,LYON,4499,4388,111,5564,5346,218,-19.14091
08/03/2018 10:42,2017,1,WESTERN EUROPE-EU,FRANCE,2,BRISTOL,MARSEILLE,14899,14899,0,13513,13513,0,10.25679
08/03/2018 10:42,2017,1,WESTERN EUROPE-EU,FRANCE,2,BRISTOL,NANTES,13288,13288,0,12667,12667,0,4.9025
08/03/2018 10:42,2017,1,WESTERN EUROPE-EU,FRANCE,2,BRISTOL,NICE,93420,93420,0,83467,83440,27,11.92447
08/03/2018 10:42,2017,1,WESTERN EUROPE-EU,FRANCE,2,BRISTOL,PARIS (CHARLES DE GAULLE),152571,152373,198,138949,138849,100,9.8036
08/03/2018 10:42,2017,1,WESTERN EUROPE-EU,FRANCE,2,BRISTOL,PAU,0,0,0,76,38,38,-100
08/03/2018 10:42,2017,1,WESTERN EUROPE-EU,FRANCE,2,BRISTOL,TARBES-LOURDES INTERNATIONAL,375,159,216,347,0,347,8.06916
08/03/2018 10:42,2017,1,WESTERN EUROPE-EU,FRANCE,2,BRISTOL,TOULON / HYERES,246,0,246,240,0,240,2.5
08/03/2018 10:42,2017,1,WESTERN EUROPE-EU,FRANCE,2,BRISTOL,TOULOUSE (BLAGNAC),110670,93453,17217,108424,89241,19183,2.0715
08/03/2018 10:42,2017,1,WESTERN EUROPE-EU,FRANCE,2,CARDIFF WALES,BORDEAUX,0,0,0,2385,420,1965,-100
08/03/2018 10:42,2017,1,WESTERN EUROPE-EU,FRANCE,2,CARDIFF WALES,BRIVE-LA-GAILLARDE,0,0,0,84,0,84,-100
08/03/2018 10:42,2017,1,WESTERN EUROPE-EU,FRANCE,2,CARDIFF WALES,CHAMBERY,1855,1855,0,2485,2485,0,-25.35211
08/03/2018 10:42,2017,1,WESTERN EUROPE-EU,FRANCE,2,CARDIFF WALES,CLERMONT FERRAND,83,0,83,87,0,87,-4.5977
08/03/2018 10:42,2017,1,WESTERN EUROPE-EU,FRANCE,2,CARDIFF WALES,DINARD,0,0,0,60,0,60,-100
08/03/2018 10:42,2017,1,WESTERN EUROPE-EU,FRANCE,2,CARDIFF WALES,GRENOBLE,0,0,0,424,0,424,-100
08/03/2018 10:42,2017,1,WESTERN EUROPE-EU,FRANCE,2,CARDIFF WALES,LILLE,0,0,0,704,0,704,-100
08/03/2018 10:42,2017,1,WESTERN EUROPE-EU,FRANCE,2,CARDIFF WALES,LYON,424,0,424,2945,179,2766,-85.60272
08/03/2018 10:42,2017,1,WESTERN EUROPE-EU,FRANCE,2,CARDIFF WALES,LYON(BRON),35,0,35,0,0,0,0
08/03/2018 10:42,2017,1,WESTERN EUROPE-EU,FRANCE,2,CARDIFF WALES,MARSEILLE,0,0,0,377,0,377,-100
08/03/2018 10:42,2017,1,WESTERN EUROPE-EU,FRANCE,2,CARDIFF WALES,MONTPELLIER,0,0,0,169,0,169,-100
08/03/2018 10:42,2017,1,WESTERN EUROPE-EU,FRANCE,2,CARDIFF WALES,NANTES,0,0,0,118,0,118,-100
08/03/2018 10:42,2017,1,WESTERN EUROPE-EU,FRANCE,2,CARDIFF WALES,NICE,136,125,11,172,172,0,-20.93023
08/03/2018 10:42,2017,1,WESTERN EUROPE-EU,FRANCE,2,CARDIFF WALES,PARIS (CHARLES DE GAULLE),60820,60402,418,54104,52823,1281,12.41313
08/03/2018 10:42,2017,1,WESTERN EUROPE-EU,FRANCE,2,CARDIFF WALES,PARIS (LE BOURGET),172,0,172,142,0,142,21.12676
08/03/2018 10:42,2017,1,WESTERN EUROPE-EU,FRANCE,2,CARDIFF WALES,PARIS (ORLY),561,0,561,515,229,286,8.93204
08/03/2018 10:42,2017,1,WESTERN EUROPE-EU,FRANCE,2,CARDIFF WALES,PAU,116,0,116,71,0,71,63.38028
08/03/2018 10:42,2017,1,WESTERN EUROPE-EU,FRANCE,2,CARDIFF WALES,RENNES,0,0,0,68,0,68,-100
08/03/2018 10:42,2017,1,WESTERN EUROPE-EU,FRANCE,2,CARDIFF WALES,TARBES-LOURDES INTERNATIONAL,671,0,671,699,0,699,-4.00572
08/03/2018 10:42,2017,1,WESTERN EUROPE-EU,FRANCE,2,CARDIFF WALES,TOULON / HYERES,0,0,0,319,0,319,-100
08/03/2018 10:42,2017,1,WESTERN EUROPE-EU,FRANCE,2,CARDIFF WALES,TOULOUSE (BLAGNAC),0,0,0,1397,224,1173,-100
08/03/2018 10:42,2017,1,WESTERN EUROPE-EU,FRANCE,2,DONCASTER SHEFFIELD,CHAMBERY,1180,737,443,60,60,0,1866.66667
08/03/2018 10:42,2017,1,WESTERN EUROPE-EU,FRANCE,2,DONCASTER SHEFFIELD,PARIS (CHARLES DE GAULLE),41697,41697,0,48431,48431,0,-13.90432
08/03/2018 10:42,2017,1,WESTERN EUROPE-EU,FRANCE,2,DONCASTER SHEFFIELD,PARIS (ORLY),4,4,0,0,0,0,0
08/03/2018 10:42,2017,1,WESTERN EUROPE-EU,FRANCE,2,DONCASTER SHEFFIELD,TARBES-LOURDES INTERNATIONAL,490,0,490,535,0,535,-8.41121
08/03/2018 10:42,2017,1,WESTERN EUROPE-EU,FRANCE,2,DONCASTER SHEFFIELD,TOULOUSE (BLAGNAC),82,82,0,0,0,0,0
08/03/2018 10:42,2017,1,WESTERN EUROPE-EU,FRANCE,2,DURHAM TEES VALLEY,BIARRITZ,0,0,0,44,0,44,-100
08/03/2018 10:42,2017,1,WESTERN EUROPE-EU,FRANCE,2,DURHAM TEES VALLEY,TARBES-LOURDES INTERNATIONAL,761,0,761,684,0,684,11.25731
08/03/2018 10:42,2017,1,WESTERN EUROPE-EU,FRANCE,2,EAST MIDLANDS INTERNATIONAL,AUXERRE,17,0,17,0,0,0,0
08/03/2018 10:42,2017,1,WESTERN EUROPE-EU,FRANCE,2,EAST MIDLANDS INTERNATIONAL,BEAUVAIS,0,0,0,178,178,0,-100
08/03/2018 10:42,2017,1,WESTERN EUROPE-EU,FRANCE,2,EAST MIDLANDS INTERNATIONAL,BERGERAC,19515,19515,0,19284,19284,0,1.19788
08/03/2018 10:42,2017,1,WESTERN EUROPE-EU,FRANCE,2,EAST MIDLANDS INTERNATIONAL,CARCASSONNE,28757,28757,0,31812,31812,0,-9.60329
08/03/2018 10:42,2017,1,WESTERN EUROPE-EU,FRANCE,2,EAST MIDLANDS INTERNATIONAL,CHAMBERY,4271,0,4271,12420,7057,5363,-65.61192
08/03/2018 10:42,2017,1,WESTERN EUROPE-EU,FRANCE,2,EAST MIDLANDS INTERNATIONAL,DINARD,36174,36174,0,31943,31943,0,13.24547
08/03/2018 10:42,2017,1,WESTERN EUROPE-EU,FRANCE,2,EAST MIDLANDS INTERNATIONAL,GRENOBLE,558,558,0,0,0,0,0
08/03/2018 10:42,2017,1,WESTERN EUROPE-EU,FRANCE,2,EAST MIDLANDS INTERNATIONAL,LIMOGES,47145,47145,0,48615,48615,0,-3.02376
08/03/2018 10:42,2017,1,WESTERN EUROPE-EU,FRANCE,2,EAST MIDLANDS INTERNATIONAL,LYON,0,0,0,45,0,45,-100
08/03/2018 10:42,2017,1,WESTERN EUROPE-EU,FRANCE,2,EAST MIDLANDS INTERNATIONAL,NANTES,0,0,0,128,0,128,-100
08/03/2018 10:42,2017,1,WESTERN EUROPE-EU,FRANCE,2,EAST MIDLANDS INTERNATIONAL,NICE,32,0,32,0,0,0,0
08/03/2018 10:42,2017,1,WESTERN EUROPE-EU,FRANCE,2,EAST MIDLANDS INTERNATIONAL,PARIS (CHARLES DE GAULLE),3099,3099,0,1225,237,988,152.97959
08/03/2018 10:42,2017,1,WESTERN EUROPE-EU,FRANCE,2,EAST MIDLANDS INTERNATIONAL,PARIS (LE BOURGET),95,0,95,0,0,0,0
08/03/2018 10:42,2017,1,WESTERN EUROPE-EU,FRANCE,2,EAST MIDLANDS INTERNATIONAL,PARIS (ORLY),0,0,0,104,0,104,-100
08/03/2018 10:42,2017,1,WESTERN EUROPE-EU,FRANCE,2,EAST MIDLANDS INTERNATIONAL,RENNES,0,0,0,119,119,0,-100
08/03/2018 10:42,2017,1,WESTERN EUROPE-EU,FRANCE,2,EAST MIDLANDS INTERNATIONAL,TARBES-LOURDES INTERNATIONAL,241,0,241,497,159,338,-51.50905
08/03/2018 10:42,2017,1,WESTERN EUROPE-EU,FRANCE,2,EAST MIDLANDS INTERNATIONAL,TOURS,1,0,1,0,0,0,0
08/03/2018 10:42,2017,1,WESTERN EUROPE-EU,FRANCE,2,EDINBURGH,BASTIA,0,0,0,115,0,115,-100
08/03/2018 10:42,2017,1,WESTERN EUROPE-EU,FRANCE,2,EDINBURGH,BERGERAC,2429,2429,0,2563,2563,0,-5.22825
08/03/2018 10:42,2017,1,WESTERN EUROPE-EU,FRANCE,2,EDINBURGH,BEZIERS,22006,22006,0,21391,21391,0,2.87504
08/03/2018 10:42,2017,1,WESTERN EUROPE-EU,FRANCE,2,EDINBURGH,BORDEAUX,39961,39961,0,40886,40593,293,-2.26239
08/03/2018 10:42,2017,1,WESTERN EUROPE-EU,FRANCE,2,EDINBURGH,CARCASSONNE,3822,3822,0,0,0,0,0
08/03/2018 10:42,2017,1,WESTERN EUROPE-EU,FRANCE,2,EDINBURGH,CHAMBERY,5728,0,5728,7232,3646,3586,-20.79646
08/03/2018 10:42,2017,1,WESTERN EUROPE-EU,FRANCE,2,EDINBURGH,CLERMONT FERRAND,2905,360,2545,0,0,0,0
08/03/2018 10:42,2017,1,WESTERN EUROPE-EU,FRANCE,2,EDINBURGH,GRENOBLE,4836,4836,0,5324,5324,0,-9.16604
08/03/2018 10:42,2017,1,WESTERN EUROPE-EU,FRANCE,2,EDINBURGH,LYON,23870,23870,0,26290,24782,1508,-9.20502
08/03/2018 10:42,2017,1,WESTERN EUROPE-EU,FRANCE,2,EDINBURGH,LYON(BRON),69,0,69,0,0,0,0
08/03/2018 10:42,2017,1,WESTERN EUROPE-EU,FRANCE,2,EDINBURGH,MARSEILLE,28911,28751,160,23416,23087,329,23.46686
08/03/2018 10:42,2017,1,WESTERN EUROPE-EU,FRANCE,2,EDINBURGH,METZ,0,0,0,30,0,30,-100
08/03/2018 10:42,2017,1,WESTERN EUROPE-EU,FRANCE,2,EDINBURGH,NANTES,5157,5157,0,621,0,621,730.43478
08/03/2018 10:42,2017,1,WESTERN EUROPE-EU,FRANCE,2,EDINBURGH,NICE,57144,57144,0,49302,49302,0,15.90605
08/03/2018 10:42,2017,1,WESTERN EUROPE-EU,FRANCE,2,EDINBURGH,PARIS (CHARLES DE GAULLE),357132,356110,1022,308612,305771,2841,15.72201
08/03/2018 10:42,2017,1,WESTERN EUROPE-EU,FRANCE,2,EDINBURGH,PARIS (LE BOURGET),77,0,77,0,0,0,0
08/03/2018 10:42,2017,1,WESTERN EUROPE-EU,FRANCE,2,EDINBURGH,PARIS (ORLY),54849,54687,162,69239,68853,386,-20.78308
08/03/2018 10:42,2017,1,WESTERN EUROPE-EU,FRANCE,2,EDINBURGH,POITIERS,8724,8724,0,7892,7892,0,10.54232
08/03/2018 10:42,2017,1,WESTERN EUROPE-EU,FRANCE,2,EDINBURGH,TARBES-LOURDES INTERNATIONAL,1057,0,1057,1382,0,1382,-23.51664
08/03/2018 10:42,2017,1,WESTERN EUROPE-EU,FRANCE,2,EDINBURGH,TOULOUSE (BLAGNAC),7347,5544,1803,3046,0,3046,141.20158
08/03/2018 10:42,2017,1,WESTERN EUROPE-EU,FRANCE,2,EXETER,BERGERAC,3318,3318,0,2945,2945,0,12.66553
08/03/2018 10:42,2017,1,WESTERN EUROPE-EU,FRANCE,2,EXETER,BORDEAUX,0,0,0,92,0,92,-100
08/03/2018 10:42,2017,1,WESTERN EUROPE-EU,FRANCE,2,EXETER,CHAMBERY,2685,2222,463,2095,2095,0,28.16229
08/03/2018 10:42,2017,1,WESTERN EUROPE-EU,FRANCE,2,EXETER,CLERMONT FERRAND,98,0,98,0,0,0,0
08/03/2018 10:42,2017,1,WESTERN EUROPE-EU,FRANCE,2,EXETER,DEAUVILLE,123,123,0,0,0,0,0
08/03/2018 10:42,2017,1,WESTERN EUROPE-EU,FRANCE,2,EXETER,MONTPELLIER,144,0,144,0,0,0,0
08/03/2018 10:42,2017,1,WESTERN EUROPE-EU,FRANCE,2,EXETER,PARIS (CHARLES DE GAULLE),42943,42913,30,40381,40381,0,6.34457
08/03/2018 10:42,2017,1,WESTERN EUROPE-EU,FRANCE,2,EXETER,RENNES,1386,1386,0,1330,1330,0,4.21053
08/03/2018 10:42,2017,1,WESTERN EUROPE-EU,FRANCE,2,EXETER,TARBES-LOURDES INTERNATIONAL,95,0,95,136,0,136,-30.14706
08/03/2018 10:42,2017,1,WESTERN EUROPE-EU,FRANCE,2,EXETER,TOULOUSE (BLAGNAC),194,120,74,43,43,0,351.16279
08/03/2018 10:42,2017,1,WESTERN EUROPE-EU,FRANCE,2,GLASGOW,BORDEAUX,6716,6716,0,5456,5456,0,23.09384
08/03/2018 10:42,2017,1,WESTERN EUROPE-EU,FRANCE,2,GLASGOW,CARCASSONNE,20200,20200,0,20412,20412,0,-1.0386
08/03/2018 10:42,2017,1,WESTERN EUROPE-EU,FRANCE,2,GLASGOW,CHAMBERY,5686,0,5686,5918,0,5918,-3.92024
08/03/2018 10:42,2017,1,WESTERN EUROPE-EU,FRANCE,2,GLASGOW,GRENOBLE,3173,3173,0,224,224,0,1316.51786
08/03/2018 10:42,2017,1,WESTERN EUROPE-EU,FRANCE,2,GLASGOW,LYON,466,0,466,530,0,530,-12.07547
08/03/2018 10:42,2017,1,WESTERN EUROPE-EU,FRANCE,2,GLASGOW,LYON(BRON),49,0,49,0,0,0,0
08/03/2018 10:42,2017,1,WESTERN EUROPE-EU,FRANCE,2,GLASGOW,MARSEILLE,8709,8627,82,7568,7529,39,15.07664
08/03/2018 10:42,2017,1,WESTERN EUROPE-EU,FRANCE,2,GLASGOW,METZ,0,0,0,122,0,122,-100
08/03/2018 10:42,2017,1,WESTERN EUROPE-EU,FRANCE,2,GLASGOW,MONTPELLIER,432,0,432,0,0,0,0
08/03/2018 10:42,2017,1,WESTERN EUROPE-EU,FRANCE,2,GLASGOW,NANTES,255,0,255,0,0,0,0
08/03/2018 10:42,2017,1,WESTERN EUROPE-EU,FRANCE,2,GLASGOW,NICE,194,0,194,186,0,186,4.30108
08/03/2018 10:42,2017,1,WESTERN EUROPE-EU,FRANCE,2,GLASGOW,PARIS (CHARLES DE GAULLE),149948,148876,1072,152404,152404,0,-1.61151
08/03/2018 10:42,2017,1,WESTERN EUROPE-EU,FRANCE,2,GLASGOW,PARIS (LE BOURGET),0,0,0,131,0,131,-100
08/03/2018 10:42,2017,1,WESTERN EUROPE-EU,FRANCE,2,GLASGOW,PARIS (ORLY),98,0,98,0,0,0,0
08/03/2018 10:42,2017,1,WESTERN EUROPE-EU,FRANCE,2,GLASGOW,TARBES-LOURDES INTERNATIONAL,1270,0,1270,1304,0,1304,-2.60736
08/03/2018 10:42,2017,1,WESTERN EUROPE-EU,FRANCE,2,GUERNSEY,DINARD,2712,2604,108,2814,2814,0,-3.62473
08/03/2018 10:42,2017,1,WESTERN EUROPE-EU,FRANCE,2,GUERNSEY,GRENOBLE,739,739,0,927,798,129,-20.28047
08/03/2018 10:42,2017,1,WESTERN EUROPE-EU,FRANCE,2,HUMBERSIDE,ANGERS- MARCE,0,0,0,38,0,38,-100
08/03/2018 10:42,2017,1,WESTERN EUROPE-EU,FRANCE,2,HUMBERSIDE,NANTES,73,0,73,0,0,0,0
08/03/2018 10:42,2017,1,WESTERN EUROPE-EU,FRANCE,2,HUMBERSIDE,NICE,252,0,252,330,0,330,-23.63636
08/03/2018 10:42,2017,1,WESTERN EUROPE-EU,FRANCE,2,HUMBERSIDE,PERPIGNAN,281,0,281,455,44,411,-38.24176
08/03/2018 10:42,2017,1,WESTERN EUROPE-EU,FRANCE,2,ISLE OF MAN,PARIS (CHARLES DE GAULLE),271,0,271,0,0,0,0
08/03/2018 10:42,2017,1,WESTERN EUROPE-EU,FRANCE,2,JERSEY,BREST,0,0,0,146,146,0,-100
08/03/2018 10:42,2017,1,WESTERN EUROPE-EU,FRANCE,2,JERSEY,DINARD,3,3,0,0,0,0,0
08/03/2018 10:42,2017,1,WESTERN EUROPE-EU,FRANCE,2,JERSEY,RENNES,11,0,11,0,0,0,0
08/03/2018 10:42,2017,1,WESTERN EUROPE-EU,FRANCE,2,LEEDS BRADFORD,AVIGNON,0,0,0,71,0,71,-100
08/03/2018 10:42,2017,1,WESTERN EUROPE-EU,FRANCE,2,LEEDS BRADFORD,BERGERAC,5245,5245,0,4486,4486,0,16.9193
08/03/2018 10:42,2017,1,WESTERN EUROPE-EU,FRANCE,2,LEEDS BRADFORD,BORDEAUX,0,0,0,125,125,0,-100
08/03/2018 10:42,2017,1,WESTERN EUROPE-EU,FRANCE,2,LEEDS BRADFORD,CHAMBERY,0,0,0,6259,6259,0,-100
08/03/2018 10:42,2017,1,WESTERN EUROPE-EU,FRANCE,2,LEEDS BRADFORD,GRENOBLE,3540,3540,0,92,92,0,3747.82609
08/03/2018 10:42,2017,1,WESTERN EUROPE-EU,FRANCE,2,LEEDS BRADFORD,LIMOGES,20611,20611,0,19663,19663,0,4.82124
08/03/2018 10:42,2017,1,WESTERN EUROPE-EU,FRANCE,2,LEEDS BRADFORD,MONTPELLIER,7968,7968,0,11609,11609,0,-31.3636
08/03/2018 10:42,2017,1,WESTERN EUROPE-EU,FRANCE,2,LEEDS BRADFORD,NICE,22562,22562,0,16471,16471,0,36.98015
08/03/2018 10:42,2017,1,WESTERN EUROPE-EU,FRANCE,2,LEEDS BRADFORD,PARIS (CHARLES DE GAULLE),49051,49051,0,46604,46604,0,5.25062
08/03/2018 10:42,2017,1,WESTERN EUROPE-EU,FRANCE,2,LEEDS BRADFORD,PERPIGNAN,891,144,747,1003,0,1003,-11.1665
08/03/2018 10:42,2017,1,WESTERN EUROPE-EU,FRANCE,2,LEEDS BRADFORD,TARBES-LOURDES INTERNATIONAL,501,0,501,324,0,324,54.62963
08/03/2018 10:42,2017,1,WESTERN EUROPE-EU,FRANCE,2,LIVERPOOL (JOHN LENNON),BERGERAC,33685,33685,0,32994,32994,0,2.09432
08/03/2018 10:42,2017,1,WESTERN EUROPE-EU,FRANCE,2,LIVERPOOL (JOHN LENNON),BORDEAUX,18169,18169,0,15819,15819,0,14.85555
08/03/2018 10:42,2017,1,WESTERN EUROPE-EU,FRANCE,2,LIVERPOOL (JOHN LENNON),CARCASSONNE,0,0,0,8118,8118,0,-100
08/03/2018 10:42,2017,1,WESTERN EUROPE-EU,FRANCE,2,LIVERPOOL (JOHN LENNON),CHAMBERY,120,0,120,0,0,0,0
08/03/2018 10:42,2017,1,WESTERN EUROPE-EU,FRANCE,2,LIVERPOOL (JOHN LENNON),CHATEAUDUN,0,0,0,124,124,0,-100
08/03/2018 10:42,2017,1,WESTERN EUROPE-EU,FRANCE,2,LIVERPOOL (JOHN LENNON),GRENOBLE,3253,3253,0,4001,4001,0,-18.69533
08/03/2018 10:42,2017,1,WESTERN EUROPE-EU,FRANCE,2,LIVERPOOL (JOHN LENNON),LIMOGES,0,0,0,8182,8182,0,-100
08/03/2018 10:42,2017,1,WESTERN EUROPE-EU,FRANCE,2,LIVERPOOL (JOHN LENNON),LORIENT,143,143,0,0,0,0,0
08/03/2018 10:42,2017,1,WESTERN EUROPE-EU,FRANCE,2,LIVERPOOL (JOHN LENNON),LYON,992,0,992,0,0,0,0
08/03/2018 10:42,2017,1,WESTERN EUROPE-EU,FRANCE,2,LIVERPOOL (JOHN LENNON),NANTES,5522,5522,0,4885,4885,0,13.03992
08/03/2018 10:42,2017,1,WESTERN EUROPE-EU,FRANCE,2,LIVERPOOL (JOHN LENNON),NICE,93325,93325,0,90352,90352,0,3.29046
08/03/2018 10:42,2017,1,WESTERN EUROPE-EU,FRANCE,2,LIVERPOOL (JOHN LENNON),NIMES,11874,11874,0,13104,13104,0,-9.38645
08/03/2018 10:42,2017,1,WESTERN EUROPE-EU,FRANCE,2,LIVERPOOL (JOHN LENNON),PARIS (CHARLES DE GAULLE),75573,75573,0,81396,81396,0,-7.15391
08/03/2018 10:42,2017,1,WESTERN EUROPE-EU,FRANCE,2,LIVERPOOL (JOHN LENNON),PERPIGNAN,134,0,134,126,0,126,6.34921
08/03/2018 10:42,2017,1,WESTERN EUROPE-EU,FRANCE,2,LIVERPOOL (JOHN LENNON),STRASBOURG,0,0,0,358,0,358,-100
08/03/2018 10:42,2017,1,WESTERN EUROPE-EU,FRANCE,2,LIVERPOOL (JOHN LENNON),TARBES-LOURDES INTERNATIONAL,845,0,845,1020,0,1020,-17.15686
08/03/2018 10:42,2017,1,WESTERN EUROPE-EU,FRANCE,2,LYDD,CHAMBERY,0,0,0,31,0,31,-100
08/03/2018 10:42,2017,1,WESTERN EUROPE-EU,FRANCE,2,MANCHESTER,AVIGNON,31,0,31,0,0,0,0
08/03/2018 10:42,2017,1,WESTERN EUROPE-EU,FRANCE,2,MANCHESTER,BASTIA,5343,5343,0,4466,4466,0,19.63726
08/03/2018 10:42,2017,1,WESTERN EUROPE-EU,FRANCE,2,MANCHESTER,BEAUVAIS,40663,40663,0,41991,41991,0,-3.16258
08/03/2018 10:42,2017,1,WESTERN EUROPE-EU,FRANCE,2,MANCHESTER,BERGERAC,2519,2519,0,4775,4775,0,-47.24607
08/03/2018 10:42,2017,1,WESTERN EUROPE-EU,FRANCE,2,MANCHESTER,BEZIERS,25588,25459,129,21723,21723,0,17.7922
08/03/2018 10:42,2017,1,WESTERN EUROPE-EU,FRANCE,2,MANCHESTER,BIARRITZ,0,0,0,43,0,43,-100
08/03/2018 10:42,2017,1,WESTERN EUROPE-EU,FRANCE,2,MANCHESTER,BORDEAUX,84,0,84,0,0,0,0
08/03/2018 10:42,2017,1,WESTERN EUROPE-EU,FRANCE,2,MANCHESTER,CALVI,2487,0,2487,2977,0,2977,-16.45952
08/03/2018 10:42,2017,1,WESTERN EUROPE-EU,FRANCE,2,MANCHESTER,CARCASSONNE,43088,43088,0,31545,31545,0,36.59217
08/03/2018 10:42,2017,1,WESTERN EUROPE-EU,FRANCE,2,MANCHESTER,CHAMBERY,19294,3242,16052,25972,14001,11971,-25.71231
08/03/2018 10:42,2017,1,WESTERN EUROPE-EU,FRANCE,2,MANCHESTER,GRENOBLE,32954,27733,5221,35782,30636,5146,-7.90342
08/03/2018 10:42,2017,1,WESTERN EUROPE-EU,FRANCE,2,MANCHESTER,LA ROCHELLE,2005,2005,0,3312,3312,0,-39.46256
08/03/2018 10:42,2017,1,WESTERN EUROPE-EU,FRANCE,2,MANCHESTER,LILLE,0,0,0,65,65,0,-100
08/03/2018 10:42,2017,1,WESTERN EUROPE-EU,FRANCE,2,MANCHESTER,LIMOGES,53255,53255,0,37938,37938,0,40.37377
08/03/2018 10:42,2017,1,WESTERN EUROPE-EU,FRANCE,2,MANCHESTER,LYON,56334,53350,2984,35257,34461,796,59.78104
08/03/2018 10:42,2017,1,WESTERN EUROPE-EU,FRANCE,2,MANCHESTER,MARSEILLE,24184,24184,0,26559,26212,347,-8.94235
08/03/2018 10:42,2017,1,WESTERN EUROPE-EU,FRANCE,2,MANCHESTER,MONTPELLIER,31,0,31,200,0,200,-84.5
08/03/2018 10:42,2017,1,WESTERN EUROPE-EU,FRANCE,2,MANCHESTER,NANTES,15661,15661,0,18652,18652,0,-16.03581
08/03/2018 10:42,2017,1,WESTERN EUROPE-EU,FRANCE,2,MANCHESTER,NICE,48467,46663,1804,41483,40799,684,16.83581
08/03/2018 10:42,2017,1,WESTERN EUROPE-EU,FRANCE,2,MANCHESTER,PARIS (CHARLES DE GAULLE),629316,629018,298,567409,565460,1949,10.91047
08/03/2018 10:42,2017,1,WESTERN EUROPE-EU,FRANCE,2,MANCHESTER,PARIS (LE BOURGET),0,0,0,64,0,64,-100
08/03/2018 10:42,2017,1,WESTERN EUROPE-EU,FRANCE,2,MANCHESTER,PARIS (ORLY),130,0,130,522,522,0,-75.09579
08/03/2018 10:42,2017,1,WESTERN EUROPE-EU,FRANCE,2,MANCHESTER,PAU,0,0,0,78,0,78,-100
08/03/2018 10:42,2017,1,WESTERN EUROPE-EU,FRANCE,2,MANCHESTER,PERPIGNAN,1276,0,1276,972,0,972,31.27572
08/03/2018 10:42,2017,1,WESTERN EUROPE-EU,FRANCE,2,MANCHESTER,RENNES,3003,3003,0,3231,3231,0,-7.05664
08/03/2018 10:42,2017,1,WESTERN EUROPE-EU,FRANCE,2,MANCHESTER,ST ETIENNE,2402,0,2402,0,0,0,0
08/03/2018 10:42,2017,1,WESTERN EUROPE-EU,FRANCE,2,MANCHESTER,TARBES-LOURDES INTERNATIONAL,3218,0,3218,3897,0,3897,-17.42366
08/03/2018 10:42,2017,1,WESTERN EUROPE-EU,FRANCE,2,MANCHESTER,TOULOUSE (BLAGNAC),63479,58063,5416,22613,17325,5288,180.71906
08/03/2018 10:42,2017,1,WESTERN EUROPE-EU,FRANCE,2,NEWCASTLE,BORDEAUX,262,0,262,0,0,0,0
08/03/2018 10:42,2017,1,WESTERN EUROPE-EU,FRANCE,2,NEWCASTLE,BRIVE-LA-GAILLARDE,0,0,0,80,0,80,-100
08/03/2018 10:42,2017,1,WESTERN EUROPE-EU,FRANCE,2,NEWCASTLE,CHAMBERY,0,0,0,3767,3767,0,-100
08/03/2018 10:42,2017,1,WESTERN EUROPE-EU,FRANCE,2,NEWCASTLE,GRENOBLE,3852,3852,0,160,160,0,2307.5
08/03/2018 10:42,2017,1,WESTERN EUROPE-EU,FRANCE,2,NEWCASTLE,LILLE,0,0,0,39,0,39,-100
08/03/2018 10:42,2017,1,WESTERN EUROPE-EU,FRANCE,2,NEWCASTLE,LYON,0,0,0,39,0,39,-100
08/03/2018 10:42,2017,1,WESTERN EUROPE-EU,FRANCE,2,NEWCASTLE,NICE,23071,22942,129,21387,21387,0,7.87394
08/03/2018 10:42,2017,1,WESTERN EUROPE-EU,FRANCE,2,NEWCASTLE,PARIS (CHARLES DE GAULLE),148184,148184,0,148784,148784,0,-0.40327
08/03/2018 10:42,2017,1,WESTERN EUROPE-EU,FRANCE,2,NEWCASTLE,PERPIGNAN,179,0,179,185,0,185,-3.24324
08/03/2018 10:42,2017,1,WESTERN EUROPE-EU,FRANCE,2,NEWCASTLE,TARBES-LOURDES INTERNATIONAL,1023,1023,0,1102,0,1102,-7.16878
08/03/2018 10:42,2017,1,WESTERN EUROPE-EU,FRANCE,2,NEWCASTLE,TOULOUSE (BLAGNAC),0,0,0,148,0,148,-100
08/03/2018 10:42,2017,1,WESTERN EUROPE-EU,FRANCE,2,NEWQUAY,CHAMBERY,0,0,0,4,4,0,-100
08/03/2018 10:42,2017,1,WESTERN EUROPE-EU,FRANCE,2,NORWICH,CHAMBERY,931,931,0,151,151,0,516.55629
08/03/2018 10:42,2017,1,WESTERN EUROPE-EU,FRANCE,2,PRESTWICK,PARIS (CHARLES DE GAULLE),427,2,425,46,4,42,828.26087
08/03/2018 10:42,2017,1,WESTERN EUROPE-EU,FRANCE,2,PRESTWICK,PARIS (LE BOURGET),0,0,0,41,0,41,-100
08/03/2018 10:42,2017,1,WESTERN EUROPE-EU,FRANCE,2,PRESTWICK,TARBES-LOURDES INTERNATIONAL,262,131,131,0,0,0,0
08/03/2018 10:42,2017,1,WESTERN EUROPE-EU,FRANCE,2,SOUTHAMPTON,AVIGNON,6114,6114,0,4566,4566,0,33.90276
08/03/2018 10:42,2017,1,WESTERN EUROPE-EU,FRANCE,2,SOUTHAMPTON,BASTIA,2141,2141,0,2310,2310,0,-7.31602
08/03/2018 10:42,2017,1,WESTERN EUROPE-EU,FRANCE,2,SOUTHAMPTON,BERGERAC,37490,37490,0,36257,36257,0,3.40072
08/03/2018 10:42,2017,1,WESTERN EUROPE-EU,FRANCE,2,SOUTHAMPTON,BIARRITZ,5416,5416,0,3868,3868,0,40.02068
08/03/2018 10:42,2017,1,WESTERN EUROPE-EU,FRANCE,2,SOUTHAMPTON,BORDEAUX,13937,13937,0,4724,4724,0,195.0254
08/03/2018 10:42,2017,1,WESTERN EUROPE-EU,FRANCE,2,SOUTHAMPTON,BREST,2916,2916,0,4372,4372,0,-33.30284
08/03/2018 10:42,2017,1,WESTERN EUROPE-EU,FRANCE,2,SOUTHAMPTON,CHAMBERY,8658,5994,2664,9509,5353,4156,-8.94942
08/03/2018 10:42,2017,1,WESTERN EUROPE-EU,FRANCE,2,SOUTHAMPTON,GRENOBLE,21,21,0,0,0,0,0
08/03/2018 10:42,2017,1,WESTERN EUROPE-EU,FRANCE,2,SOUTHAMPTON,LA ROCHELLE,17352,17352,0,16678,16678,0,4.04125
08/03/2018 10:42,2017,1,WESTERN EUROPE-EU,FRANCE,2,SOUTHAMPTON,LIMOGES,17444,17444,0,14183,14183,0,22.99231
08/03/2018 10:42,2017,1,WESTERN EUROPE-EU,FRANCE,2,SOUTHAMPTON,LYON,18647,18647,0,11374,11374,0,63.94408
08/03/2018 10:42,2017,1,WESTERN EUROPE-EU,FRANCE,2,SOUTHAMPTON,NANTES,23139,23139,0,25297,24871,426,-8.53066
08/03/2018 10:42,2017,1,WESTERN EUROPE-EU,FRANCE,2,SOUTHAMPTON,PARIS (CHARLES DE GAULLE),63032,63032,0,25389,25389,0,148.265
08/03/2018 10:42,2017,1,WESTERN EUROPE-EU,FRANCE,2,SOUTHAMPTON,PARIS (LE BOURGET),0,0,0,35,0,35,-100
08/03/2018 10:42,2017,1,WESTERN EUROPE-EU,FRANCE,2,SOUTHAMPTON,PARIS (ORLY),14392,14321,71,64961,64961,0,-77.84517
08/03/2018 10:42,2017,1,WESTERN EUROPE-EU,FRANCE,2,SOUTHAMPTON,PERPIGNAN,2326,2326,0,2808,2808,0,-17.16524
08/03/2018 10:42,2017,1,WESTERN EUROPE-EU,FRANCE,2,SOUTHAMPTON,RENNES,15588,15588,0,19044,19044,0,-18.14745
08/03/2018 10:42,2017,1,WESTERN EUROPE-EU,FRANCE,2,SOUTHAMPTON,RODEZ,851,851,0,0,0,0,0
08/03/2018 10:42,2017,1,WESTERN EUROPE-EU,FRANCE,2,SOUTHAMPTON,TARBES-LOURDES INTERNATIONAL,328,180,148,645,0,645,-49.14729
08/03/2018 10:42,2017,1,WESTERN EUROPE-EU,FRANCE,2,SOUTHAMPTON,TOULON / HYERES,9024,9024,0,4527,4527,0,99.33731
08/03/2018 10:42,2017,1,WESTERN EUROPE-EU,FRANCE,2,SOUTHAMPTON,TOULOUSE (BLAGNAC),1,1,0,0,0,0,0
08/03/2018 10:42,2017,1,WESTERN EUROPE-EU,GERMANY,1,GATWICK,BERLIN (SCHONEFELD),488945,488497,448,592605,591843,762,-17.49226
08/03/2018 10:42,2017,1,WESTERN EUROPE-EU,GERMANY,1,GATWICK,BREMEN,0,0,0,10,0,10,-100
08/03/2018 10:42,2017,1,WESTERN EUROPE-EU,GERMANY,1,GATWICK,COLOGNE BONN,0,0,0,11625,11313,312,-100
08/03/2018 10:42,2017,1,WESTERN EUROPE-EU,GERMANY,1,GATWICK,DRESDEN,1430,1430,0,0,0,0,0
08/03/2018 10:42,2017,1,WESTERN EUROPE-EU,GERMANY,1,GATWICK,DUSSELDORF,8,0,8,14202,14077,125,-99.94367
08/03/2018 10:42,2017,1,WESTERN EUROPE-EU,GERMANY,1,GATWICK,ERFURT,1,0,1,0,0,0,0
08/03/2018 10:42,2017,1,WESTERN EUROPE-EU,GERMANY,1,GATWICK,FRANKFURT MAIN,89,50,39,36,36,0,147.22222
08/03/2018 10:42,2017,1,WESTERN EUROPE-EU,GERMANY,1,GATWICK,FRIEDRICHSHAFEN,22405,15412,6993,25219,13344,11875,-11.15825
08/03/2018 10:42,2017,1,WESTERN EUROPE-EU,GERMANY,1,GATWICK,HAMBURG,154660,154660,0,157823,157823,0,-2.00414
08/03/2018 10:42,2017,1,WESTERN EUROPE-EU,GERMANY,1,GATWICK,LEIPZIG,427,0,427,0,0,0,0
08/03/2018 10:42,2017,1,WESTERN EUROPE-EU,GERMANY,1,GATWICK,MUNICH,254956,254209,747,236275,236272,3,7.90646
08/03/2018 10:42,2017,1,WESTERN EUROPE-EU,GERMANY,1,GATWICK,MUNSTER-OSNABRUCK,139,0,139,0,0,0,0
08/03/2018 10:42,2017,1,WESTERN EUROPE-EU,GERMANY,1,GATWICK,NUREMBERG,4691,4691,0,0,0,0,0
08/03/2018 10:42,2017,1,WESTERN EUROPE-EU,GERMANY,1,GATWICK,ROSTOCK-LAAGE,1,0,1,0,0,0,0
08/03/2018 10:42,2017,1,WESTERN EUROPE-EU,GERMANY,1,GATWICK,STUTTGART,128760,128580,180,131095,131094,1,-1.78115
08/03/2018 10:42,2017,1,WESTERN EUROPE-EU,GERMANY,1,HEATHROW,BERLIN (TEGEL),779203,778561,642,811434,811434,0,-3.9721
08/03/2018 10:42,2017,1,WESTERN EUROPE-EU,GERMANY,1,HEATHROW,COLOGNE BONN,179102,179030,72,178918,178918,0,0.10284
08/03/2018 10:42,2017,1,WESTERN EUROPE-EU,GERMANY,1,HEATHROW,DORTMUND,0,0,0,117,117,0,-100
08/03/2018 10:42,2017,1,WESTERN EUROPE-EU,GERMANY,1,HEATHROW,DUSSELDORF,741486,741486,0,718470,718470,0,3.20347
08/03/2018 10:42,2017,1,WESTERN EUROPE-EU,GERMANY,1,HEATHROW,FRANKFURT MAIN,1501134,1501134,0,1493204,1493204,0,0.53107
08/03/2018 10:42,2017,1,WESTERN EUROPE-EU,GERMANY,1,HEATHROW,FRIEDRICHSHAFEN,814,0,814,665,0,665,22.40602
08/03/2018 10:42,2017,1,WESTERN EUROPE-EU,GERMANY,1,HEATHROW,HAMBURG,584508,584508,0,577265,577265,0,1.25471
08/03/2018 10:42,2017,1,WESTERN EUROPE-EU,GERMANY,1,HEATHROW,HANOVER,212274,212274,0,202112,202112,0,5.02791
08/03/2018 10:42,2017,1,WESTERN EUROPE-EU,GERMANY,1,HEATHROW,MUNICH,1190441,1190441,0,1215546,1215546,0,-2.06533
08/03/2018 10:42,2017,1,WESTERN EUROPE-EU,GERMANY,1,HEATHROW,STUTTGART,317014,317014,0,315768,315768,0,0.39459
08/03/2018 10:42,2017,1,WESTERN EUROPE-EU,GERMANY,1,LONDON CITY,BERLIN (TEGEL),109586,109492,94,54729,54729,0,100.23388
08/03/2018 10:42,2017,1,WESTERN EUROPE-EU,GERMANY,1,LONDON CITY,BREMEN,985,985,0,1720,1720,0,-42.73256
08/03/2018 10:42,2017,1,WESTERN EUROPE-EU,GERMANY,1,LONDON CITY,DUSSELDORF,155803,155803,0,74580,74580,0,108.90721
08/03/2018 10:42,2017,1,WESTERN EUROPE-EU,GERMANY,1,LONDON CITY,FRANKFURT MAIN,247322,247250,72,241084,241084,0,2.58748
08/03/2018 10:42,2017,1,WESTERN EUROPE-EU,GERMANY,1,LONDON CITY,HAMBURG,13291,13291,0,35378,35378,0,-62.43145
08/03/2018 10:42,2017,1,WESTERN EUROPE-EU,GERMANY,1,LONDON CITY,HANOVER,0,0,0,19,0,19,-100
08/03/2018 10:42,2017,1,WESTERN EUROPE-EU,GERMANY,1,LONDON CITY,MUNSTER-OSNABRUCK,44,0,44,0,0,0,0
08/03/2018 10:42,2017,1,WESTERN EUROPE-EU,GERMANY,1,LONDON CITY,STUTTGART,0,0,0,144,0,144,-100
08/03/2018 10:42,2017,1,WESTERN EUROPE-EU,GERMANY,1,LUTON,BERLIN (SCHONEFELD),187393,187393,0,174320,174228,92,7.49943
08/03/2018 10:42,2017,1,WESTERN EUROPE-EU,GERMANY,1,LUTON,BERLIN (TEGEL),99,0,99,114,114,0,-13.15789
08/03/2018 10:42,2017,1,WESTERN EUROPE-EU,GERMANY,1,LUTON,COLOGNE BONN,226,83,143,710,154,556,-68.16901
08/03/2018 10:42,2017,1,WESTERN EUROPE-EU,GERMANY,1,LUTON,DORTMUND,95283,95283,0,90149,90149,0,5.69502
08/03/2018 10:42,2017,1,WESTERN EUROPE-EU,GERMANY,1,LUTON,DRESDEN,709,709,0,0,0,0,0
08/03/2018 10:42,2017,1,WESTERN EUROPE-EU,GERMANY,1,LUTON,DUSSELDORF,0,0,0,5,0,5,-100
08/03/2018 10:42,2017,1,WESTERN EUROPE-EU,GERMANY,1,LUTON,ERFURT,0,0,0,1,0,1,-100
08/03/2018 10:42,2017,1,WESTERN EUROPE-EU,GERMANY,1,LUTON,FRANKFURT MAIN,15,0,15,10,0,10,50
08/03/2018 10:42,2017,1,WESTERN EUROPE-EU,GERMANY,1,LUTON,FRIEDRICHSHAFEN,0,0,0,8,0,8,-100
08/03/2018 10:42,2017,1,WESTERN EUROPE-EU,GERMANY,1,LUTON,HAHN,0,0,0,50,0,50,-100
08/03/2018 10:42,2017,1,WESTERN EUROPE-EU,GERMANY,1,LUTON,HAMBURG,84567,84567,0,89949,89949,0,-5.98339
08/03/2018 10:42,2017,1,WESTERN EUROPE-EU,GERMANY,1,LUTON,HANOVER,152,152,0,76,0,76,100
08/03/2018 10:42,2017,1,WESTERN EUROPE-EU,GERMANY,1,LUTON,KASSEL,0,0,0,2,0,2,-100
08/03/2018 10:42,2017,1,WESTERN EUROPE-EU,GERMANY,1,LUTON,MEMMINGEN ALLGAU,2,0,2,0,0,0,0
08/03/2018 10:42,2017,1,WESTERN EUROPE-EU,GERMANY,1,LUTON,MUNICH,94553,94023,530,74486,74481,5,26.94063
08/03/2018 10:42,2017,1,WESTERN EUROPE-EU,GERMANY,1,LUTON,NIEDERRHEIN,19956,19956,0,0,0,0,0
08/03/2018 10:42,2017,1,WESTERN EUROPE-EU,GERMANY,1,LUTON,NUREMBERG,0,0,0,10,0,10,-100
08/03/2018 10:42,2017,1,WESTERN EUROPE-EU,GERMANY,1,LUTON,STUTTGART,208,0,208,49,0,49,324.4898
08/03/2018 10:42,2017,1,WESTERN EUROPE-EU,GERMANY,1,SOUTHEND,BERLIN (SCHONEFELD),0,0,0,4824,4824,0,-100
08/03/2018 10:42,2017,1,WESTERN EUROPE-EU,GERMANY,1,SOUTHEND,BERLIN (TEGEL),0,0,0,57,57,0,-100
08/03/2018 10:42,2017,1,WESTERN EUROPE-EU,GERMANY,1,SOUTHEND,BREMEN,41,41,0,0,0,0,0
08/03/2018 10:42,2017,1,WESTERN EUROPE-EU,GERMANY,1,SOUTHEND,COLOGNE BONN,17540,17540,0,0,0,0,0
08/03/2018 10:42,2017,1,WESTERN EUROPE-EU,GERMANY,1,SOUTHEND,DUSSELDORF,168,168,0,225,225,0,-25.33333
08/03/2018 10:42,2017,1,WESTERN EUROPE-EU,GERMANY,1,SOUTHEND,FRANKFURT MAIN,31,31,0,197,197,0,-84.26396
08/03/2018 10:42,2017,1,WESTERN EUROPE-EU,GERMANY,1,SOUTHEND,HAMBURG,37,37,0,0,0,0,0
08/03/2018 10:42,2017,1,WESTERN EUROPE-EU,GERMANY,1,SOUTHEND,MUNSTER-OSNABRUCK,0,0,0,178,178,0,-100
08/03/2018 10:42,2017,1,WESTERN EUROPE-EU,GERMANY,1,STANSTED,BERLIN (SCHONEFELD),437820,437820,0,456246,456246,0,-4.03861
08/03/2018 10:42,2017,1,WESTERN EUROPE-EU,GERMANY,1,STANSTED,BERLIN (TEGEL),7121,7020,101,4032,3704,328,76.6121
08/03/2018 10:42,2017,1,WESTERN EUROPE-EU,GERMANY,1,STANSTED,BRAUNSCHWEIG,255,0,255,0,0,0,0
08/03/2018 10:42,2017,1,WESTERN EUROPE-EU,GERMANY,1,STANSTED,BREMEN,156937,156937,0,193273,193273,0,-18.80035
08/03/2018 10:42,2017,1,WESTERN EUROPE-EU,GERMANY,1,STANSTED,COLOGNE BONN,414955,414672,283,451630,449918,1712,-8.12059
08/03/2018 10:42,2017,1,WESTERN EUROPE-EU,GERMANY,1,STANSTED,DORTMUND,119523,119523,0,118353,118353,0,0.98857
08/03/2018 10:42,2017,1,WESTERN EUROPE-EU,GERMANY,1,STANSTED,DUSSELDORF,85,85,0,0,0,0,0
08/03/2018 10:42,2017,1,WESTERN EUROPE-EU,GERMANY,1,STANSTED,FRANKFURT MAIN,54861,54861,0,361,0,361,15096.95291
08/03/2018 10:42,2017,1,WESTERN EUROPE-EU,GERMANY,1,STANSTED,FRIEDRICHSHAFEN,146,146,0,187,187,0,-21.92513
08/03/2018 10:42,2017,1,WESTERN EUROPE-EU,GERMANY,1,STANSTED,HAHN,118544,118544,0,218822,218822,0,-45.82629
08/03/2018 10:42,2017,1,WESTERN EUROPE-EU,GERMANY,1,STANSTED,HAMBURG,216774,216774,0,36675,36675,0,491.06748
08/03/2018 10:42,2017,1,WESTERN EUROPE-EU,GERMANY,1,STANSTED,HANOVER,55915,55915,0,66158,65596,562,-15.48263
08/03/2018 10:42,2017,1,WESTERN EUROPE-EU,GERMANY,1,STANSTED,KARLSRUHE/BADEN BADEN,122582,122582,0,111953,111953,0,9.49416
08/03/2018 10:42,2017,1,WESTERN EUROPE-EU,GERMANY,1,STANSTED,LEIPZIG,49561,49561,0,49310,49310,0,0.50902
08/03/2018 10:42,2017,1,WESTERN EUROPE-EU,GERMANY,1,STANSTED,MEMMINGEN ALLGAU,94015,94015,0,99577,99577,0,-5.58563
08/03/2018 10:42,2017,1,WESTERN EUROPE-EU,GERMANY,1,STANSTED,MUNICH,159315,158380,935,109047,108035,1012,46.09755
08/03/2018 10:42,2017,1,WESTERN EUROPE-EU,GERMANY,1,STANSTED,MUNSTER-OSNABRUCK,146,0,146,0,0,0,0
08/03/2018 10:42,2017,1,WESTERN EUROPE-EU,GERMANY,1,STANSTED,NIEDERRHEIN,31960,31960,0,95800,95800,0,-66.63883
08/03/2018 10:42,2017,1,WESTERN EUROPE-EU,GERMANY,1,STANSTED,NUREMBERG,192636,192636,0,137742,137742,0,39.85277
08/03/2018 10:42,2017,1,WESTERN EUROPE-EU,GERMANY,1,STANSTED,STUTTGART,80110,80110,0,74721,74721,0,7.21216
08/03/2018 10:42,2017,1,WESTERN EUROPE-EU,GERMANY,2,ABERDEEN,FRANKFURT MAIN,103506,103506,0,127324,127324,0,-18.70661
08/03/2018 10:42,2017,1,WESTERN EUROPE-EU,GERMANY,2,ABERDEEN,FRIEDRICHSHAFEN,150,0,150,252,0,252,-40.47619
08/03/2018 10:42,2017,1,WESTERN EUROPE-EU,GERMANY,2,BELFAST CITY (GEORGE BEST),FRANKFURT MAIN,120,0,120,0,0,0,0
08/03/2018 10:42,2017,1,WESTERN EUROPE-EU,GERMANY,2,BELFAST INTERNATIONAL,BERLIN (SCHONEFELD),44683,44683,0,15209,15209,0,193.79315
08/03/2018 10:42,2017,1,WESTERN EUROPE-EU,GERMANY,2,BELFAST INTERNATIONAL,DUSSELDORF,0,0,0,98,0,98,-100
08/03/2018 10:42,2017,1,WESTERN EUROPE-EU,GERMANY,2,BELFAST INTERNATIONAL,FRANKFURT MAIN,276,0,276,0,0,0,0
08/03/2018 10:42,2017,1,WESTERN EUROPE-EU,GERMANY,2,BELFAST INTERNATIONAL,HANOVER,0,0,0,393,0,393,-100
08/03/2018 10:42,2017,1,WESTERN EUROPE-EU,GERMANY,2,BIRMINGHAM,BERLIN (SCHONEFELD),176,176,0,355,175,180,-50.42254
08/03/2018 10:42,2017,1,WESTERN EUROPE-EU,GERMANY,2,BIRMINGHAM,BERLIN (TEGEL),75815,75736,79,69468,69468,0,9.13658
08/03/2018 10:42,2017,1,WESTERN EUROPE-EU,GERMANY,2,BIRMINGHAM,BREMEN,3,3,0,0,0,0,0
08/03/2018 10:42,2017,1,WESTERN EUROPE-EU,GERMANY,2,BIRMINGHAM,COLOGNE BONN,41,41,0,0,0,0,0
08/03/2018 10:42,2017,1,WESTERN EUROPE-EU,GERMANY,2,BIRMINGHAM,DORTMUND,149,0,149,0,0,0,0
08/03/2018 10:42,2017,1,WESTERN EUROPE-EU,GERMANY,2,BIRMINGHAM,DRESDEN,136,0,136,0,0,0,0
08/03/2018 10:42,2017,1,WESTERN EUROPE-EU,GERMANY,2,BIRMINGHAM,DUSSELDORF,270940,270874,66,241690,241567,123,12.10228
08/03/2018 10:42,2017,1,WESTERN EUROPE-EU,GERMANY,2,BIRMINGHAM,FRANKFURT MAIN,306599,306450,149,310788,310788,0,-1.34786
08/03/2018 10:42,2017,1,WESTERN EUROPE-EU,GERMANY,2,BIRMINGHAM,FRIEDRICHSHAFEN,48,0,48,0,0,0,0
08/03/2018 10:42,2017,1,WESTERN EUROPE-EU,GERMANY,2,BIRMINGHAM,HAHN,0,0,0,228,0,228,-100
08/03/2018 10:42,2017,1,WESTERN EUROPE-EU,GERMANY,2,BIRMINGHAM,HAMBURG,24505,24505,0,30764,30764,0,-20.34521
08/03/2018 10:42,2017,1,WESTERN EUROPE-EU,GERMANY,2,BIRMINGHAM,HANOVER,41355,41355,0,48856,48856,0,-15.35328
08/03/2018 10:42,2017,1,WESTERN EUROPE-EU,GERMANY,2,BIRMINGHAM,LEIPZIG,118,118,0,0,0,0,0
08/03/2018 10:42,2017,1,WESTERN EUROPE-EU,GERMANY,2,BIRMINGHAM,MUNICH,204954,203597,1357,196363,195409,954,4.37506
08/03/2018 10:42,2017,1,WESTERN EUROPE-EU,GERMANY,2,BIRMINGHAM,MUNSTER-OSNABRUCK,0,0,0,151,0,151,-100
08/03/2018 10:42,2017,1,WESTERN EUROPE-EU,GERMANY,2,BIRMINGHAM,NIEDERRHEIN,46,0,46,0,0,0,0
08/03/2018 10:42,2017,1,WESTERN EUROPE-EU,GERMANY,2,BIRMINGHAM,NUREMBERG,5782,5782,0,0,0,0,0
08/03/2018 10:42,2017,1,WESTERN EUROPE-EU,GERMANY,2,BIRMINGHAM,PADERBORN,4818,3732,1086,11859,4652,7207,-59.37263
08/03/2018 10:42,2017,1,WESTERN EUROPE-EU,GERMANY,2,BIRMINGHAM,STUTTGART,68457,68457,0,80254,80254,0,-14.69958
08/03/2018 10:42,2017,1,WESTERN EUROPE-EU,GERMANY,2,BOURNEMOUTH,COLOGNE BONN,0,0,0,56,56,0,-100
08/03/2018 10:42,2017,1,WESTERN EUROPE-EU,GERMANY,2,BOURNEMOUTH,DUSSELDORF,0,0,0,21,21,0,-100
08/03/2018 10:42,2017,1,WESTERN EUROPE-EU,GERMANY,2,BOURNEMOUTH,MUNICH,53,0,53,0,0,0,0
08/03/2018 10:42,2017,1,WESTERN EUROPE-EU,GERMANY,2,BOURNEMOUTH,NIEDERRHEIN,46,0,46,0,0,0,0
08/03/2018 10:42,2017,1,WESTERN EUROPE-EU,GERMANY,2,BRISTOL,BERLIN (SCHONEFELD),83438,83438,0,82579,82579,0,1.04022
08/03/2018 10:42,2017,1,WESTERN EUROPE-EU,GERMANY,2,BRISTOL,BREMEN,50,0,50,0,0,0,0
08/03/2018 10:42,2017,1,WESTERN EUROPE-EU,GERMANY,2,BRISTOL,COLOGNE BONN,10758,10758,0,186,0,186,5683.87097
08/03/2018 10:42,2017,1,WESTERN EUROPE-EU,GERMANY,2,BRISTOL,DORTMUND,215,0,215,0,0,0,0
08/03/2018 10:42,2017,1,WESTERN EUROPE-EU,GERMANY,2,BRISTOL,DUSSELDORF,16196,16196,0,14741,14741,0,9.87043
08/03/2018 10:42,2017,1,WESTERN EUROPE-EU,GERMANY,2,BRISTOL,FRANKFURT MAIN,49342,49342,0,43344,43344,0,13.83813
08/03/2018 10:42,2017,1,WESTERN EUROPE-EU,GERMANY,2,BRISTOL,HAMBURG,15483,15483,0,13707,13707,0,12.95688
08/03/2018 10:42,2017,1,WESTERN EUROPE-EU,GERMANY,2,BRISTOL,HANOVER,0,0,0,23,0,23,-100
08/03/2018 10:42,2017,1,WESTERN EUROPE-EU,GERMANY,2,BRISTOL,MUNICH,42482,42241,241,36372,36124,248,16.79864
08/03/2018 10:42,2017,1,WESTERN EUROPE-EU,GERMANY,2,BRISTOL,STUTTGART,95,0,95,0,0,0,0
08/03/2018 10:42,2017,1,WESTERN EUROPE-EU,GERMANY,2,CARDIFF WALES,BERLIN (SCHONEFELD),43,43,0,0,0,0,0
08/03/2018 10:42,2017,1,WESTERN EUROPE-EU,GERMANY,2,CARDIFF WALES,BERLIN (TEGEL),18559,18559,0,3110,3110,0,496.75241
08/03/2018 10:42,2017,1,WESTERN EUROPE-EU,GERMANY,2,CARDIFF WALES,DUSSELDORF,2663,2663,0,3633,3633,0,-26.6997
08/03/2018 10:42,2017,1,WESTERN EUROPE-EU,GERMANY,2,CARDIFF WALES,FRANKFURT MAIN,131,91,40,0,0,0,0
08/03/2018 10:42,2017,1,WESTERN EUROPE-EU,GERMANY,2,CARDIFF WALES,HAHN,101,0,101,0,0,0,0
08/03/2018 10:42,2017,1,WESTERN EUROPE-EU,GERMANY,2,CARDIFF WALES,HAMBURG,32,32,0,0,0,0,0
08/03/2018 10:42,2017,1,WESTERN EUROPE-EU,GERMANY,2,CARDIFF WALES,MUNICH,17955,17955,0,18674,18674,0,-3.85027
08/03/2018 10:42,2017,1,WESTERN EUROPE-EU,GERMANY,2,DONCASTER SHEFFIELD,BERLIN (TEGEL),20247,20247,0,19755,19755,0,2.49051
08/03/2018 10:42,2017,1,WESTERN EUROPE-EU,GERMANY,2,DONCASTER SHEFFIELD,DUSSELDORF,1229,1229,0,2821,2821,0,-56.43389
08/03/2018 10:42,2017,1,WESTERN EUROPE-EU,GERMANY,2,DURHAM TEES VALLEY,FRIEDRICHSHAFEN,115,115,0,241,0,241,-52.28216
08/03/2018 10:42,2017,1,WESTERN EUROPE-EU,GERMANY,2,DURHAM TEES VALLEY,GEILENKIRCHEN,0,0,0,9,0,9,-100
08/03/2018 10:42,2017,1,WESTERN EUROPE-EU,GERMANY,2,DURHAM TEES VALLEY,MEMMINGEN ALLGAU,45,0,45,0,0,0,0
08/03/2018 10:42,2017,1,WESTERN EUROPE-EU,GERMANY,2,EAST MIDLANDS INTERNATIONAL,BADEN BADEN,0,0,0,82,0,82,-100
08/03/2018 10:42,2017,1,WESTERN EUROPE-EU,GERMANY,2,EAST MIDLANDS INTERNATIONAL,BERLIN (SCHONEFELD),49896,49896,0,51152,51152,0,-2.45543
08/03/2018 10:42,2017,1,WESTERN EUROPE-EU,GERMANY,2,EAST MIDLANDS INTERNATIONAL,COLOGNE BONN,183,183,0,0,0,0,0
08/03/2018 10:42,2017,1,WESTERN EUROPE-EU,GERMANY,2,EAST MIDLANDS INTERNATIONAL,DUSSELDORF,48,0,48,13083,13083,0,-99.63311
08/03/2018 10:42,2017,1,WESTERN EUROPE-EU,GERMANY,2,EAST MIDLANDS INTERNATIONAL,HAMBURG,174,174,0,0,0,0,0
08/03/2018 10:42,2017,1,WESTERN EUROPE-EU,GERMANY,2,EAST MIDLANDS INTERNATIONAL,HANOVER,0,0,0,92,92,0,-100
08/03/2018 10:42,2017,1,WESTERN EUROPE-EU,GERMANY,2,EAST MIDLANDS INTERNATIONAL,LEIPZIG,321,321,0,0,0,0,0
08/03/2018 10:42,2017,1,WESTERN EUROPE-EU,GERMANY,2,EAST MIDLANDS INTERNATIONAL,MUNSTER-OSNABRUCK,212,0,212,0,0,0,0
08/03/2018 10:42,2017,1,WESTERN EUROPE-EU,GERMANY,2,EDINBURGH,BERLIN (SCHONEFELD),79769,79769,0,68704,68704,0,16.10532
08/03/2018 10:42,2017,1,WESTERN EUROPE-EU,GERMANY,2,EDINBURGH,BREMEN,31704,31704,0,29314,29314,0,8.1531
08/03/2018 10:42,2017,1,WESTERN EUROPE-EU,GERMANY,2,EDINBURGH,COLOGNE BONN,56179,55926,253,51351,51351,0,9.40196
08/03/2018 10:42,2017,1,WESTERN EUROPE-EU,GERMANY,2,EDINBURGH,DUSSELDORF,27596,27596,0,20123,20123,0,37.13661
08/03/2018 10:42,2017,1,WESTERN EUROPE-EU,GERMANY,2,EDINBURGH,FRANKFURT MAIN,190659,190601,58,197174,197174,0,-3.30419
08/03/2018 10:42,2017,1,WESTERN EUROPE-EU,GERMANY,2,EDINBURGH,FRIEDRICHSHAFEN,30,0,30,55,0,55,-45.45455
08/03/2018 10:42,2017,1,WESTERN EUROPE-EU,GERMANY,2,EDINBURGH,HAHN,30756,30756,0,38492,38492,0,-20.09768
08/03/2018 10:42,2017,1,WESTERN EUROPE-EU,GERMANY,2,EDINBURGH,HAMBURG,72617,72617,0,61194,61090,104,18.66686
08/03/2018 10:42,2017,1,WESTERN EUROPE-EU,GERMANY,2,EDINBURGH,KARLSRUHE/BADEN BADEN,4256,4256,0,0,0,0,0
08/03/2018 10:42,2017,1,WESTERN EUROPE-EU,GERMANY,2,EDINBURGH,LEIPZIG,0,0,0,111,0,111,-100
08/03/2018 10:42,2017,1,WESTERN EUROPE-EU,GERMANY,2,EDINBURGH,MUNICH,148259,148259,0,99972,99972,0,48.30052
08/03/2018 10:42,2017,1,WESTERN EUROPE-EU,GERMANY,2,EDINBURGH,MUNSTER-OSNABRUCK,0,0,0,85,0,85,-100
08/03/2018 10:42,2017,1,WESTERN EUROPE-EU,GERMANY,2,EDINBURGH,NIEDERRHEIN,52631,52631,0,55678,55678,0,-5.47254
08/03/2018 10:42,2017,1,WESTERN EUROPE-EU,GERMANY,2,EDINBURGH,STUTTGART,28836,28836,0,47630,47598,32,-39.45832
08/03/2018 10:42,2017,1,WESTERN EUROPE-EU,GERMANY,2,EXETER,DUSSELDORF,50,50,0,51,51,0,-1.96078
08/03/2018 10:42,2017,1,WESTERN EUROPE-EU,GERMANY,2,EXETER,FRANKFURT MAIN,114,114,0,28,28,0,307.14286
08/03/2018 10:42,2017,1,WESTERN EUROPE-EU,GERMANY,2,EXETER,FRIEDRICHSHAFEN,130,0,130,214,0,214,-39.25234
08/03/2018 10:42,2017,1,WESTERN EUROPE-EU,GERMANY,2,EXETER,HAMBURG,90,90,0,0,0,0,0
08/03/2018 10:42,2017,1,WESTERN EUROPE-EU,GERMANY,2,EXETER,MUNICH,138,106,32,0,0,0,0
08/03/2018 10:42,2017,1,WESTERN EUROPE-EU,GERMANY,2,GLASGOW,BERLIN (SCHONEFELD),207428,207428,0,168558,168558,0,23.06031
08/03/2018 10:42,2017,1,WESTERN EUROPE-EU,GERMANY,2,GLASGOW,BRAUNSCHWEIG,0,0,0,84,0,84,-100
08/03/2018 10:42,2017,1,WESTERN EUROPE-EU,GERMANY,2,GLASGOW,COLOGNE BONN,0,0,0,672,0,672,-100
08/03/2018 10:42,2017,1,WESTERN EUROPE-EU,GERMANY,2,GLASGOW,DRESDEN,130,130,0,0,0,0,0
08/03/2018 10:42,2017,1,WESTERN EUROPE-EU,GERMANY,2,GLASGOW,DUSSELDORF,51113,51113,0,37338,36757,581,36.89271
08/03/2018 10:42,2017,1,WESTERN EUROPE-EU,GERMANY,2,GLASGOW,ERFURT,142,0,142,161,0,161,-11.80124
08/03/2018 10:42,2017,1,WESTERN EUROPE-EU,GERMANY,2,GLASGOW,FRANKFURT MAIN,29940,29784,156,0,0,0,0
08/03/2018 10:42,2017,1,WESTERN EUROPE-EU,GERMANY,2,GLASGOW,FRIEDRICHSHAFEN,64,0,64,118,0,118,-45.76271
08/03/2018 10:42,2017,1,WESTERN EUROPE-EU,GERMANY,2,GLASGOW,LEIPZIG,606,0,606,0,0,0,0
08/03/2018 10:42,2017,1,WESTERN EUROPE-EU,GERMANY,2,GLASGOW,MUNICH,10711,7120,3591,4395,4395,0,143.70876
08/03/2018 10:42,2017,1,WESTERN EUROPE-EU,GERMANY,2,GLASGOW,NIEDERRHEIN,0,0,0,284,0,284,-100
08/03/2018 10:42,2017,1,WESTERN EUROPE-EU,GERMANY,2,GUERNSEY,DUSSELDORF,1191,1191,0,2858,2858,0,-58.3275
08/03/2018 10:42,2017,1,WESTERN EUROPE-EU,GERMANY,2,GUERNSEY,STUTTGART,0,0,0,1818,1818,0,-100
08/03/2018 10:42,2017,1,WESTERN EUROPE-EU,GERMANY,2,HUMBERSIDE,FRIEDRICHSHAFEN,244,0,244,210,0,210,16.19048
08/03/2018 10:42,2017,1,WESTERN EUROPE-EU,GERMANY,2,HUMBERSIDE,HAMBURG,0,0,0,54,0,54,-100
08/03/2018 10:42,2017,1,WESTERN EUROPE-EU,GERMANY,2,ISLE OF MAN,FRIEDRICHSHAFEN,101,0,101,0,0,0,0
08/03/2018 10:42,2017,1,WESTERN EUROPE-EU,GERMANY,2,JERSEY,BERLIN (TEGEL),0,0,0,1630,1630,0,-100
08/03/2018 10:42,2017,1,WESTERN EUROPE-EU,GERMANY,2,JERSEY,BREMEN,290,290,0,264,264,0,9.84848
08/03/2018 10:42,2017,1,WESTERN EUROPE-EU,GERMANY,2,JERSEY,DRESDEN,288,288,0,290,290,0,-0.68966
08/03/2018 10:42,2017,1,WESTERN EUROPE-EU,GERMANY,2,JERSEY,DUSSELDORF,7656,7656,0,8819,8819,0,-13.18744
08/03/2018 10:42,2017,1,WESTERN EUROPE-EU,GERMANY,2,JERSEY,ERFURT,73,0,73,274,274,0,-73.35766
08/03/2018 10:42,2017,1,WESTERN EUROPE-EU,GERMANY,2,JERSEY,FRANKFURT MAIN,294,294,0,0,0,0,0
08/03/2018 10:42,2017,1,WESTERN EUROPE-EU,GERMANY,2,JERSEY,FRIEDRICHSHAFEN,420,282,138,372,221,151,12.90323
08/03/2018 10:42,2017,1,WESTERN EUROPE-EU,GERMANY,2,JERSEY,HANOVER,0,0,0,2210,2210,0,-100
08/03/2018 10:42,2017,1,WESTERN EUROPE-EU,GERMANY,2,JERSEY,KARLSRUHE/BADEN BADEN,0,0,0,254,254,0,-100
08/03/2018 10:42,2017,1,WESTERN EUROPE-EU,GERMANY,2,JERSEY,KASSEL,230,230,0,0,0,0,0
08/03/2018 10:42,2017,1,WESTERN EUROPE-EU,GERMANY,2,JERSEY,LUBECK,0,0,0,284,284,0,-100
08/03/2018 10:42,2017,1,WESTERN EUROPE-EU,GERMANY,2,JERSEY,MUNICH,3244,3244,0,2884,2884,0,12.48266
08/03/2018 10:42,2017,1,WESTERN EUROPE-EU,GERMANY,2,JERSEY,STUTTGART,146,146,0,2580,2580,0,-94.34109
08/03/2018 10:42,2017,1,WESTERN EUROPE-EU,GERMANY,2,LEEDS BRADFORD,BERLIN (SCHONEFELD),18270,18270,0,2456,2456,0,643.89251
08/03/2018 10:42,2017,1,WESTERN EUROPE-EU,GERMANY,2,LEEDS BRADFORD,BERLIN (TEGEL),31,31,0,0,0,0,0
08/03/2018 10:42,2017,1,WESTERN EUROPE-EU,GERMANY,2,LEEDS BRADFORD,COLOGNE BONN,0,0,0,289,289,0,-100
08/03/2018 10:42,2017,1,WESTERN EUROPE-EU,GERMANY,2,LEEDS BRADFORD,DUSSELDORF,45761,45761,0,49150,49150,0,-6.89522
08/03/2018 10:42,2017,1,WESTERN EUROPE-EU,GERMANY,2,LEEDS BRADFORD,FRIEDRICHSHAFEN,118,0,118,210,0,210,-43.80952
08/03/2018 10:42,2017,1,WESTERN EUROPE-EU,GERMANY,2,LEEDS BRADFORD,MUNICH,120,120,0,270,270,0,-55.55556
08/03/2018 10:42,2017,1,WESTERN EUROPE-EU,GERMANY,2,LIVERPOOL (JOHN LENNON),BERLIN (SCHONEFELD),60812,60812,0,70562,70562,0,-13.81764
08/03/2018 10:42,2017,1,WESTERN EUROPE-EU,GERMANY,2,LIVERPOOL (JOHN LENNON),BREMEN,157,157,0,0,0,0,0
08/03/2018 10:42,2017,1,WESTERN EUROPE-EU,GERMANY,2,LIVERPOOL (JOHN LENNON),BUCHEL,155,155,0,0,0,0,0
08/03/2018 10:42,2017,1,WESTERN EUROPE-EU,GERMANY,2,LIVERPOOL (JOHN LENNON),DORTMUND,0,0,0,1463,0,1463,-100
08/03/2018 10:42,2017,1,WESTERN EUROPE-EU,GERMANY,2,LIVERPOOL (JOHN LENNON),DRESDEN,175,175,0,122,0,122,43.44262
08/03/2018 10:42,2017,1,WESTERN EUROPE-EU,GERMANY,2,LIVERPOOL (JOHN LENNON),DUSSELDORF,178,178,0,0,0,0,0
08/03/2018 10:42,2017,1,WESTERN EUROPE-EU,GERMANY,2,LIVERPOOL (JOHN LENNON),FRANKFURT MAIN,321,154,167,41,0,41,682.92683
08/03/2018 10:42,2017,1,WESTERN EUROPE-EU,GERMANY,2,LIVERPOOL (JOHN LENNON),HAMBURG,3264,3264,0,0,0,0,0
08/03/2018 10:42,2017,1,WESTERN EUROPE-EU,GERMANY,2,LIVERPOOL (JOHN LENNON),MUNICH,117,0,117,759,0,759,-84.58498
08/03/2018 10:42,2017,1,WESTERN EUROPE-EU,GERMANY,2,MANCHESTER,BADEN BADEN,353,0,353,0,0,0,0
08/03/2018 10:42,2017,1,WESTERN EUROPE-EU,GERMANY,2,MANCHESTER,BERLIN (SCHONEFELD),306899,306705,194,181456,181361,95,69.13136
08/03/2018 10:42,2017,1,WESTERN EUROPE-EU,GERMANY,2,MANCHESTER,BERLIN (TEGEL),0,0,0,62,62,0,-100
08/03/2018 10:42,2017,1,WESTERN EUROPE-EU,GERMANY,2,MANCHESTER,BRAUNSCHWEIG,368,0,368,0,0,0,0
08/03/2018 10:42,2017,1,WESTERN EUROPE-EU,GERMANY,2,MANCHESTER,BREMEN,897,897,0,27485,27485,0,-96.7364
08/03/2018 10:42,2017,1,WESTERN EUROPE-EU,GERMANY,2,MANCHESTER,COLOGNE BONN,72378,72378,0,51609,49660,1949,40.24298
08/03/2018 10:42,2017,1,WESTERN EUROPE-EU,GERMANY,2,MANCHESTER,DUSSELDORF,247205,247205,0,209525,209119,406,17.98353
08/03/2018 10:42,2017,1,WESTERN EUROPE-EU,GERMANY,2,MANCHESTER,FRANKFURT MAIN,398622,398339,283,386522,386223,299,3.13048
08/03/2018 10:42,2017,1,WESTERN EUROPE-EU,GERMANY,2,MANCHESTER,FRIEDRICHSHAFEN,31,0,31,0,0,0,0
08/03/2018 10:42,2017,1,WESTERN EUROPE-EU,GERMANY,2,MANCHESTER,HAMBURG,285420,285420,0,154769,154544,225,84.41678
08/03/2018 10:42,2017,1,WESTERN EUROPE-EU,GERMANY,2,MANCHESTER,HANOVER,41572,41572,0,54532,54091,441,-23.76586
08/03/2018 10:42,2017,1,WESTERN EUROPE-EU,GERMANY,2,MANCHESTER,MUNICH,347022,346102,920,342496,341791,705,1.32148
08/03/2018 10:42,2017,1,WESTERN EUROPE-EU,GERMANY,2,MANCHESTER,NUREMBERG,102927,102927,0,18437,17893,544,458.26327
08/03/2018 10:42,2017,1,WESTERN EUROPE-EU,GERMANY,2,MANCHESTER,STUTTGART,94095,94095,0,99795,99598,197,-5.71171
08/03/2018 10:42,2017,1,WESTERN EUROPE-EU,GERMANY,2,NEWCASTLE,BERLIN (SCHONEFELD),40848,40687,161,6986,6986,0,484.71228
08/03/2018 10:42,2017,1,WESTERN EUROPE-EU,GERMANY,2,NEWCASTLE,BRAUNSCHWEIG,92,0,92,0,0,0,0
08/03/2018 10:42,2017,1,WESTERN EUROPE-EU,GERMANY,2,NEWCASTLE,DUSSELDORF,46103,46103,0,41630,41630,0,10.74466
08/03/2018 10:42,2017,1,WESTERN EUROPE-EU,GERMANY,2,NEWCASTLE,FRANKFURT MAIN,302,0,302,0,0,0,0
08/03/2018 10:42,2017,1,WESTERN EUROPE-EU,GERMANY,2,NEWCASTLE,FRIEDRICHSHAFEN,0,0,0,36,0,36,-100
08/03/2018 10:42,2017,1,WESTERN EUROPE-EU,GERMANY,2,NEWCASTLE,HAMBURG,0,0,0,330,0,330,-100
08/03/2018 10:42,2017,1,WESTERN EUROPE-EU,GERMANY,2,NEWCASTLE,MUNICH,287,287,0,289,289,0,-0.69204
08/03/2018 10:42,2017,1,WESTERN EUROPE-EU,GERMANY,2,NEWCASTLE,STUTTGART,0,0,0,104,0,104,-100
08/03/2018 10:42,2017,1,WESTERN EUROPE-EU,GERMANY,2,NEWQUAY,COLOGNE BONN,0,0,0,105,0,105,-100
08/03/2018 10:42,2017,1,WESTERN EUROPE-EU,GERMANY,2,NEWQUAY,DUSSELDORF,3954,3954,0,3704,3704,0,6.74946
08/03/2018 10:42,2017,1,WESTERN EUROPE-EU,GERMANY,2,NEWQUAY,FRANKFURT MAIN,0,0,0,94,0,94,-100
08/03/2018 10:42,2017,1,WESTERN EUROPE-EU,GERMANY,2,NEWQUAY,HAHN,16302,16302,0,16933,16933,0,-3.72645
08/03/2018 10:42,2017,1,WESTERN EUROPE-EU,GERMANY,2,NORWICH,FRIEDRICHSHAFEN,70,0,70,0,0,0,0
08/03/2018 10:42,2017,1,WESTERN EUROPE-EU,GERMANY,2,OXFORD (KIDLINGTON),COLOGNE BONN,0,0,0,76,76,0,-100
08/03/2018 10:42,2017,1,WESTERN EUROPE-EU,GERMANY,2,OXFORD (KIDLINGTON),FRANKFURT MAIN,0,0,0,61,61,0,-100
08/03/2018 10:42,2017,1,WESTERN EUROPE-EU,GERMANY,2,OXFORD (KIDLINGTON),HAMBURG,0,0,0,89,89,0,-100
08/03/2018 10:42,2017,1,WESTERN EUROPE-EU,GERMANY,2,OXFORD (KIDLINGTON),MUNICH,0,0,0,96,96,0,-100
08/03/2018 10:42,2017,1,WESTERN EUROPE-EU,GERMANY,2,PRESTWICK,BERLIN (SCHONEFELD),366,183,183,0,0,0,0
08/03/2018 10:42,2017,1,WESTERN EUROPE-EU,GERMANY,2,PRESTWICK,COLOGNE BONN,0,0,0,730,730,0,-100
08/03/2018 10:42,2017,1,WESTERN EUROPE-EU,GERMANY,2,PRESTWICK,FRANKFURT MAIN,167,0,167,0,0,0,0
08/03/2018 10:42,2017,1,WESTERN EUROPE-EU,GERMANY,2,SOUTHAMPTON,DUSSELDORF,30342,30342,0,29498,29498,0,2.86121
08/03/2018 10:42,2017,1,WESTERN EUROPE-EU,GERMANY,2,SOUTHAMPTON,FRIEDRICHSHAFEN,57,0,57,56,0,56,1.78571
08/03/2018 10:42,2017,1,WESTERN EUROPE-EU,GERMANY,2,SOUTHAMPTON,HAMBURG,0,0,0,2518,2518,0,-100
08/03/2018 10:42,2017,1,WESTERN EUROPE-EU,GERMANY,2,SOUTHAMPTON,MUNICH,33590,33590,0,27312,27312,0,22.98623
08/03/2018 10:42,2017,1,WESTERN EUROPE-EU,GERMANY,2,SOUTHAMPTON,MUNSTER-OSNABRUCK,0,0,0,55,0,55,-100
08/03/2018 10:42,2017,1,WESTERN EUROPE-EU,GIBRALTAR,1,GATWICK,GIBRALTAR,202881,202881,0,190333,190333,0,6.59266
08/03/2018 10:42,2017,1,WESTERN EUROPE-EU,GIBRALTAR,1,HEATHROW,GIBRALTAR,135879,135879,0,135692,135692,0,0.13781
08/03/2018 10:42,2017,1,WESTERN EUROPE-EU,GIBRALTAR,1,LUTON,GIBRALTAR,50846,50468,378,59625,59625,0,-14.72369
08/03/2018 10:42,2017,1,WESTERN EUROPE-EU,GIBRALTAR,2,BIRMINGHAM,GIBRALTAR,35586,35586,0,43147,43002,145,-17.52381
08/03/2018 10:42,2017,1,WESTERN EUROPE-EU,GIBRALTAR,2,BRISTOL,GIBRALTAR,43220,43220,0,41607,41607,0,3.87675
08/03/2018 10:42,2017,1,WESTERN EUROPE-EU,GIBRALTAR,2,CARDIFF WALES,GIBRALTAR,162,162,0,0,0,0,0
08/03/2018 10:42,2017,1,WESTERN EUROPE-EU,GIBRALTAR,2,GLASGOW,GIBRALTAR,0,0,0,60,0,60,-100
08/03/2018 10:42,2017,1,WESTERN EUROPE-EU,GIBRALTAR,2,MANCHESTER,GIBRALTAR,95060,94812,248,74061,74061,0,28.35365
08/03/2018 10:42,2017,1,WESTERN EUROPE-EU,GREECE,1,GATWICK,ATHENS,199298,199298,0,192751,192751,0,3.39661
08/03/2018 10:42,2017,1,WESTERN EUROPE-EU,GREECE,1,GATWICK,CHANIA,120250,97376,22874,108876,85715,23161,10.44675
08/03/2018 10:42,2017,1,WESTERN EUROPE-EU,GREECE,1,GATWICK,CORFU,242496,172070,70426,241922,174113,67809,0.23727
08/03/2018 10:42,2017,1,WESTERN EUROPE-EU,GREECE,1,GATWICK,HERAKLION,299361,232340,67021,322900,253694,69206,-7.28987
08/03/2018 10:42,2017,1,WESTERN EUROPE-EU,GREECE,1,GATWICK,KALAMATA,35032,34991,41,39650,39598,52,-11.64691
08/03/2018 10:42,2017,1,WESTERN EUROPE-EU,GREECE,1,GATWICK,KAVALA,25360,12018,13342,20061,6140,13921,26.41444
08/03/2018 10:42,2017,1,WESTERN EUROPE-EU,GREECE,1,GATWICK,KEFALLINIA,128515,89900,38615,109527,74036,35491,17.33636
08/03/2018 10:42,2017,1,WESTERN EUROPE-EU,GREECE,1,GATWICK,KOS,123186,57033,66153,105800,38478,67322,16.43289
08/03/2018 10:42,2017,1,WESTERN EUROPE-EU,GREECE,1,GATWICK,LEMNOS,1086,0,1086,1194,0,1194,-9.04523
08/03/2018 10:42,2017,1,WESTERN EUROPE-EU,GREECE,1,GATWICK,MIKONOS,87644,87644,0,80598,80598,0,8.74215
08/03/2018 10:42,2017,1,WESTERN EUROPE-EU,GREECE,1,GATWICK,MYTILINI,8914,8914,0,9901,9901,0,-9.96869
08/03/2018 10:42,2017,1,WESTERN EUROPE-EU,GREECE,1,GATWICK,PREVEZA,100530,62119,38411,95843,58551,37292,4.89029
08/03/2018 10:42,2017,1,WESTERN EUROPE-EU,GREECE,1,GATWICK,RHODES,191890,123637,68253,186917,117991,68926,2.66054
08/03/2018 10:42,2017,1,WESTERN EUROPE-EU,GREECE,1,GATWICK,SALONIKA,164269,144937,19332,155848,146032,9816,5.40334
08/03/2018 10:42,2017,1,WESTERN EUROPE-EU,GREECE,1,GATWICK,SAMOS,9801,0,9801,9959,0,9959,-1.5865
08/03/2018 10:42,2017,1,WESTERN EUROPE-EU,GREECE,1,GATWICK,SKIATHOS,46452,17490,28962,45779,17336,28443,1.47011
08/03/2018 10:42,2017,1,WESTERN EUROPE-EU,GREECE,1,GATWICK,THIRA (SANTORINI),122805,107698,15107,106961,95045,11916,14.81288
08/03/2018 10:42,2017,1,WESTERN EUROPE-EU,GREECE,1,GATWICK,VOLOS NEA ANCHILOS,2813,0,2813,2528,0,2528,11.27373
08/03/2018 10:42,2017,1,WESTERN EUROPE-EU,GREECE,1,GATWICK,ZAKINTHOS,164773,107665,57108,153071,93082,59989,7.64482
08/03/2018 10:42,2017,1,WESTERN EUROPE-EU,GREECE,1,HEATHROW,ATHENS,761330,758261,3069,736458,734410,2048,3.37725
08/03/2018 10:42,2017,1,WESTERN EUROPE-EU,GREECE,1,HEATHROW,CHANIA,12006,12006,0,11396,11396,0,5.35276
08/03/2018 10:42,2017,1,WESTERN EUROPE-EU,GREECE,1,HEATHROW,CORFU,45610,40661,4949,46588,41533,5055,-2.09925
08/03/2018 10:42,2017,1,WESTERN EUROPE-EU,GREECE,1,HEATHROW,HERAKLION,0,0,0,132,132,0,-100
08/03/2018 10:42,2017,1,WESTERN EUROPE-EU,GREECE,1,HEATHROW,KALAMATA,23087,13005,10082,21822,11317,10505,5.7969
08/03/2018 10:42,2017,1,WESTERN EUROPE-EU,GREECE,1,HEATHROW,KOS,8237,5971,2266,14525,12090,2435,-43.29088
08/03/2018 10:42,2017,1,WESTERN EUROPE-EU,GREECE,1,HEATHROW,LEMNOS,15286,200,15086,14685,0,14685,4.09261
08/03/2018 10:42,2017,1,WESTERN EUROPE-EU,GREECE,1,HEATHROW,MIKONOS,20657,20657,0,11132,11132,0,85.56414
08/03/2018 10:42,2017,1,WESTERN EUROPE-EU,GREECE,1,HEATHROW,PREVEZA,17108,0,17108,17317,0,17317,-1.20691
08/03/2018 10:42,2017,1,WESTERN EUROPE-EU,GREECE,1,HEATHROW,RHODES,11356,0,11356,11396,0,11396,-0.351
08/03/2018 10:42,2017,1,WESTERN EUROPE-EU,GREECE,1,HEATHROW,THIRA (SANTORINI),24528,24528,0,23994,23994,0,2.22556
08/03/2018 10:42,2017,1,WESTERN EUROPE-EU,GREECE,1,HEATHROW,ZAKINTHOS,10172,10172,0,0,0,0,0
08/03/2018 10:42,2017,1,WESTERN EUROPE-EU,GREECE,1,LONDON CITY,MIKONOS,8465,8465,0,6896,6896,0,22.75232
08/03/2018 10:42,2017,1,WESTERN EUROPE-EU,GREECE,1,LONDON CITY,SKIATHOS,4269,4269,0,0,0,0,0
08/03/2018 10:42,2017,1,WESTERN EUROPE-EU,GREECE,1,LONDON CITY,THIRA (SANTORINI),3362,3362,0,3438,3438,0,-2.21059
08/03/2018 10:42,2017,1,WESTERN EUROPE-EU,GREECE,1,LUTON,ATHENS,207,185,22,170,170,0,21.76471
08/03/2018 10:42,2017,1,WESTERN EUROPE-EU,GREECE,1,LUTON,CORFU,68749,56054,12695,56800,42352,14448,21.03697
08/03/2018 10:42,2017,1,WESTERN EUROPE-EU,GREECE,1,LUTON,HERAKLION,38384,29278,9106,30338,20629,9709,26.52119
08/03/2018 10:42,2017,1,WESTERN EUROPE-EU,GREECE,1,LUTON,KALAMATA,11,0,11,746,0,746,-98.52547
08/03/2018 10:42,2017,1,WESTERN EUROPE-EU,GREECE,1,LUTON,KAVALA,133,0,133,0,0,0,0
08/03/2018 10:42,2017,1,WESTERN EUROPE-EU,GREECE,1,LUTON,KEFALLINIA,7518,0,7518,7414,0,7414,1.40275
08/03/2018 10:42,2017,1,WESTERN EUROPE-EU,GREECE,1,LUTON,MIKONOS,16620,16612,8,12192,12192,0,36.3189
08/03/2018 10:42,2017,1,WESTERN EUROPE-EU,GREECE,1,LUTON,RHODES,30163,11633,18530,18462,0,18462,63.37883
08/03/2018 10:42,2017,1,WESTERN EUROPE-EU,GREECE,1,LUTON,SKIATHOS,6665,0,6665,8573,0,8573,-22.25592
08/03/2018 10:42,2017,1,WESTERN EUROPE-EU,GREECE,1,LUTON,THIRA (SANTORINI),0,0,0,9,0,9,-100
08/03/2018 10:42,2017,1,WESTERN EUROPE-EU,GREECE,1,LUTON,ZAKINTHOS,8722,0,8722,7326,0,7326,19.05542
08/03/2018 10:42,2017,1,WESTERN EUROPE-EU,GREECE,1,SOUTHEND,RHODES,180,180,0,0,0,0,0
08/03/2018 10:42,2017,1,WESTERN EUROPE-EU,GREECE,1,STANSTED,ATHENS,203528,203528,0,246555,246427,128,-17.45128
08/03/2018 10:42,2017,1,WESTERN EUROPE-EU,GREECE,1,STANSTED,CHANIA,24929,24929,0,25441,25441,0,-2.0125
08/03/2018 10:42,2017,1,WESTERN EUROPE-EU,GREECE,1,STANSTED,CORFU,68427,53516,14911,57109,41934,15175,19.81824
08/03/2018 10:42,2017,1,WESTERN EUROPE-EU,GREECE,1,STANSTED,HERAKLION,46911,31314,15597,16014,0,16014,192.93743
08/03/2018 10:42,2017,1,WESTERN EUROPE-EU,GREECE,1,STANSTED,KAVALA,162,162,0,0,0,0,0
08/03/2018 10:42,2017,1,WESTERN EUROPE-EU,GREECE,1,STANSTED,KEFALLINIA,28406,20331,8075,30107,21331,8776,-5.64985
08/03/2018 10:42,2017,1,WESTERN EUROPE-EU,GREECE,1,STANSTED,KOS,36112,26682,9430,42820,33309,9511,-15.66558
08/03/2018 10:42,2017,1,WESTERN EUROPE-EU,GREECE,1,STANSTED,MIKONOS,76,0,76,91,91,0,-16.48352
08/03/2018 10:42,2017,1,WESTERN EUROPE-EU,GREECE,1,STANSTED,RHODES,80806,63535,17271,65635,47185,18450,23.11419
08/03/2018 10:42,2017,1,WESTERN EUROPE-EU,GREECE,1,STANSTED,SALONIKA,117695,117695,0,116452,116452,0,1.06739
08/03/2018 10:42,2017,1,WESTERN EUROPE-EU,GREECE,1,STANSTED,SKIATHOS,8836,8836,0,9073,9073,0,-2.61215
08/03/2018 10:42,2017,1,WESTERN EUROPE-EU,GREECE,1,STANSTED,ZAKINTHOS,65207,57740,7467,38292,30698,7594,70.28883
08/03/2018 10:42,2017,1,WESTERN EUROPE-EU,GREECE,2,ABERDEEN,CORFU,6994,0,6994,7039,0,7039,-0.6393
08/03/2018 10:42,2017,1,WESTERN EUROPE-EU,GREECE,2,BELFAST INTERNATIONAL,CORFU,7363,0,7363,7191,0,7191,2.39188
08/03/2018 10:42,2017,1,WESTERN EUROPE-EU,GREECE,2,BELFAST INTERNATIONAL,HERAKLION,0,0,0,8681,0,8681,-100
08/03/2018 10:42,2017,1,WESTERN EUROPE-EU,GREECE,2,BELFAST INTERNATIONAL,RHODES,6666,0,6666,6671,0,6671,-0.07495
08/03/2018 10:42,2017,1,WESTERN EUROPE-EU,GREECE,2,BELFAST INTERNATIONAL,ZAKINTHOS,6202,6202,0,6177,6177,0,0.40473
08/03/2018 10:42,2017,1,WESTERN EUROPE-EU,GREECE,2,BIRMINGHAM,ATHENS,8464,8464,0,8892,8375,517,-4.81332
08/03/2018 10:42,2017,1,WESTERN EUROPE-EU,GREECE,2,BIRMINGHAM,CHANIA,29612,20291,9321,7879,0,7879,275.8345
08/03/2018 10:42,2017,1,WESTERN EUROPE-EU,GREECE,2,BIRMINGHAM,CORFU,69424,36910,32514,68330,35829,32501,1.60105
08/03/2018 10:42,2017,1,WESTERN EUROPE-EU,GREECE,2,BIRMINGHAM,HERAKLION,74793,56449,18344,51858,32764,19094,44.22654
08/03/2018 10:42,2017,1,WESTERN EUROPE-EU,GREECE,2,BIRMINGHAM,KALAMATA,6433,6433,0,5591,5591,0,15.05992
08/03/2018 10:42,2017,1,WESTERN EUROPE-EU,GREECE,2,BIRMINGHAM,KAVALA,6680,0,6680,7332,0,7332,-8.89253
08/03/2018 10:42,2017,1,WESTERN EUROPE-EU,GREECE,2,BIRMINGHAM,KEFALLINIA,30430,9577,20853,27425,8481,18944,10.95716
08/03/2018 10:42,2017,1,WESTERN EUROPE-EU,GREECE,2,BIRMINGHAM,KOS,39162,20807,18355,37103,18622,18481,5.54942
08/03/2018 10:42,2017,1,WESTERN EUROPE-EU,GREECE,2,BIRMINGHAM,MYTILINI,8680,8680,0,0,0,0,0
08/03/2018 10:42,2017,1,WESTERN EUROPE-EU,GREECE,2,BIRMINGHAM,PREVEZA,10418,7616,2802,6921,6921,0,50.52738
08/03/2018 10:42,2017,1,WESTERN EUROPE-EU,GREECE,2,BIRMINGHAM,RHODES,70167,42614,27553,50820,19527,31293,38.06966
08/03/2018 10:42,2017,1,WESTERN EUROPE-EU,GREECE,2,BIRMINGHAM,SKIATHOS,17174,0,17174,14706,0,14706,16.78227
08/03/2018 10:42,2017,1,WESTERN EUROPE-EU,GREECE,2,BIRMINGHAM,THIRA (SANTORINI),13159,6810,6349,13787,6197,7590,-4.55502
08/03/2018 10:42,2017,1,WESTERN EUROPE-EU,GREECE,2,BIRMINGHAM,ZAKINTHOS,65319,45872,19447,65470,41584,23886,-0.23064
08/03/2018 10:42,2017,1,WESTERN EUROPE-EU,GREECE,2,BOURNEMOUTH,ATHENS,0,0,0,413,0,413,-100
08/03/2018 10:42,2017,1,WESTERN EUROPE-EU,GREECE,2,BOURNEMOUTH,CORFU,7978,186,7792,7699,0,7699,3.62385
08/03/2018 10:42,2017,1,WESTERN EUROPE-EU,GREECE,2,BOURNEMOUTH,RHODES,9167,0,9167,9162,0,9162,0.05457
08/03/2018 10:42,2017,1,WESTERN EUROPE-EU,GREECE,2,BRISTOL,ATHENS,4578,4578,0,0,0,0,0
08/03/2018 10:42,2017,1,WESTERN EUROPE-EU,GREECE,2,BRISTOL,CHANIA,32277,23903,8374,23987,23987,0,34.56039
08/03/2018 10:42,2017,1,WESTERN EUROPE-EU,GREECE,2,BRISTOL,CORFU,66420,46511,19909,55874,37401,18473,18.87461
08/03/2018 10:42,2017,1,WESTERN EUROPE-EU,GREECE,2,BRISTOL,HERAKLION,51968,32686,19282,48581,27353,21228,6.97186
08/03/2018 10:42,2017,1,WESTERN EUROPE-EU,GREECE,2,BRISTOL,KEFALLINIA,32927,23856,9071,16329,8136,8193,101.64738
08/03/2018 10:42,2017,1,WESTERN EUROPE-EU,GREECE,2,BRISTOL,KOS,11423,0,11423,20121,9230,10891,-43.22847
08/03/2018 10:42,2017,1,WESTERN EUROPE-EU,GREECE,2,BRISTOL,RHODES,29387,8035,21352,28717,7768,20949,2.33311
08/03/2018 10:42,2017,1,WESTERN EUROPE-EU,GREECE,2,BRISTOL,SALONIKA,0,0,0,6187,0,6187,-100
08/03/2018 10:42,2017,1,WESTERN EUROPE-EU,GREECE,2,BRISTOL,SKIATHOS,8170,8170,0,8020,8020,0,1.87032
08/03/2018 10:42,2017,1,WESTERN EUROPE-EU,GREECE,2,BRISTOL,THIRA (SANTORINI),7941,0,7941,9218,0,9218,-13.85333
08/03/2018 10:42,2017,1,WESTERN EUROPE-EU,GREECE,2,BRISTOL,ZAKINTHOS,54172,36972,17200,52080,34778,17302,4.0169
08/03/2018 10:42,2017,1,WESTERN EUROPE-EU,GREECE,2,CARDIFF WALES,CORFU,9360,0,9360,9577,0,9577,-2.26585
08/03/2018 10:42,2017,1,WESTERN EUROPE-EU,GREECE,2,CARDIFF WALES,HERAKLION,9612,0,9612,9259,0,9259,3.81251
08/03/2018 10:42,2017,1,WESTERN EUROPE-EU,GREECE,2,CARDIFF WALES,KEFALLINIA,7617,0,7617,7474,0,7474,1.9133
08/03/2018 10:42,2017,1,WESTERN EUROPE-EU,GREECE,2,CARDIFF WALES,KOS,8336,0,8336,8551,0,8551,-2.51433
08/03/2018 10:42,2017,1,WESTERN EUROPE-EU,GREECE,2,CARDIFF WALES,RHODES,16829,0,16829,16731,0,16731,0.58574
08/03/2018 10:42,2017,1,WESTERN EUROPE-EU,GREECE,2,CARDIFF WALES,ZAKINTHOS,20916,0,20916,21358,0,21358,-2.06948
08/03/2018 10:42,2017,1,WESTERN EUROPE-EU,GREECE,2,DONCASTER SHEFFIELD,CORFU,17374,0,17374,17510,0,17510,-0.7767
08/03/2018 10:42,2017,1,WESTERN EUROPE-EU,GREECE,2,DONCASTER SHEFFIELD,HERAKLION,7656,0,7656,6591,0,6591,16.1584
08/03/2018 10:42,2017,1,WESTERN EUROPE-EU,GREECE,2,DONCASTER SHEFFIELD,RHODES,9642,0,9642,9558,0,9558,0.87884
08/03/2018 10:42,2017,1,WESTERN EUROPE-EU,GREECE,2,DONCASTER SHEFFIELD,ZAKINTHOS,7907,0,7907,7970,0,7970,-0.79046
08/03/2018 10:42,2017,1,WESTERN EUROPE-EU,GREECE,2,EAST MIDLANDS INTERNATIONAL,CHANIA,17408,17408,0,28109,28109,0,-38.06966
08/03/2018 10:42,2017,1,WESTERN EUROPE-EU,GREECE,2,EAST MIDLANDS INTERNATIONAL,CORFU,61013,45524,15489,60583,44977,15606,0.70977
08/03/2018 10:42,2017,1,WESTERN EUROPE-EU,GREECE,2,EAST MIDLANDS INTERNATIONAL,HERAKLION,42220,26711,15509,41272,25225,16047,2.29696
08/03/2018 10:42,2017,1,WESTERN EUROPE-EU,GREECE,2,EAST MIDLANDS INTERNATIONAL,KAVALA,4102,4102,0,0,0,0,0
08/03/2018 10:42,2017,1,WESTERN EUROPE-EU,GREECE,2,EAST MIDLANDS INTERNATIONAL,KEFALLINIA,12624,5257,7367,12445,4945,7500,1.43833
08/03/2018 10:42,2017,1,WESTERN EUROPE-EU,GREECE,2,EAST MIDLANDS INTERNATIONAL,KOS,25116,8944,16172,25003,8632,16371,0.45195
08/03/2018 10:42,2017,1,WESTERN EUROPE-EU,GREECE,2,EAST MIDLANDS INTERNATIONAL,RHODES,56091,38169,17922,54124,35895,18229,3.63425
08/03/2018 10:42,2017,1,WESTERN EUROPE-EU,GREECE,2,EAST MIDLANDS INTERNATIONAL,SALONIKA,12182,4758,7424,7074,0,7074,72.20809
08/03/2018 10:42,2017,1,WESTERN EUROPE-EU,GREECE,2,EAST MIDLANDS INTERNATIONAL,SKIATHOS,4747,4747,0,8218,8218,0,-42.23655
08/03/2018 10:42,2017,1,WESTERN EUROPE-EU,GREECE,2,EAST MIDLANDS INTERNATIONAL,ZAKINTHOS,61096,38653,22443,48467,33355,15112,26.0569
08/03/2018 10:42,2017,1,WESTERN EUROPE-EU,GREECE,2,EDINBURGH,ATHENS,52609,52609,0,33862,33862,0,55.36294
08/03/2018 10:42,2017,1,WESTERN EUROPE-EU,GREECE,2,EDINBURGH,CORFU,20917,11771,9146,22734,13640,9094,-7.99243
08/03/2018 10:42,2017,1,WESTERN EUROPE-EU,GREECE,2,EDINBURGH,HERAKLION,36648,36648,0,33175,33175,0,10.46873
08/03/2018 10:42,2017,1,WESTERN EUROPE-EU,GREECE,2,EDINBURGH,KEFALLINIA,5367,5367,0,4713,4713,0,13.87651
08/03/2018 10:42,2017,1,WESTERN EUROPE-EU,GREECE,2,EDINBURGH,RHODES,17771,8685,9086,6249,6249,0,184.3815
08/03/2018 10:42,2017,1,WESTERN EUROPE-EU,GREECE,2,EDINBURGH,SALONIKA,4943,4943,0,0,0,0,0
08/03/2018 10:42,2017,1,WESTERN EUROPE-EU,GREECE,2,EDINBURGH,ZAKINTHOS,11861,11861,0,7646,7646,0,55.12686
08/03/2018 10:42,2017,1,WESTERN EUROPE-EU,GREECE,2,EXETER,CORFU,8935,0,8935,9134,0,9134,-2.17867
08/03/2018 10:42,2017,1,WESTERN EUROPE-EU,GREECE,2,EXETER,RHODES,7733,0,7733,7767,0,7767,-0.43775
08/03/2018 10:42,2017,1,WESTERN EUROPE-EU,GREECE,2,GLASGOW,CHANIA,9951,9951,0,7170,7170,0,38.78661
08/03/2018 10:42,2017,1,WESTERN EUROPE-EU,GREECE,2,GLASGOW,CORFU,33034,16814,16220,31523,15323,16200,4.79333
08/03/2018 10:42,2017,1,WESTERN EUROPE-EU,GREECE,2,GLASGOW,HERAKLION,49333,35657,13676,48925,33171,15754,0.83393
08/03/2018 10:42,2017,1,WESTERN EUROPE-EU,GREECE,2,GLASGOW,KOS,17891,17891,0,16812,16812,0,6.41803
08/03/2018 10:42,2017,1,WESTERN EUROPE-EU,GREECE,2,GLASGOW,RHODES,28331,15305,13026,27123,12600,14523,4.45378
08/03/2018 10:42,2017,1,WESTERN EUROPE-EU,GREECE,2,GLASGOW,ZAKINTHOS,33838,19842,13996,24427,16421,8006,38.52704
08/03/2018 10:42,2017,1,WESTERN EUROPE-EU,GREECE,2,LEEDS BRADFORD,CHANIA,20381,20381,0,20570,20570,0,-0.91881
08/03/2018 10:42,2017,1,WESTERN EUROPE-EU,GREECE,2,LEEDS BRADFORD,CORFU,30311,21579,8732,26755,18042,8713,13.29097
08/03/2018 10:42,2017,1,WESTERN EUROPE-EU,GREECE,2,LEEDS BRADFORD,HERAKLION,32662,32657,5,29812,29812,0,9.55991
08/03/2018 10:42,2017,1,WESTERN EUROPE-EU,GREECE,2,LEEDS BRADFORD,KEFALLINIA,7189,7189,0,4895,4895,0,46.86415
08/03/2018 10:42,2017,1,WESTERN EUROPE-EU,GREECE,2,LEEDS BRADFORD,KOS,9356,9356,0,9295,9295,0,0.65627
08/03/2018 10:42,2017,1,WESTERN EUROPE-EU,GREECE,2,LEEDS BRADFORD,RHODES,32324,23285,9039,19869,10853,9016,62.68559
08/03/2018 10:42,2017,1,WESTERN EUROPE-EU,GREECE,2,LEEDS BRADFORD,SALONIKA,4472,4472,0,0,0,0,0
08/03/2018 10:42,2017,1,WESTERN EUROPE-EU,GREECE,2,LEEDS BRADFORD,ZAKINTHOS,17353,17353,0,12034,12034,0,44.19977
08/03/2018 10:42,2017,1,WESTERN EUROPE-EU,GREECE,2,LIVERPOOL (JOHN LENNON),HERAKLION,0,0,0,95,0,95,-100
08/03/2018 10:42,2017,1,WESTERN EUROPE-EU,GREECE,2,LIVERPOOL (JOHN LENNON),KAVALA,218,218,0,0,0,0,0
08/03/2018 10:42,2017,1,WESTERN EUROPE-EU,GREECE,2,LIVERPOOL (JOHN LENNON),KOS,0,0,0,5443,5443,0,-100
08/03/2018 10:42,2017,1,WESTERN EUROPE-EU,GREECE,2,LIVERPOOL (JOHN LENNON),RHODES,28291,28291,0,28858,28858,0,-1.96479
08/03/2018 10:42,2017,1,WESTERN EUROPE-EU,GREECE,2,LIVERPOOL (JOHN LENNON),ZAKINTHOS,16086,16086,0,13419,13419,0,19.8748
08/03/2018 10:42,2017,1,WESTERN EUROPE-EU,GREECE,2,MANCHESTER,ATHENS,109270,106895,2375,86699,85115,1584,26.03375
08/03/2018 10:42,2017,1,WESTERN EUROPE-EU,GREECE,2,MANCHESTER,CHANIA,45892,23201,22691,45451,22567,22884,0.97028
08/03/2018 10:42,2017,1,WESTERN EUROPE-EU,GREECE,2,MANCHESTER,CORFU,173193,119227,53966,183501,126187,57314,-5.61741
08/03/2018 10:42,2017,1,WESTERN EUROPE-EU,GREECE,2,MANCHESTER,HERAKLION,191753,126512,65241,184360,116704,67656,4.01009
08/03/2018 10:42,2017,1,WESTERN EUROPE-EU,GREECE,2,MANCHESTER,KALAMATA,10990,10990,0,12765,12765,0,-13.90521
08/03/2018 10:42,2017,1,WESTERN EUROPE-EU,GREECE,2,MANCHESTER,KAVALA,17152,9937,7215,13906,6471,7435,23.34244
08/03/2018 10:42,2017,1,WESTERN EUROPE-EU,GREECE,2,MANCHESTER,KEFALLINIA,89299,51984,37315,81090,39858,41232,10.12332
08/03/2018 10:42,2017,1,WESTERN EUROPE-EU,GREECE,2,MANCHESTER,KOS,107799,57677,50122,84247,37530,46717,27.95589
08/03/2018 10:42,2017,1,WESTERN EUROPE-EU,GREECE,2,MANCHESTER,MIKONOS,35147,35147,0,13636,13636,0,157.75154
08/03/2018 10:42,2017,1,WESTERN EUROPE-EU,GREECE,2,MANCHESTER,MYTILINI,0,0,0,8437,8437,0,-100
08/03/2018 10:42,2017,1,WESTERN EUROPE-EU,GREECE,2,MANCHESTER,PREVEZA,57264,39937,17327,45430,30115,15315,26.04887
08/03/2018 10:42,2017,1,WESTERN EUROPE-EU,GREECE,2,MANCHESTER,RHODES,147126,80977,66149,142415,71468,70947,3.30794
08/03/2018 10:42,2017,1,WESTERN EUROPE-EU,GREECE,2,MANCHESTER,SALONIKA,66632,51440,15192,46991,38394,8597,41.79737
08/03/2018 10:42,2017,1,WESTERN EUROPE-EU,GREECE,2,MANCHESTER,SKIATHOS,48902,25790,23112,54858,26186,28672,-10.85712
08/03/2018 10:42,2017,1,WESTERN EUROPE-EU,GREECE,2,MANCHESTER,THIRA (SANTORINI),55427,46690,8737,49665,40642,9023,11.60173
08/03/2018 10:42,2017,1,WESTERN EUROPE-EU,GREECE,2,MANCHESTER,ZAKINTHOS,129785,78198,51587,117630,70565,47065,10.33325
08/03/2018 10:42,2017,1,WESTERN EUROPE-EU,GREECE,2,NEWCASTLE,ATHENS,126,0,126,0,0,0,0
08/03/2018 10:42,2017,1,WESTERN EUROPE-EU,GREECE,2,NEWCASTLE,CORFU,48267,48267,0,45743,45743,0,5.51778
08/03/2018 10:42,2017,1,WESTERN EUROPE-EU,GREECE,2,NEWCASTLE,HERAKLION,35088,35088,0,31987,31987,0,9.69456
08/03/2018 10:42,2017,1,WESTERN EUROPE-EU,GREECE,2,NEWCASTLE,KEFALLINIA,12523,12523,0,13087,13087,0,-4.30962
08/03/2018 10:42,2017,1,WESTERN EUROPE-EU,GREECE,2,NEWCASTLE,KOS,18243,18243,0,17835,17835,0,2.28764
08/03/2018 10:42,2017,1,WESTERN EUROPE-EU,GREECE,2,NEWCASTLE,RHODES,48219,48034,185,45663,45663,0,5.59753
08/03/2018 10:42,2017,1,WESTERN EUROPE-EU,GREECE,2,NEWCASTLE,SKIATHOS,8857,8857,0,7846,7846,0,12.88555
08/03/2018 10:42,2017,1,WESTERN EUROPE-EU,GREECE,2,NEWCASTLE,THIRA (SANTORINI),8704,8704,0,8036,8036,0,8.31259
08/03/2018 10:42,2017,1,WESTERN EUROPE-EU,GREECE,2,NEWCASTLE,ZAKINTHOS,42118,42118,0,42227,42227,0,-0.25813
08/03/2018 10:42,2017,1,WESTERN EUROPE-EU,GREECE,2,NORWICH,CORFU,9032,0,9032,0,0,0,0
08/03/2018 10:42,2017,1,WESTERN EUROPE-EU,GREECE,2,NORWICH,RHODES,9109,0,9109,0,0,0,0
08/03/2018 10:42,2017,1,WESTERN EUROPE-EU,GREECE,2,PRESTWICK,CORFU,5706,5706,0,5835,5832,3,-2.2108
08/03/2018 10:42,2017,1,WESTERN EUROPE-EU,IRISH REPUBLIC,1,GATWICK,CORK,124950,124950,0,119889,119889,0,4.2214
08/03/2018 10:42,2017,1,WESTERN EUROPE-EU,IRISH REPUBLIC,1,GATWICK,DUBLIN,1367300,1366599,701,1306914,1306914,0,4.6205
08/03/2018 10:42,2017,1,WESTERN EUROPE-EU,IRISH REPUBLIC,1,GATWICK,IRELAND WEST(KNOCK),79837,79837,0,75707,75707,0,5.45524
08/03/2018 10:42,2017,1,WESTERN EUROPE-EU,IRISH REPUBLIC,1,GATWICK,SHANNON,114852,114837,15,109791,109791,0,4.60967
08/03/2018 10:42,2017,1,WESTERN EUROPE-EU,IRISH REPUBLIC,1,HEATHROW,CORK,401601,401601,0,390581,390581,0,2.82144
08/03/2018 10:42,2017,1,WESTERN EUROPE-EU,IRISH REPUBLIC,1,HEATHROW,DUBLIN,1803497,1803497,0,1750502,1750502,0,3.02742
08/03/2018 10:42,2017,1,WESTERN EUROPE-EU,IRISH REPUBLIC,1,HEATHROW,SHANNON,270079,270079,0,264179,264179,0,2.23333
08/03/2018 10:42,2017,1,WESTERN EUROPE-EU,IRISH REPUBLIC,1,LONDON CITY,CORK,22,0,22,35361,35361,0,-99.93778
08/03/2018 10:42,2017,1,WESTERN EUROPE-EU,IRISH REPUBLIC,1,LONDON CITY,DUBLIN,470563,470563,0,449657,449562,95,4.64932
08/03/2018 10:42,2017,1,WESTERN EUROPE-EU,IRISH REPUBLIC,1,LUTON,CORK,0,0,0,193,161,32,-100
08/03/2018 10:42,2017,1,WESTERN EUROPE-EU,IRISH REPUBLIC,1,LUTON,DUBLIN,358631,358295,336,349852,349658,194,2.50935
08/03/2018 10:42,2017,1,WESTERN EUROPE-EU,IRISH REPUBLIC,1,LUTON,IRELAND WEST(KNOCK),134889,134889,0,132441,132441,0,1.84837
08/03/2018 10:42,2017,1,WESTERN EUROPE-EU,IRISH REPUBLIC,1,LUTON,KERRY COUNTY,113539,113539,0,112476,112476,0,0.94509
08/03/2018 10:42,2017,1,WESTERN EUROPE-EU,IRISH REPUBLIC,1,LUTON,SHANNON,0,0,0,5,0,5,-100
08/03/2018 10:42,2017,1,WESTERN EUROPE-EU,IRISH REPUBLIC,1,LUTON,WATERFORD,0,0,0,10926,10926,0,-100
08/03/2018 10:42,2017,1,WESTERN EUROPE-EU,IRISH REPUBLIC,1,SOUTHEND,CORK,0,0,0,240,240,0,-100
08/03/2018 10:42,2017,1,WESTERN EUROPE-EU,IRISH REPUBLIC,1,SOUTHEND,DUBLIN,19249,19249,0,1090,1090,0,1665.9633
08/03/2018 10:42,2017,1,WESTERN EUROPE-EU,IRISH REPUBLIC,1,STANSTED,CORK,351914,351914,0,339382,339382,0,3.69259
08/03/2018 10:42,2017,1,WESTERN EUROPE-EU,IRISH REPUBLIC,1,STANSTED,DUBLIN,890741,890502,239,914920,914857,63,-2.64274
08/03/2018 10:42,2017,1,WESTERN EUROPE-EU,IRISH REPUBLIC,1,STANSTED,IRELAND WEST(KNOCK),160276,160276,0,162762,162762,0,-1.52738
08/03/2018 10:42,2017,1,WESTERN EUROPE-EU,IRISH REPUBLIC,1,STANSTED,KERRY COUNTY,78661,78661,0,74890,74890,0,5.03539
08/03/2018 10:42,2017,1,WESTERN EUROPE-EU,IRISH REPUBLIC,1,STANSTED,SHANNON,198935,198935,0,238632,238632,0,-16.63524
08/03/2018 10:42,2017,1,WESTERN EUROPE-EU,IRISH REPUBLIC,2,ABERDEEN,DUBLIN,47473,47473,0,38064,38064,0,24.71889
08/03/2018 10:42,2017,1,WESTERN EUROPE-EU,IRISH REPUBLIC,2,BELFAST CITY (GEORGE BEST),DUBLIN,65,65,0,0,0,0,0
08/03/2018 10:42,2017,1,WESTERN EUROPE-EU,IRISH REPUBLIC,2,BELFAST CITY (GEORGE BEST),IRELAND WEST(KNOCK),39,39,0,0,0,0,0
08/03/2018 10:42,2017,1,WESTERN EUROPE-EU,IRISH REPUBLIC,2,BELFAST INTERNATIONAL,CORK,0,0,0,158,0,158,-100
08/03/2018 10:42,2017,1,WESTERN EUROPE-EU,IRISH REPUBLIC,2,BELFAST INTERNATIONAL,DUBLIN,0,0,0,377,0,377,-100
08/03/2018 10:42,2017,1,WESTERN EUROPE-EU,IRISH REPUBLIC,2,BELFAST INTERNATIONAL,KERRY COUNTY,0,0,0,2,0,2,-100
08/03/2018 10:42,2017,1,WESTERN EUROPE-EU,IRISH REPUBLIC,2,BIRMINGHAM,CORK,77157,77157,0,74856,74811,45,3.0739
08/03/2018 10:42,2017,1,WESTERN EUROPE-EU,IRISH REPUBLIC,2,BIRMINGHAM,DUBLIN,906714,906567,147,921542,921260,282,-1.60904
08/03/2018 10:42,2017,1,WESTERN EUROPE-EU,IRISH REPUBLIC,2,BIRMINGHAM,IRELAND WEST(KNOCK),29813,29813,0,23663,23663,0,25.98994
08/03/2018 10:42,2017,1,WESTERN EUROPE-EU,IRISH REPUBLIC,2,BIRMINGHAM,SHANNON,37677,37632,45,32019,31886,133,17.67076
08/03/2018 10:42,2017,1,WESTERN EUROPE-EU,IRISH REPUBLIC,2,BIRMINGHAM,WATERFORD,0,0,0,2694,2694,0,-100
08/03/2018 10:42,2017,1,WESTERN EUROPE-EU,IRISH REPUBLIC,2,BOURNEMOUTH,DUBLIN,149,149,0,3013,3013,0,-95.05476
08/03/2018 10:42,2017,1,WESTERN EUROPE-EU,IRISH REPUBLIC,2,BRISTOL,CORK,43130,43130,0,41039,41029,10,5.09515
08/03/2018 10:42,2017,1,WESTERN EUROPE-EU,IRISH REPUBLIC,2,BRISTOL,DUBLIN,429794,429340,454,399094,398803,291,7.69242
08/03/2018 10:42,2017,1,WESTERN EUROPE-EU,IRISH REPUBLIC,2,BRISTOL,IRELAND WEST(KNOCK),28117,28117,0,29187,29187,0,-3.66602
08/03/2018 10:42,2017,1,WESTERN EUROPE-EU,IRISH REPUBLIC,2,CARDIFF WALES,CORK,15428,15309,119,11622,11473,149,32.74824
08/03/2018 10:42,2017,1,WESTERN EUROPE-EU,IRISH REPUBLIC,2,CARDIFF WALES,DUBLIN,100973,97808,3165,110320,108159,2161,-8.47263
08/03/2018 10:42,2017,1,WESTERN EUROPE-EU,IRISH REPUBLIC,2,CARDIFF WALES,IRELAND WEST(KNOCK),40,0,40,0,0,0,0
08/03/2018 10:42,2017,1,WESTERN EUROPE-EU,IRISH REPUBLIC,2,CARDIFF WALES,SHANNON,333,0,333,283,0,283,17.66784
08/03/2018 10:42,2017,1,WESTERN EUROPE-EU,IRISH REPUBLIC,2,CITY OF DERRY (EGLINTON),DONEGAL,18,18,0,0,0,0,0
08/03/2018 10:42,2017,1,WESTERN EUROPE-EU,IRISH REPUBLIC,2,CITY OF DERRY (EGLINTON),DUBLIN,41,41,0,0,0,0,0
08/03/2018 10:42,2017,1,WESTERN EUROPE-EU,IRISH REPUBLIC,2,DONCASTER SHEFFIELD,DUBLIN,34886,34808,78,21628,21580,48,61.30017
08/03/2018 10:42,2017,1,WESTERN EUROPE-EU,IRISH REPUBLIC,2,EAST MIDLANDS INTERNATIONAL,DUBLIN,218802,218802,0,246371,246371,0,-11.19003
08/03/2018 10:42,2017,1,WESTERN EUROPE-EU,IRISH REPUBLIC,2,EAST MIDLANDS INTERNATIONAL,IRELAND WEST(KNOCK),70686,70686,0,68165,68165,0,3.69838
08/03/2018 10:42,2017,1,WESTERN EUROPE-EU,IRISH REPUBLIC,2,EAST MIDLANDS INTERNATIONAL,SHANNON,92,0,92,0,0,0,0
08/03/2018 10:42,2017,1,WESTERN EUROPE-EU,IRISH REPUBLIC,2,EDINBURGH,CORK,47081,47081,0,37572,37572,0,25.30874
08/03/2018 10:42,2017,1,WESTERN EUROPE-EU,IRISH REPUBLIC,2,EDINBURGH,DUBLIN,617909,617149,760,597472,595985,1487,3.42058
08/03/2018 10:42,2017,1,WESTERN EUROPE-EU,IRISH REPUBLIC,2,EDINBURGH,IRELAND WEST(KNOCK),25360,25360,0,19652,19322,330,29.04539
08/03/2018 10:42,2017,1,WESTERN EUROPE-EU,IRISH REPUBLIC,2,EDINBURGH,SHANNON,28839,28721,118,23277,23237,40,23.89483
08/03/2018 10:42,2017,1,WESTERN EUROPE-EU,IRISH REPUBLIC,2,EXETER,CORK,0,0,0,71,71,0,-100
08/03/2018 10:42,2017,1,WESTERN EUROPE-EU,IRISH REPUBLIC,2,EXETER,DUBLIN,38041,37886,155,35682,35682,0,6.61118
08/03/2018 10:42,2017,1,WESTERN EUROPE-EU,IRISH REPUBLIC,2,GLASGOW,CORK,25246,25246,0,23578,23469,109,7.07439
08/03/2018 10:42,2017,1,WESTERN EUROPE-EU,IRISH REPUBLIC,2,GLASGOW,DONEGAL,11496,11496,0,11829,11829,0,-2.81512
08/03/2018 10:42,2017,1,WESTERN EUROPE-EU,IRISH REPUBLIC,2,GLASGOW,DUBLIN,492705,491999,706,486886,486156,730,1.19515
08/03/2018 10:42,2017,1,WESTERN EUROPE-EU,IRISH REPUBLIC,2,GLASGOW,SHANNON,189,0,189,397,0,397,-52.39295
08/03/2018 10:42,2017,1,WESTERN EUROPE-EU,IRISH REPUBLIC,2,INVERNESS,DUBLIN,17576,17576,0,19016,19016,0,-7.57257
08/03/2018 10:42,2017,1,WESTERN EUROPE-EU,IRISH REPUBLIC,2,ISLE OF MAN,DUBLIN,45293,45246,47,42156,42057,99,7.44141
08/03/2018 10:42,2017,1,WESTERN EUROPE-EU,IRISH REPUBLIC,2,JERSEY,CORK,271,271,0,2823,2823,0,-90.40028
08/03/2018 10:42,2017,1,WESTERN EUROPE-EU,IRISH REPUBLIC,2,JERSEY,DUBLIN,13827,13813,14,15790,15790,0,-12.43192
08/03/2018 10:42,2017,1,WESTERN EUROPE-EU,IRISH REPUBLIC,2,LEEDS BRADFORD,CORK,38,38,0,5666,5666,0,-99.32933
08/03/2018 10:42,2017,1,WESTERN EUROPE-EU,IRISH REPUBLIC,2,LEEDS BRADFORD,DUBLIN,297598,297598,0,294014,294014,0,1.21899
08/03/2018 10:42,2017,1,WESTERN EUROPE-EU,IRISH REPUBLIC,2,LEEDS BRADFORD,SHANNON,0,0,0,56,0,56,-100
08/03/2018 10:42,2017,1,WESTERN EUROPE-EU,IRISH REPUBLIC,2,LIVERPOOL (JOHN LENNON),CORK,72380,72380,0,79103,79103,0,-8.49905
08/03/2018 10:42,2017,1,WESTERN EUROPE-EU,IRISH REPUBLIC,2,LIVERPOOL (JOHN LENNON),DUBLIN,401394,401298,96,542245,541862,383,-25.97553
08/03/2018 10:42,2017,1,WESTERN EUROPE-EU,IRISH REPUBLIC,2,LIVERPOOL (JOHN LENNON),IRELAND WEST(KNOCK),85631,85631,0,82827,82827,0,3.38537
08/03/2018 10:42,2017,1,WESTERN EUROPE-EU,IRISH REPUBLIC,2,MANCHESTER,CORK,104792,104792,0,91372,91372,0,14.68721
08/03/2018 10:42,2017,1,WESTERN EUROPE-EU,IRISH REPUBLIC,2,MANCHESTER,DUBLIN,974979,973472,1507,978649,977136,1513,-0.37501
08/03/2018 10:42,2017,1,WESTERN EUROPE-EU,IRISH REPUBLIC,2,MANCHESTER,IRELAND WEST(KNOCK),29439,29439,0,30224,30224,0,-2.59727
08/03/2018 10:42,2017,1,WESTERN EUROPE-EU,IRISH REPUBLIC,2,MANCHESTER,KERRY COUNTY,0,0,0,122,0,122,-100
08/03/2018 10:42,2017,1,WESTERN EUROPE-EU,IRISH REPUBLIC,2,MANCHESTER,SHANNON,72960,72960,0,83490,83490,0,-12.61229
08/03/2018 10:42,2017,1,WESTERN EUROPE-EU,IRISH REPUBLIC,2,NEWCASTLE,CORK,12195,12195,0,16400,16400,0,-25.64024
08/03/2018 10:42,2017,1,WESTERN EUROPE-EU,IRISH REPUBLIC,2,NEWCASTLE,DUBLIN,264398,264347,51,232538,232451,87,13.70099
08/03/2018 10:42,2017,1,WESTERN EUROPE-EU,IRISH REPUBLIC,2,NEWQUAY,CORK,3558,3558,0,0,0,0,0
08/03/2018 10:42,2017,1,WESTERN EUROPE-EU,IRISH REPUBLIC,2,NEWQUAY,DUBLIN,24028,24028,0,21753,21650,103,10.45833
08/03/2018 10:42,2017,1,WESTERN EUROPE-EU,IRISH REPUBLIC,2,NORWICH,DUBLIN,39,0,39,0,0,0,0
08/03/2018 10:42,2017,1,WESTERN EUROPE-EU,IRISH REPUBLIC,2,PRESTWICK,DUBLIN,326,0,326,154,154,0,111.68831
08/03/2018 10:42,2017,1,WESTERN EUROPE-EU,IRISH REPUBLIC,2,PRESTWICK,SHANNON,0,0,0,104,0,104,-100
08/03/2018 10:42,2017,1,WESTERN EUROPE-EU,IRISH REPUBLIC,2,SOUTHAMPTON,CORK,24119,24071,48,16452,16452,0,46.60224
08/03/2018 10:42,2017,1,WESTERN EUROPE-EU,IRISH REPUBLIC,2,SOUTHAMPTON,DUBLIN,140752,140752,0,132603,132603,0,6.14541
08/03/2018 10:42,2017,1,WESTERN EUROPE-EU,ITALY,1,GATWICK,ALGHERO (FERTILIA),8355,0,8355,8605,214,8391,-2.90529
08/03/2018 10:42,2017,1,WESTERN EUROPE-EU,ITALY,1,GATWICK,BARI (PALESE),83618,83618,0,79954,79868,86,4.58264
08/03/2018 10:42,2017,1,WESTERN EUROPE-EU,ITALY,1,GATWICK,BERGAMO,241,0,241,0,0,0,0
08/03/2018 10:42,2017,1,WESTERN EUROPE-EU,ITALY,1,GATWICK,BOLOGNA,98657,98657,0,92005,92005,0,7.23004
08/03/2018 10:42,2017,1,WESTERN EUROPE-EU,ITALY,1,GATWICK,BRINDISI,17109,17109,0,10600,10600,0,61.40566
08/03/2018 10:42,2017,1,WESTERN EUROPE-EU,ITALY,1,GATWICK,CAGLIARI (ELMAS),33886,33886,0,26378,26378,0,28.46311
08/03/2018 10:42,2017,1,WESTERN EUROPE-EU,ITALY,1,GATWICK,CATANIA (FONTANAROSSA),205997,193757,12240,191860,180528,11332,7.36839
08/03/2018 10:42,2017,1,WESTERN EUROPE-EU,ITALY,1,GATWICK,FLORENCE,86676,86676,0,87116,87116,0,-0.50507
08/03/2018 10:42,2017,1,WESTERN EUROPE-EU,ITALY,1,GATWICK,GENOA,73772,73772,0,83906,78284,5622,-12.0778
08/03/2018 10:42,2017,1,WESTERN EUROPE-EU,ITALY,1,GATWICK,MILAN (LINATE),305599,305599,0,291940,291940,0,4.6787
08/03/2018 10:42,2017,1,WESTERN EUROPE-EU,ITALY,1,GATWICK,MILAN (MALPENSA),568120,568120,0,550593,550593,0,3.1833
08/03/2018 10:42,2017,1,WESTERN EUROPE-EU,ITALY,1,GATWICK,NAPLES,432334,403042,29292,444187,412097,32090,-2.66847
08/03/2018 10:42,2017,1,WESTERN EUROPE-EU,ITALY,1,GATWICK,OLBIA,104704,103964,740,89661,89661,0,16.77764
08/03/2018 10:42,2017,1,WESTERN EUROPE-EU,ITALY,1,GATWICK,PALERMO,65865,65865,0,60800,60800,0,8.33059
08/03/2018 10:42,2017,1,WESTERN EUROPE-EU,ITALY,1,GATWICK,PISA,253863,253863,0,237093,236810,283,7.07317
08/03/2018 10:42,2017,1,WESTERN EUROPE-EU,ITALY,1,GATWICK,ROME (FIUMICINO),705708,705155,553,747299,745277,2022,-5.56551
08/03/2018 10:42,2017,1,WESTERN EUROPE-EU,ITALY,1,GATWICK,TREVISO,160,160,0,0,0,0,0
08/03/2018 10:42,2017,1,WESTERN EUROPE-EU,ITALY,1,GATWICK,TURIN,170415,150710,19705,160262,142471,17791,6.33525
08/03/2018 10:42,2017,1,WESTERN EUROPE-EU,ITALY,1,GATWICK,VENICE,751512,744190,7322,731801,718488,13313,2.69349
08/03/2018 10:42,2017,1,WESTERN EUROPE-EU,ITALY,1,GATWICK,VERONA VILLAFRANCA,273664,254841,18823,281322,261594,19728,-2.72215
08/03/2018 10:42,2017,1,WESTERN EUROPE-EU,ITALY,1,HEATHROW,BOLOGNA,273415,273415,0,250269,250269,0,9.24845
08/03/2018 10:42,2017,1,WESTERN EUROPE-EU,ITALY,1,HEATHROW,BRINDISI,10786,10786,0,0,0,0,0
08/03/2018 10:42,2017,1,WESTERN EUROPE-EU,ITALY,1,HEATHROW,CAGLIARI (ELMAS),8325,165,8160,10713,0,10713,-22.29067
08/03/2018 10:42,2017,1,WESTERN EUROPE-EU,ITALY,1,HEATHROW,FLORENCE,0,0,0,140,140,0,-100
08/03/2018 10:42,2017,1,WESTERN EUROPE-EU,ITALY,1,HEATHROW,MILAN (LINATE),657343,657343,0,616405,616405,0,6.64141
08/03/2018 10:42,2017,1,WESTERN EUROPE-EU,ITALY,1,HEATHROW,MILAN (MALPENSA),245175,245175,0,235928,235928,0,3.91942
08/03/2018 10:42,2017,1,WESTERN EUROPE-EU,ITALY,1,HEATHROW,OLBIA,30325,18523,11802,26075,21653,4422,16.29914
08/03/2018 10:42,2017,1,WESTERN EUROPE-EU,ITALY,1,HEATHROW,PALERMO,28992,28992,0,11194,11194,0,158.99589
08/03/2018 10:42,2017,1,WESTERN EUROPE-EU,ITALY,1,HEATHROW,PISA,118593,118593,0,110180,110180,0,7.63569
08/03/2018 10:42,2017,1,WESTERN EUROPE-EU,ITALY,1,HEATHROW,ROME (FIUMICINO),976106,972783,3323,988708,984145,4563,-1.27459
08/03/2018 10:42,2017,1,WESTERN EUROPE-EU,ITALY,1,HEATHROW,TRIESTE (RONCHI DEI LEGIONARI),507,0,507,0,0,0,0
08/03/2018 10:42,2017,1,WESTERN EUROPE-EU,ITALY,1,HEATHROW,TURIN,2025,2025,0,0,0,0,0
08/03/2018 10:42,2017,1,WESTERN EUROPE-EU,ITALY,1,HEATHROW,VENICE,196126,193621,2505,149466,146942,2524,31.2178
08/03/2018 10:42,2017,1,WESTERN EUROPE-EU,ITALY,1,LONDON CITY,BOLOGNA,272,272,0,98,98,0,177.55102
08/03/2018 10:42,2017,1,WESTERN EUROPE-EU,ITALY,1,LONDON CITY,FLORENCE,96945,96945,0,98773,98773,0,-1.85071
08/03/2018 10:42,2017,1,WESTERN EUROPE-EU,ITALY,1,LONDON CITY,MILAN (LINATE),248071,248071,0,180068,180068,0,37.76518
08/03/2018 10:42,2017,1,WESTERN EUROPE-EU,ITALY,1,LONDON CITY,MILAN (MALPENSA),147,0,147,0,0,0,0
08/03/2018 10:42,2017,1,WESTERN EUROPE-EU,ITALY,1,LONDON CITY,PISA,727,727,0,440,440,0,65.22727
08/03/2018 10:42,2017,1,WESTERN EUROPE-EU,ITALY,1,LONDON CITY,ROME (FIUMICINO),46534,46534,0,48482,48482,0,-4.01799
08/03/2018 10:42,2017,1,WESTERN EUROPE-EU,ITALY,1,LONDON CITY,VENICE,20465,20465,0,16916,16916,0,20.98014
08/03/2018 10:42,2017,1,WESTERN EUROPE-EU,ITALY,1,LUTON,ALGHERO (FERTILIA),2575,2575,0,0,0,0,0
08/03/2018 10:42,2017,1,WESTERN EUROPE-EU,ITALY,1,LUTON,BARI (PALESE),13,0,13,0,0,0,0
08/03/2018 10:42,2017,1,WESTERN EUROPE-EU,ITALY,1,LUTON,BERGAMO,167,0,167,0,0,0,0
08/03/2018 10:42,2017,1,WESTERN EUROPE-EU,ITALY,1,LUTON,BOLOGNA,6,0,6,3,0,3,100
08/03/2018 10:42,2017,1,WESTERN EUROPE-EU,ITALY,1,LUTON,BRESCIA/MONTICHIARI,0,0,0,20,0,20,-100
08/03/2018 10:42,2017,1,WESTERN EUROPE-EU,ITALY,1,LUTON,BRINDISI,0,0,0,8,0,8,-100
08/03/2018 10:42,2017,1,WESTERN EUROPE-EU,ITALY,1,LUTON,CAGLIARI (ELMAS),7694,7694,0,0,0,0,0
08/03/2018 10:42,2017,1,WESTERN EUROPE-EU,ITALY,1,LUTON,CATANIA (FONTANAROSSA),51441,51251,190,46194,46190,4,11.35862
08/03/2018 10:42,2017,1,WESTERN EUROPE-EU,ITALY,1,LUTON,FLORENCE,18968,18958,10,1931,1931,0,882.28897
08/03/2018 10:42,2017,1,WESTERN EUROPE-EU,ITALY,1,LUTON,LAMETIA-TERME,181,181,0,0,0,0,0
08/03/2018 10:42,2017,1,WESTERN EUROPE-EU,ITALY,1,LUTON,MILAN (LINATE),0,0,0,208,179,29,-100
08/03/2018 10:42,2017,1,WESTERN EUROPE-EU,ITALY,1,LUTON,MILAN (MALPENSA),166292,165772,520,145297,145013,284,14.44971
08/03/2018 10:42,2017,1,WESTERN EUROPE-EU,ITALY,1,LUTON,NAPLES,124863,115160,9703,83047,83007,40,50.35221
08/03/2018 10:42,2017,1,WESTERN EUROPE-EU,ITALY,1,LUTON,OLBIA,20713,20699,14,13934,13827,107,48.65078
08/03/2018 10:42,2017,1,WESTERN EUROPE-EU,ITALY,1,LUTON,PALERMO,237,182,55,0,0,0,0
08/03/2018 10:42,2017,1,WESTERN EUROPE-EU,ITALY,1,LUTON,PISA,83328,83328,0,62422,62402,20,33.4914
08/03/2018 10:42,2017,1,WESTERN EUROPE-EU,ITALY,1,LUTON,RIMINI,0,0,0,90,0,90,-100
08/03/2018 10:42,2017,1,WESTERN EUROPE-EU,ITALY,1,LUTON,ROME (CIAMPINO),186,186,0,1,0,1,18500
08/03/2018 10:42,2017,1,WESTERN EUROPE-EU,ITALY,1,LUTON,ROME (FIUMICINO),129159,128942,217,114291,113295,996,13.0089
08/03/2018 10:42,2017,1,WESTERN EUROPE-EU,ITALY,1,LUTON,SALERNO COSTA AMALFI,12,0,12,0,0,0,0
08/03/2018 10:42,2017,1,WESTERN EUROPE-EU,ITALY,1,LUTON,TREVISO,184,184,0,0,0,0,0
08/03/2018 10:42,2017,1,WESTERN EUROPE-EU,ITALY,1,LUTON,TURIN,49654,48880,774,39425,38899,526,25.94547
08/03/2018 10:42,2017,1,WESTERN EUROPE-EU,ITALY,1,LUTON,VENICE,93303,93303,0,69535,69530,5,34.18135
08/03/2018 10:42,2017,1,WESTERN EUROPE-EU,ITALY,1,LUTON,VERONA VILLAFRANCA,315,0,315,594,0,594,-46.9697
08/03/2018 10:42,2017,1,WESTERN EUROPE-EU,ITALY,1,SOUTHEND,FLORENCE,374,374,0,580,580,0,-35.51724
08/03/2018 10:42,2017,1,WESTERN EUROPE-EU,ITALY,1,SOUTHEND,MILAN (MALPENSA),16422,16422,0,0,0,0,0
08/03/2018 10:42,2017,1,WESTERN EUROPE-EU,ITALY,1,SOUTHEND,PISA,254,254,0,151,151,0,68.21192
08/03/2018 10:42,2017,1,WESTERN EUROPE-EU,ITALY,1,SOUTHEND,VENICE,5346,5346,0,40212,40212,0,-86.70546
08/03/2018 10:42,2017,1,WESTERN EUROPE-EU,ITALY,1,STANSTED,ALGHERO (FERTILIA),36832,36832,0,50553,50553,0,-27.14181
08/03/2018 10:42,2017,1,WESTERN EUROPE-EU,ITALY,1,STANSTED,ANCONA,109200,109200,0,110166,110166,0,-0.87686
08/03/2018 10:42,2017,1,WESTERN EUROPE-EU,ITALY,1,STANSTED,BARI (PALESE),128535,128535,0,126657,126657,0,1.48274
08/03/2018 10:42,2017,1,WESTERN EUROPE-EU,ITALY,1,STANSTED,BERGAMO,472393,472393,0,489080,489080,0,-3.41192
08/03/2018 10:42,2017,1,WESTERN EUROPE-EU,ITALY,1,STANSTED,BOLOGNA,223568,223568,0,215932,215932,0,3.5363
08/03/2018 10:42,2017,1,WESTERN EUROPE-EU,ITALY,1,STANSTED,BRINDISI,79581,79581,0,79836,79836,0,-0.3194
08/03/2018 10:42,2017,1,WESTERN EUROPE-EU,ITALY,1,STANSTED,CAGLIARI (ELMAS),123799,123799,0,83790,83545,245,47.74913
08/03/2018 10:42,2017,1,WESTERN EUROPE-EU,ITALY,1,STANSTED,CATANIA (FONTANAROSSA),245,245,0,0,0,0,0
08/03/2018 10:42,2017,1,WESTERN EUROPE-EU,ITALY,1,STANSTED,COMISO,20800,20800,0,29980,29980,0,-30.62041
08/03/2018 10:42,2017,1,WESTERN EUROPE-EU,ITALY,1,STANSTED,FLORENCE,7664,7664,0,295,137,158,2497.9661
08/03/2018 10:42,2017,1,WESTERN EUROPE-EU,ITALY,1,STANSTED,GENOA,83690,83690,0,86296,86296,0,-3.01984
08/03/2018 10:42,2017,1,WESTERN EUROPE-EU,ITALY,1,STANSTED,LAMETIA-TERME,60431,60431,0,54362,54362,0,11.16405
08/03/2018 10:42,2017,1,WESTERN EUROPE-EU,ITALY,1,STANSTED,MILAN (LINATE),8638,8638,0,92,92,0,9289.13043
08/03/2018 10:42,2017,1,WESTERN EUROPE-EU,ITALY,1,STANSTED,MILAN (MALPENSA),222586,222586,0,235099,235099,0,-5.32244
08/03/2018 10:42,2017,1,WESTERN EUROPE-EU,ITALY,1,STANSTED,NAPLES,224989,224546,443,165812,165592,220,35.68921
08/03/2018 10:42,2017,1,WESTERN EUROPE-EU,ITALY,1,STANSTED,PALERMO,111690,111690,0,111872,111872,0,-0.16269
08/03/2018 10:42,2017,1,WESTERN EUROPE-EU,ITALY,1,STANSTED,PARMA,0,0,0,40793,40793,0,-100
08/03/2018 10:42,2017,1,WESTERN EUROPE-EU,ITALY,1,STANSTED,PERUGIA,92992,92992,0,96087,96087,0,-3.22104
08/03/2018 10:42,2017,1,WESTERN EUROPE-EU,ITALY,1,STANSTED,PESCARA,89859,89859,0,84479,84479,0,6.36845
08/03/2018 10:42,2017,1,WESTERN EUROPE-EU,ITALY,1,STANSTED,PISA,328318,328318,0,339408,339408,0,-3.26745
08/03/2018 10:42,2017,1,WESTERN EUROPE-EU,ITALY,1,STANSTED,ROME (CIAMPINO),616558,616558,0,601009,601009,0,2.58715
08/03/2018 10:42,2017,1,WESTERN EUROPE-EU,ITALY,1,STANSTED,ROME (FIUMICINO),1341,38,1303,26551,24916,1635,-94.94934
08/03/2018 10:42,2017,1,WESTERN EUROPE-EU,ITALY,1,STANSTED,TREVISO,323953,323953,0,338451,338451,0,-4.28363
08/03/2018 10:42,2017,1,WESTERN EUROPE-EU,ITALY,1,STANSTED,TRIESTE (RONCHI DEI LEGIONARI),64651,64651,0,95496,95496,0,-32.29978
08/03/2018 10:42,2017,1,WESTERN EUROPE-EU,ITALY,1,STANSTED,TURIN,128491,122784,5707,128605,123487,5118,-0.08864
08/03/2018 10:42,2017,1,WESTERN EUROPE-EU,ITALY,1,STANSTED,VENICE,13789,13573,216,679,476,203,1930.78056
08/03/2018 10:42,2017,1,WESTERN EUROPE-EU,ITALY,1,STANSTED,VERONA VILLAFRANCA,73675,73556,119,72426,72426,0,1.72452
08/03/2018 10:42,2017,1,WESTERN EUROPE-EU,ITALY,2,ABERDEEN,MILAN (MALPENSA),168,0,168,0,0,0,0
08/03/2018 10:42,2017,1,WESTERN EUROPE-EU,ITALY,2,ABERDEEN,NAPLES,142,0,142,597,0,597,-76.21441
08/03/2018 10:42,2017,1,WESTERN EUROPE-EU,ITALY,2,ABERDEEN,TREVISO,53,0,53,0,0,0,0
08/03/2018 10:42,2017,1,WESTERN EUROPE-EU,ITALY,2,ABERDEEN,VENICE,49,0,49,0,0,0,0
08/03/2018 10:42,2017,1,WESTERN EUROPE-EU,ITALY,2,ABERDEEN,VERONA VILLAFRANCA,168,0,168,355,0,355,-52.67606
08/03/2018 10:42,2017,1,WESTERN EUROPE-EU,ITALY,2,BELFAST CITY (GEORGE BEST),VERONA VILLAFRANCA,2118,0,2118,3593,272,3321,-41.05205
08/03/2018 10:42,2017,1,WESTERN EUROPE-EU,ITALY,2,BELFAST INTERNATIONAL,BERGAMO,31033,31033,0,9645,9645,0,221.7522
08/03/2018 10:42,2017,1,WESTERN EUROPE-EU,ITALY,2,BELFAST INTERNATIONAL,GENOA,0,0,0,128,0,128,-100
08/03/2018 10:42,2017,1,WESTERN EUROPE-EU,ITALY,2,BELFAST INTERNATIONAL,MILAN (MALPENSA),0,0,0,2,0,2,-100
08/03/2018 10:42,2017,1,WESTERN EUROPE-EU,ITALY,2,BELFAST INTERNATIONAL,PARMA,0,0,0,170,0,170,-100
08/03/2018 10:42,2017,1,WESTERN EUROPE-EU,ITALY,2,BELFAST INTERNATIONAL,PISA,0,0,0,5556,5556,0,-100
08/03/2018 10:42,2017,1,WESTERN EUROPE-EU,ITALY,2,BELFAST INTERNATIONAL,RIMINI,135,0,135,0,0,0,0
08/03/2018 10:42,2017,1,WESTERN EUROPE-EU,ITALY,2,BELFAST INTERNATIONAL,ROME (CIAMPINO),121,0,121,0,0,0,0
08/03/2018 10:42,2017,1,WESTERN EUROPE-EU,ITALY,2,BELFAST INTERNATIONAL,ROME (FIUMICINO),123,0,123,0,0,0,0
08/03/2018 10:42,2017,1,WESTERN EUROPE-EU,ITALY,2,BELFAST INTERNATIONAL,TREVISO,0,0,0,214,0,214,-100
08/03/2018 10:42,2017,1,WESTERN EUROPE-EU,ITALY,2,BELFAST INTERNATIONAL,VENICE,126,0,126,126,0,126,0
08/03/2018 10:42,2017,1,WESTERN EUROPE-EU,ITALY,2,BELFAST INTERNATIONAL,VERONA VILLAFRANCA,5755,0,5755,6260,0,6260,-8.06709
08/03/2018 10:42,2017,1,WESTERN EUROPE-EU,ITALY,2,BIRMINGHAM,ALGHERO (FERTILIA),7681,0,7681,0,0,0,0
08/03/2018 10:42,2017,1,WESTERN EUROPE-EU,ITALY,2,BIRMINGHAM,BERGAMO,737,526,211,405,405,0,81.97531
08/03/2018 10:42,2017,1,WESTERN EUROPE-EU,ITALY,2,BIRMINGHAM,BOLOGNA,175,0,175,480,0,480,-63.54167
08/03/2018 10:42,2017,1,WESTERN EUROPE-EU,ITALY,2,BIRMINGHAM,CATANIA (FONTANAROSSA),6430,0,6430,6639,0,6639,-3.14806
08/03/2018 10:42,2017,1,WESTERN EUROPE-EU,ITALY,2,BIRMINGHAM,COMISO,8066,8066,0,0,0,0,0
08/03/2018 10:42,2017,1,WESTERN EUROPE-EU,ITALY,2,BIRMINGHAM,FLORENCE,3174,3174,0,73,73,0,4247.94521
08/03/2018 10:42,2017,1,WESTERN EUROPE-EU,ITALY,2,BIRMINGHAM,GENOA,0,0,0,5853,0,5853,-100
08/03/2018 10:42,2017,1,WESTERN EUROPE-EU,ITALY,2,BIRMINGHAM,MILAN (LINATE),0,0,0,125,125,0,-100
08/03/2018 10:42,2017,1,WESTERN EUROPE-EU,ITALY,2,BIRMINGHAM,MILAN (MALPENSA),84570,84570,0,104052,104052,0,-18.72333
08/03/2018 10:42,2017,1,WESTERN EUROPE-EU,ITALY,2,BIRMINGHAM,NAPLES,37146,16183,20963,22251,0,22251,66.94081
08/03/2018 10:42,2017,1,WESTERN EUROPE-EU,ITALY,2,BIRMINGHAM,PARMA,187,0,187,0,0,0,0
08/03/2018 10:42,2017,1,WESTERN EUROPE-EU,ITALY,2,BIRMINGHAM,PISA,80,80,0,345,345,0,-76.81159
08/03/2018 10:42,2017,1,WESTERN EUROPE-EU,ITALY,2,BIRMINGHAM,ROME (CIAMPINO),83,0,83,64,0,64,29.6875
08/03/2018 10:42,2017,1,WESTERN EUROPE-EU,ITALY,2,BIRMINGHAM,ROME (FIUMICINO),72044,71716,328,82953,82070,883,-13.15082
08/03/2018 10:42,2017,1,WESTERN EUROPE-EU,ITALY,2,BIRMINGHAM,TURIN,13335,5035,8300,12951,4782,8169,2.96502
08/03/2018 10:42,2017,1,WESTERN EUROPE-EU,ITALY,2,BIRMINGHAM,VENICE,43128,42597,531,54106,48256,5850,-20.2898
08/03/2018 10:42,2017,1,WESTERN EUROPE-EU,ITALY,2,BIRMINGHAM,VERONA VILLAFRANCA,56117,35733,20384,48275,27206,21069,16.24443
08/03/2018 10:42,2017,1,WESTERN EUROPE-EU,ITALY,2,BOURNEMOUTH,BARI (PALESE),159,159,0,0,0,0,0
08/03/2018 10:42,2017,1,WESTERN EUROPE-EU,ITALY,2,BOURNEMOUTH,BERGAMO,0,0,0,296,0,296,-100
08/03/2018 10:42,2017,1,WESTERN EUROPE-EU,ITALY,2,BOURNEMOUTH,GENOA,0,0,0,626,0,626,-100
08/03/2018 10:42,2017,1,WESTERN EUROPE-EU,ITALY,2,BOURNEMOUTH,MILAN (MALPENSA),0,0,0,727,0,727,-100
08/03/2018 10:42,2017,1,WESTERN EUROPE-EU,ITALY,2,BOURNEMOUTH,NAPLES,8991,0,8991,709,0,709,1168.12412
08/03/2018 10:42,2017,1,WESTERN EUROPE-EU,ITALY,2,BOURNEMOUTH,ROME (FIUMICINO),0,0,0,421,0,421,-100
08/03/2018 10:42,2017,1,WESTERN EUROPE-EU,ITALY,2,BOURNEMOUTH,TURIN,3003,0,3003,2786,0,2786,7.78894
08/03/2018 10:42,2017,1,WESTERN EUROPE-EU,ITALY,2,BOURNEMOUTH,VENICE,146,0,146,1351,0,1351,-89.19319
08/03/2018 10:42,2017,1,WESTERN EUROPE-EU,ITALY,2,BOURNEMOUTH,VERONA VILLAFRANCA,286,0,286,708,0,708,-59.60452
08/03/2018 10:42,2017,1,WESTERN EUROPE-EU,ITALY,2,BRISTOL,BERGAMO,51081,51081,0,40479,40479,0,26.19136
08/03/2018 10:42,2017,1,WESTERN EUROPE-EU,ITALY,2,BRISTOL,BOLOGNA,21069,21069,0,19847,19847,0,6.1571
08/03/2018 10:42,2017,1,WESTERN EUROPE-EU,ITALY,2,BRISTOL,CAGLIARI (ELMAS),447,0,447,0,0,0,0
08/03/2018 10:42,2017,1,WESTERN EUROPE-EU,ITALY,2,BRISTOL,CATANIA (FONTANAROSSA),13201,13201,0,11079,11079,0,19.15335
08/03/2018 10:42,2017,1,WESTERN EUROPE-EU,ITALY,2,BRISTOL,FLORENCE,3143,3143,0,0,0,0,0
08/03/2018 10:42,2017,1,WESTERN EUROPE-EU,ITALY,2,BRISTOL,MILAN (MALPENSA),9922,9922,0,6211,6205,6,59.74883
08/03/2018 10:42,2017,1,WESTERN EUROPE-EU,ITALY,2,BRISTOL,NAPLES,45811,26093,19718,35349,14513,20836,29.59631
08/03/2018 10:42,2017,1,WESTERN EUROPE-EU,ITALY,2,BRISTOL,OLBIA,18897,18897,0,9182,9182,0,105.80484
08/03/2018 10:42,2017,1,WESTERN EUROPE-EU,ITALY,2,BRISTOL,PISA,62342,62342,0,43704,43704,0,42.64598
08/03/2018 10:42,2017,1,WESTERN EUROPE-EU,ITALY,2,BRISTOL,ROME (FIUMICINO),112464,112269,195,108715,107710,1005,3.44847
08/03/2018 10:42,2017,1,WESTERN EUROPE-EU,ITALY,2,BRISTOL,TREVISO,0,0,0,24506,24506,0,-100
08/03/2018 10:42,2017,1,WESTERN EUROPE-EU,ITALY,2,BRISTOL,TURIN,10822,4834,5988,6368,491,5877,69.94347
08/03/2018 10:42,2017,1,WESTERN EUROPE-EU,ITALY,2,BRISTOL,VENICE,133577,133407,170,56196,56196,0,137.69841
08/03/2018 10:42,2017,1,WESTERN EUROPE-EU,ITALY,2,BRISTOL,VERONA VILLAFRANCA,694,0,694,9593,0,9593,-92.76556
08/03/2018 10:42,2017,1,WESTERN EUROPE-EU,ITALY,2,CARDIFF WALES,BERGAMO,511,0,511,0,0,0,0
08/03/2018 10:42,2017,1,WESTERN EUROPE-EU,ITALY,2,CARDIFF WALES,BOLOGNA,338,0,338,0,0,0,0
08/03/2018 10:42,2017,1,WESTERN EUROPE-EU,ITALY,2,CARDIFF WALES,CATANIA (FONTANAROSSA),339,0,339,0,0,0,0
08/03/2018 10:42,2017,1,WESTERN EUROPE-EU,ITALY,2,CARDIFF WALES,GENOA,51,0,51,676,0,676,-92.45562
08/03/2018 10:42,2017,1,WESTERN EUROPE-EU,ITALY,2,CARDIFF WALES,MILAN (MALPENSA),31133,26195,4938,25603,25603,0,21.59903
08/03/2018 10:42,2017,1,WESTERN EUROPE-EU,ITALY,2,CARDIFF WALES,OLBIA,0,0,0,163,0,163,-100
08/03/2018 10:42,2017,1,WESTERN EUROPE-EU,ITALY,2,CARDIFF WALES,PARMA,0,0,0,375,0,375,-100
08/03/2018 10:42,2017,1,WESTERN EUROPE-EU,ITALY,2,CARDIFF WALES,PISA,36,0,36,0,0,0,0
08/03/2018 10:42,2017,1,WESTERN EUROPE-EU,ITALY,2,CARDIFF WALES,ROME (FIUMICINO),20211,14457,5754,0,0,0,0
08/03/2018 10:42,2017,1,WESTERN EUROPE-EU,ITALY,2,CARDIFF WALES,TREVISO,44,0,44,0,0,0,0
08/03/2018 10:42,2017,1,WESTERN EUROPE-EU,ITALY,2,CARDIFF WALES,TURIN,5978,0,5978,0,0,0,0
08/03/2018 10:42,2017,1,WESTERN EUROPE-EU,ITALY,2,CARDIFF WALES,VENICE,652,0,652,783,0,783,-16.73052
08/03/2018 10:42,2017,1,WESTERN EUROPE-EU,ITALY,2,CARDIFF WALES,VERONA VILLAFRANCA,9556,8874,682,3771,3771,0,153.40758
08/03/2018 10:42,2017,1,WESTERN EUROPE-EU,ITALY,2,DONCASTER SHEFFIELD,TURIN,2965,0,2965,3081,0,3081,-3.76501
08/03/2018 10:42,2017,1,WESTERN EUROPE-EU,ITALY,2,DURHAM TEES VALLEY,BERGAMO,168,0,168,0,0,0,0
08/03/2018 10:42,2017,1,WESTERN EUROPE-EU,ITALY,2,DURHAM TEES VALLEY,NAPLES,441,218,223,886,0,886,-50.22573
08/03/2018 10:42,2017,1,WESTERN EUROPE-EU,ITALY,2,DURHAM TEES VALLEY,TRIESTE (RONCHI DEI LEGIONARI),0,0,0,80,0,80,-100
08/03/2018 10:42,2017,1,WESTERN EUROPE-EU,ITALY,2,DURHAM TEES VALLEY,VENICE,333,170,163,17,0,17,1858.82353
08/03/2018 10:42,2017,1,WESTERN EUROPE-EU,ITALY,2,DURHAM TEES VALLEY,VERONA VILLAFRANCA,95,0,95,709,0,709,-86.60085
08/03/2018 10:42,2017,1,WESTERN EUROPE-EU,ITALY,2,EAST MIDLANDS INTERNATIONAL,BERGAMO,53389,53389,0,52664,52664,0,1.37665
08/03/2018 10:42,2017,1,WESTERN EUROPE-EU,ITALY,2,EAST MIDLANDS INTERNATIONAL,FLORENCE,0,0,0,76,76,0,-100
08/03/2018 10:42,2017,1,WESTERN EUROPE-EU,ITALY,2,EAST MIDLANDS INTERNATIONAL,GENOA,0,0,0,682,0,682,-100
08/03/2018 10:42,2017,1,WESTERN EUROPE-EU,ITALY,2,EAST MIDLANDS INTERNATIONAL,MILAN (MALPENSA),197,0,197,0,0,0,0
08/03/2018 10:42,2017,1,WESTERN EUROPE-EU,ITALY,2,EAST MIDLANDS INTERNATIONAL,NAPLES,47646,29892,17754,19989,0,19989,138.3611
08/03/2018 10:42,2017,1,WESTERN EUROPE-EU,ITALY,2,EAST MIDLANDS INTERNATIONAL,OLBIA,175,175,0,0,0,0,0
08/03/2018 10:42,2017,1,WESTERN EUROPE-EU,ITALY,2,EAST MIDLANDS INTERNATIONAL,PISA,26924,26924,0,31060,31060,0,-13.31616
08/03/2018 10:42,2017,1,WESTERN EUROPE-EU,ITALY,2,EAST MIDLANDS INTERNATIONAL,ROME (CIAMPINO),48069,48069,0,39852,39852,0,20.61879
08/03/2018 10:42,2017,1,WESTERN EUROPE-EU,ITALY,2,EAST MIDLANDS INTERNATIONAL,ROME (FIUMICINO),133,0,133,1875,1875,0,-92.90667
08/03/2018 10:42,2017,1,WESTERN EUROPE-EU,ITALY,2,EAST MIDLANDS INTERNATIONAL,TREVISO,53045,53045,0,57150,57150,0,-7.18285
08/03/2018 10:42,2017,1,WESTERN EUROPE-EU,ITALY,2,EAST MIDLANDS INTERNATIONAL,VENICE,2780,2780,0,830,151,679,234.93976
08/03/2018 10:42,2017,1,WESTERN EUROPE-EU,ITALY,2,EAST MIDLANDS INTERNATIONAL,VERONA VILLAFRANCA,4643,4643,0,4862,4862,0,-4.50432
08/03/2018 10:42,2017,1,WESTERN EUROPE-EU,ITALY,2,EDINBURGH,BERGAMO,65536,65536,0,0,0,0,0
08/03/2018 10:42,2017,1,WESTERN EUROPE-EU,ITALY,2,EDINBURGH,BOLOGNA,36347,36347,0,28573,28573,0,27.2075
08/03/2018 10:42,2017,1,WESTERN EUROPE-EU,ITALY,2,EDINBURGH,GENOA,0,0,0,395,0,395,-100
08/03/2018 10:42,2017,1,WESTERN EUROPE-EU,ITALY,2,EDINBURGH,MILAN (MALPENSA),157232,157093,139,157598,156281,1317,-0.23224
08/03/2018 10:42,2017,1,WESTERN EUROPE-EU,ITALY,2,EDINBURGH,NAPLES,29118,29118,0,18155,17887,268,60.38557
08/03/2018 10:42,2017,1,WESTERN EUROPE-EU,ITALY,2,EDINBURGH,PARMA,0,0,0,144,0,144,-100
08/03/2018 10:42,2017,1,WESTERN EUROPE-EU,ITALY,2,EDINBURGH,PISA,33874,33874,0,34439,34439,0,-1.64058
08/03/2018 10:42,2017,1,WESTERN EUROPE-EU,ITALY,2,EDINBURGH,ROME (CIAMPINO),88854,88854,0,71409,71409,0,24.42969
08/03/2018 10:42,2017,1,WESTERN EUROPE-EU,ITALY,2,EDINBURGH,ROME (FIUMICINO),23766,20888,2878,34247,32108,2139,-30.60414
08/03/2018 10:42,2017,1,WESTERN EUROPE-EU,ITALY,2,EDINBURGH,TREVISO,8174,8174,0,0,0,0,0
08/03/2018 10:42,2017,1,WESTERN EUROPE-EU,ITALY,2,EDINBURGH,TURIN,4049,3762,287,220,220,0,1740.45455
08/03/2018 10:42,2017,1,WESTERN EUROPE-EU,ITALY,2,EDINBURGH,VENICE,83412,83365,47,84797,84404,393,-1.63331
08/03/2018 10:42,2017,1,WESTERN EUROPE-EU,ITALY,2,EDINBURGH,VERONA VILLAFRANCA,9138,9043,95,9908,9908,0,-7.7715
08/03/2018 10:42,2017,1,WESTERN EUROPE-EU,ITALY,2,EXETER,MILAN (MALPENSA),23,0,23,0,0,0,0
08/03/2018 10:42,2017,1,WESTERN EUROPE-EU,ITALY,2,EXETER,NAPLES,118,0,118,896,0,896,-86.83036
08/03/2018 10:42,2017,1,WESTERN EUROPE-EU,ITALY,2,EXETER,VENICE,52,0,52,0,0,0,0
08/03/2018 10:42,2017,1,WESTERN EUROPE-EU,ITALY,2,EXETER,VERONA VILLAFRANCA,0,0,0,1061,0,1061,-100
08/03/2018 10:42,2017,1,WESTERN EUROPE-EU,ITALY,2,GLASGOW,GENOA,0,0,0,4418,0,4418,-100
08/03/2018 10:42,2017,1,WESTERN EUROPE-EU,ITALY,2,GLASGOW,GROSETTO,218,0,218,0,0,0,0
08/03/2018 10:42,2017,1,WESTERN EUROPE-EU,ITALY,2,GLASGOW,MILAN (MALPENSA),40859,38990,1869,36313,36313,0,12.51893
08/03/2018 10:42,2017,1,WESTERN EUROPE-EU,ITALY,2,GLASGOW,NAPLES,13149,0,13149,12970,0,12970,1.38011
08/03/2018 10:42,2017,1,WESTERN EUROPE-EU,ITALY,2,GLASGOW,ROME (FIUMICINO),25801,25801,0,22447,22111,336,14.94186
08/03/2018 10:42,2017,1,WESTERN EUROPE-EU,ITALY,2,GLASGOW,TURIN,5952,0,5952,6331,0,6331,-5.98642
08/03/2018 10:42,2017,1,WESTERN EUROPE-EU,ITALY,2,GLASGOW,VENICE,3487,0,3487,4251,0,4251,-17.97224
08/03/2018 10:42,2017,1,WESTERN EUROPE-EU,ITALY,2,GLASGOW,VERONA VILLAFRANCA,12649,0,12649,13257,0,13257,-4.58626
08/03/2018 10:42,2017,1,WESTERN EUROPE-EU,ITALY,2,GLOUCESTERSHIRE,TURIN,60,0,60,0,0,0,0
08/03/2018 10:42,2017,1,WESTERN EUROPE-EU,ITALY,2,HUMBERSIDE,BERGAMO,340,0,340,0,0,0,0
08/03/2018 10:42,2017,1,WESTERN EUROPE-EU,ITALY,2,HUMBERSIDE,NAPLES,659,0,659,1181,0,1181,-44.19983
08/03/2018 10:42,2017,1,WESTERN EUROPE-EU,ITALY,2,HUMBERSIDE,PISA,0,0,0,70,0,70,-100
08/03/2018 10:42,2017,1,WESTERN EUROPE-EU,ITALY,2,HUMBERSIDE,ROME (FIUMICINO),0,0,0,76,0,76,-100
08/03/2018 10:42,2017,1,WESTERN EUROPE-EU,ITALY,2,HUMBERSIDE,VENICE,756,0,756,310,0,310,143.87097
08/03/2018 10:42,2017,1,WESTERN EUROPE-EU,ITALY,2,HUMBERSIDE,VERONA VILLAFRANCA,284,0,284,716,0,716,-60.3352
08/03/2018 10:42,2017,1,WESTERN EUROPE-EU,ITALY,2,ISLE OF MAN,CATANIA (FONTANAROSSA),252,0,252,0,0,0,0
08/03/2018 10:42,2017,1,WESTERN EUROPE-EU,ITALY,2,ISLE OF MAN,NAPLES,74,0,74,0,0,0,0
08/03/2018 10:42,2017,1,WESTERN EUROPE-EU,ITALY,2,ISLE OF MAN,VENICE,370,0,370,0,0,0,0
08/03/2018 10:42,2017,1,WESTERN EUROPE-EU,ITALY,2,ISLE OF MAN,VERONA VILLAFRANCA,284,0,284,0,0,0,0
08/03/2018 10:42,2017,1,WESTERN EUROPE-EU,ITALY,2,JERSEY,ANCONA,0,0,0,74,0,74,-100
08/03/2018 10:42,2017,1,WESTERN EUROPE-EU,ITALY,2,JERSEY,BRINDISI,0,0,0,74,0,74,-100
08/03/2018 10:42,2017,1,WESTERN EUROPE-EU,ITALY,2,JERSEY,VENICE,290,0,290,0,0,0,0
08/03/2018 10:42,2017,1,WESTERN EUROPE-EU,ITALY,2,JERSEY,VERONA VILLAFRANCA,263,0,263,358,0,358,-26.53631
08/03/2018 10:42,2017,1,WESTERN EUROPE-EU,ITALY,2,LEEDS BRADFORD,BERGAMO,0,0,0,260,174,86,-100
08/03/2018 10:42,2017,1,WESTERN EUROPE-EU,ITALY,2,LEEDS BRADFORD,NAPLES,23084,22674,410,15680,15471,209,47.21939
08/03/2018 10:42,2017,1,WESTERN EUROPE-EU,ITALY,2,LEEDS BRADFORD,PISA,39809,39809,0,28550,28550,0,39.43608
08/03/2018 10:42,2017,1,WESTERN EUROPE-EU,ITALY,2,LEEDS BRADFORD,ROME (FIUMICINO),25686,25686,0,21386,21078,308,20.10661
08/03/2018 10:42,2017,1,WESTERN EUROPE-EU,ITALY,2,LEEDS BRADFORD,TREVISO,19311,19253,58,21723,21723,0,-11.10344
08/03/2018 10:42,2017,1,WESTERN EUROPE-EU,ITALY,2,LEEDS BRADFORD,VENICE,18528,18528,0,16868,16868,0,9.84112
08/03/2018 10:42,2017,1,WESTERN EUROPE-EU,ITALY,2,LEEDS BRADFORD,VERONA VILLAFRANCA,250,250,0,4468,4468,0,-94.40466
08/03/2018 10:42,2017,1,WESTERN EUROPE-EU,ITALY,2,LIVERPOOL (JOHN LENNON),BARI (PALESE),20157,20157,0,0,0,0,0
08/03/2018 10:42,2017,1,WESTERN EUROPE-EU,ITALY,2,LIVERPOOL (JOHN LENNON),BERGAMO,26927,24937,1990,0,0,0,0
08/03/2018 10:42,2017,1,WESTERN EUROPE-EU,ITALY,2,LIVERPOOL (JOHN LENNON),MILAN (MALPENSA),9135,7778,1357,0,0,0,0
08/03/2018 10:42,2017,1,WESTERN EUROPE-EU,ITALY,2,LIVERPOOL (JOHN LENNON),NAPLES,22929,22929,0,26567,26567,0,-13.69368
08/03/2018 10:42,2017,1,WESTERN EUROPE-EU,ITALY,2,LIVERPOOL (JOHN LENNON),PARMA,769,0,769,0,0,0,0
08/03/2018 10:42,2017,1,WESTERN EUROPE-EU,ITALY,2,LIVERPOOL (JOHN LENNON),PISA,28699,28699,0,33710,33710,0,-14.86503
08/03/2018 10:42,2017,1,WESTERN EUROPE-EU,ITALY,2,LIVERPOOL (JOHN LENNON),ROME (CIAMPINO),184,184,0,0,0,0,0
08/03/2018 10:42,2017,1,WESTERN EUROPE-EU,ITALY,2,LIVERPOOL (JOHN LENNON),ROME (FIUMICINO),51900,51900,0,0,0,0,0
08/03/2018 10:42,2017,1,WESTERN EUROPE-EU,ITALY,2,LIVERPOOL (JOHN LENNON),TURIN,211,155,56,0,0,0,0
08/03/2018 10:42,2017,1,WESTERN EUROPE-EU,ITALY,2,LIVERPOOL (JOHN LENNON),VENICE,4927,4927,0,0,0,0,0
08/03/2018 10:42,2017,1,WESTERN EUROPE-EU,ITALY,2,LYDD,NAPLES,0,0,0,11,0,11,-100
08/03/2018 10:42,2017,1,WESTERN EUROPE-EU,ITALY,2,MANCHESTER,ALGHERO (FERTILIA),8264,0,8264,9055,0,9055,-8.73551
08/03/2018 10:42,2017,1,WESTERN EUROPE-EU,ITALY,2,MANCHESTER,BERGAMO,156044,156044,0,154169,153892,277,1.2162
08/03/2018 10:42,2017,1,WESTERN EUROPE-EU,ITALY,2,MANCHESTER,BOLOGNA,33386,33386,0,34635,34635,0,-3.60618
08/03/2018 10:42,2017,1,WESTERN EUROPE-EU,ITALY,2,MANCHESTER,BRINDISI,20873,20873,0,20855,20855,0,0.08631
08/03/2018 10:42,2017,1,WESTERN EUROPE-EU,ITALY,2,MANCHESTER,CAGLIARI (ELMAS),724,0,724,643,0,643,12.5972
08/03/2018 10:42,2017,1,WESTERN EUROPE-EU,ITALY,2,MANCHESTER,CATANIA (FONTANAROSSA),60217,50459,9758,42890,33224,9666,40.39869
08/03/2018 10:42,2017,1,WESTERN EUROPE-EU,ITALY,2,MANCHESTER,GENOA,303,303,0,17478,0,17478,-98.26639
08/03/2018 10:42,2017,1,WESTERN EUROPE-EU,ITALY,2,MANCHESTER,MILAN (MALPENSA),170270,170270,0,135251,134914,337,25.89186
08/03/2018 10:42,2017,1,WESTERN EUROPE-EU,ITALY,2,MANCHESTER,NAPLES,130014,99057,30957,87451,56508,30943,48.67068
08/03/2018 10:42,2017,1,WESTERN EUROPE-EU,ITALY,2,MANCHESTER,OLBIA,24394,16431,7963,10303,9799,504,136.76599
08/03/2018 10:42,2017,1,WESTERN EUROPE-EU,ITALY,2,MANCHESTER,PISA,82951,82951,0,68555,68555,0,20.9992
08/03/2018 10:42,2017,1,WESTERN EUROPE-EU,ITALY,2,MANCHESTER,RIMINI,70,0,70,0,0,0,0
08/03/2018 10:42,2017,1,WESTERN EUROPE-EU,ITALY,2,MANCHESTER,ROME (CIAMPINO),170537,170537,0,152418,152418,0,11.8877
08/03/2018 10:42,2017,1,WESTERN EUROPE-EU,ITALY,2,MANCHESTER,ROME (FIUMICINO),112166,110193,1973,110086,106421,3665,1.88943
08/03/2018 10:42,2017,1,WESTERN EUROPE-EU,ITALY,2,MANCHESTER,TRIESTE (RONCHI DEI LEGIONARI),669,0,669,0,0,0,0
08/03/2018 10:42,2017,1,WESTERN EUROPE-EU,ITALY,2,MANCHESTER,TURIN,31975,20683,11292,22814,11236,11578,40.15517
08/03/2018 10:42,2017,1,WESTERN EUROPE-EU,ITALY,2,MANCHESTER,VENICE,167527,157578,9949,173167,147386,25781,-3.25697
08/03/2018 10:42,2017,1,WESTERN EUROPE-EU,ITALY,2,MANCHESTER,VERONA VILLAFRANCA,50829,23731,27098,54310,26425,27885,-6.4095
08/03/2018 10:42,2017,1,WESTERN EUROPE-EU,ITALY,2,NEWCASTLE,GENOA,0,0,0,674,130,544,-100
08/03/2018 10:42,2017,1,WESTERN EUROPE-EU,ITALY,2,NEWCASTLE,NAPLES,18290,18290,0,18405,18405,0,-0.62483
08/03/2018 10:42,2017,1,WESTERN EUROPE-EU,ITALY,2,NEWCASTLE,PISA,10476,10476,0,10159,10159,0,3.12039
08/03/2018 10:42,2017,1,WESTERN EUROPE-EU,ITALY,2,NEWCASTLE,ROME (CIAMPINO),179,0,179,0,0,0,0
08/03/2018 10:42,2017,1,WESTERN EUROPE-EU,ITALY,2,NEWCASTLE,ROME (FIUMICINO),16951,16779,172,17744,17744,0,-4.46912
08/03/2018 10:42,2017,1,WESTERN EUROPE-EU,ITALY,2,NEWCASTLE,TURIN,3571,3571,0,3252,326,2926,9.80935
08/03/2018 10:42,2017,1,WESTERN EUROPE-EU,ITALY,2,NEWCASTLE,VENICE,184,184,0,656,132,524,-71.95122
08/03/2018 10:42,2017,1,WESTERN EUROPE-EU,ITALY,2,NEWCASTLE,VERONA VILLAFRANCA,13893,13803,90,14255,14255,0,-2.53946
08/03/2018 10:42,2017,1,WESTERN EUROPE-EU,ITALY,2,NEWQUAY,NAPLES,278,0,278,0,0,0,0
08/03/2018 10:42,2017,1,WESTERN EUROPE-EU,ITALY,2,NEWQUAY,VENICE,433,0,433,0,0,0,0
08/03/2018 10:42,2017,1,WESTERN EUROPE-EU,ITALY,2,NEWQUAY,VERONA VILLAFRANCA,147,0,147,712,0,712,-79.35393
08/03/2018 10:42,2017,1,WESTERN EUROPE-EU,ITALY,2,NORWICH,BERGAMO,134,0,134,0,0,0,0
08/03/2018 10:42,2017,1,WESTERN EUROPE-EU,ITALY,2,NORWICH,MILAN (MALPENSA),150,0,150,0,0,0,0
08/03/2018 10:42,2017,1,WESTERN EUROPE-EU,ITALY,2,NORWICH,NAPLES,279,0,279,0,0,0,0
08/03/2018 10:42,2017,1,WESTERN EUROPE-EU,ITALY,2,NORWICH,VENICE,271,0,271,0,0,0,0
08/03/2018 10:42,2017,1,WESTERN EUROPE-EU,ITALY,2,PRESTWICK,PISA,20504,20504,0,21556,21556,0,-4.88031
08/03/2018 10:42,2017,1,WESTERN EUROPE-EU,ITALY,2,PRESTWICK,ROME (CIAMPINO),21525,21525,0,20935,20935,0,2.81825
08/03/2018 10:42,2017,1,WESTERN EUROPE-EU,ITALY,2,PRESTWICK,ROME (FIUMICINO),0,0,0,1593,1593,0,-100
08/03/2018 10:42,2017,1,WESTERN EUROPE-EU,ITALY,2,SOUTHAMPTON,MILAN (MALPENSA),47,47,0,149,0,149,-68.45638
08/03/2018 10:42,2017,1,WESTERN EUROPE-EU,ITALY,2,SOUTHAMPTON,TURIN,118,118,0,0,0,0,0
08/03/2018 10:42,2017,1,WESTERN EUROPE-EU,ITALY,2,SOUTHAMPTON,VENICE,0,0,0,88,0,88,-100
08/03/2018 10:42,2017,1,WESTERN EUROPE-EU,ITALY,2,SOUTHAMPTON,VERONA VILLAFRANCA,7397,7397,0,7378,7378,0,0.25752
08/03/2018 10:42,2017,1,WESTERN EUROPE-EU,LUXEMBOURG,1,GATWICK,LUXEMBOURG,65067,65066,1,70105,70105,0,-7.18636
08/03/2018 10:42,2017,1,WESTERN EUROPE-EU,LUXEMBOURG,1,HEATHROW,LUXEMBOURG,154673,154673,0,144292,144292,0,7.19444
08/03/2018 10:42,2017,1,WESTERN EUROPE-EU,LUXEMBOURG,1,LONDON CITY,LUXEMBOURG,174026,174026,0,183097,183097,0,-4.9542
08/03/2018 10:42,2017,1,WESTERN EUROPE-EU,LUXEMBOURG,1,LUTON,LUXEMBOURG,165,122,43,729,723,6,-77.36626
08/03/2018 10:42,2017,1,WESTERN EUROPE-EU,LUXEMBOURG,1,SOUTHEND,LUXEMBOURG,396,396,0,107,107,0,270.09346
08/03/2018 10:42,2017,1,WESTERN EUROPE-EU,LUXEMBOURG,1,STANSTED,LUXEMBOURG,108681,108563,118,18018,18018,0,503.18015
08/03/2018 10:42,2017,1,WESTERN EUROPE-EU,LUXEMBOURG,2,ABERDEEN,LUXEMBOURG,0,0,0,174,0,174,-100
08/03/2018 10:42,2017,1,WESTERN EUROPE-EU,LUXEMBOURG,2,BELFAST INTERNATIONAL,LUXEMBOURG,0,0,0,90,0,90,-100
08/03/2018 10:42,2017,1,WESTERN EUROPE-EU,LUXEMBOURG,2,BIRMINGHAM,LUXEMBOURG,19497,19497,0,6627,6627,0,194.20552
08/03/2018 10:42,2017,1,WESTERN EUROPE-EU,LUXEMBOURG,2,EDINBURGH,LUXEMBOURG,0,0,0,295,0,295,-100
08/03/2018 10:42,2017,1,WESTERN EUROPE-EU,LUXEMBOURG,2,GLASGOW,LUXEMBOURG,828,0,828,0,0,0,0
08/03/2018 10:42,2017,1,WESTERN EUROPE-EU,LUXEMBOURG,2,GUERNSEY,LUXEMBOURG,249,0,249,0,0,0,0
08/03/2018 10:42,2017,1,WESTERN EUROPE-EU,LUXEMBOURG,2,JERSEY,LUXEMBOURG,140,140,0,82,82,0,70.73171
08/03/2018 10:42,2017,1,WESTERN EUROPE-EU,LUXEMBOURG,2,MANCHESTER,LUXEMBOURG,27470,27470,0,11310,11310,0,142.8824
08/03/2018 10:42,2017,1,WESTERN EUROPE-EU,LUXEMBOURG,2,PRESTWICK,LUXEMBOURG,4,4,0,11,11,0,-63.63636
08/03/2018 10:42,2017,1,WESTERN EUROPE-EU,LUXEMBOURG,2,SOUTHAMPTON,LUXEMBOURG,0,0,0,86,0,86,-100
08/03/2018 10:42,2017,1,WESTERN EUROPE-EU,MALTA,1,GATWICK,MALTA,381154,352448,28706,346896,328346,18550,9.87558
08/03/2018 10:42,2017,1,WESTERN EUROPE-EU,MALTA,1,HEATHROW,MALTA,194604,194604,0,189847,189847,0,2.5057
08/03/2018 10:42,2017,1,WESTERN EUROPE-EU,MALTA,1,LUTON,MALTA,122169,122165,4,121639,121307,332,0.43572
08/03/2018 10:42,2017,1,WESTERN EUROPE-EU,MALTA,1,SOUTHEND,MALTA,5632,5632,0,0,0,0,0
08/03/2018 10:42,2017,1,WESTERN EUROPE-EU,MALTA,1,STANSTED,MALTA,87106,87106,0,83447,83446,1,4.38482
08/03/2018 10:42,2017,1,WESTERN EUROPE-EU,MALTA,2,ABERDEEN,MALTA,0,0,0,45,0,45,-100
08/03/2018 10:42,2017,1,WESTERN EUROPE-EU,MALTA,2,BELFAST INTERNATIONAL,MALTA,4684,4684,0,0,0,0,0
08/03/2018 10:42,2017,1,WESTERN EUROPE-EU,MALTA,2,BIRMINGHAM,MALTA,79668,69162,10506,59930,59631,299,32.93509
08/03/2018 10:42,2017,1,WESTERN EUROPE-EU,MALTA,2,BOURNEMOUTH,MALTA,31829,31829,0,27861,27861,0,14.24213
08/03/2018 10:42,2017,1,WESTERN EUROPE-EU,MALTA,2,BRISTOL,MALTA,68396,61678,6718,57726,52371,5355,18.48387
08/03/2018 10:42,2017,1,WESTERN EUROPE-EU,MALTA,2,CARDIFF WALES,MALTA,0,0,0,6942,0,6942,-100
08/03/2018 10:42,2017,1,WESTERN EUROPE-EU,MALTA,2,DONCASTER SHEFFIELD,MALTA,118,0,118,0,0,0,0
08/03/2018 10:42,2017,1,WESTERN EUROPE-EU,MALTA,2,EAST MIDLANDS INTERNATIONAL,MALTA,63000,63000,0,43300,43300,0,45.49654
08/03/2018 10:42,2017,1,WESTERN EUROPE-EU,MALTA,2,EDINBURGH,MALTA,60155,59978,177,63195,62953,242,-4.81051
08/03/2018 10:42,2017,1,WESTERN EUROPE-EU,MALTA,2,EXETER,MALTA,0,0,0,6525,0,6525,-100
08/03/2018 10:42,2017,1,WESTERN EUROPE-EU,MALTA,2,GLASGOW,MALTA,19636,19636,0,7694,7441,253,155.21185
08/03/2018 10:42,2017,1,WESTERN EUROPE-EU,MALTA,2,ISLE OF MAN,MALTA,170,0,170,0,0,0,0
08/03/2018 10:42,2017,1,WESTERN EUROPE-EU,MALTA,2,LEEDS BRADFORD,MALTA,47892,47892,0,43493,43203,290,10.11427
08/03/2018 10:42,2017,1,WESTERN EUROPE-EU,MALTA,2,LIVERPOOL (JOHN LENNON),MALTA,38588,38588,0,38118,38118,0,1.23301
08/03/2018 10:42,2017,1,WESTERN EUROPE-EU,MALTA,2,MANCHESTER,MALTA,214351,185430,28921,214049,202739,11310,0.14109
08/03/2018 10:42,2017,1,WESTERN EUROPE-EU,MALTA,2,NEWCASTLE,MALTA,42565,42565,0,35239,35239,0,20.78947
08/03/2018 10:42,2017,1,WESTERN EUROPE-EU,MALTA,2,PRESTWICK,MALTA,16520,16520,0,13879,13879,0,19.02875
08/03/2018 10:42,2017,1,WESTERN EUROPE-EU,NETHERLANDS,1,GATWICK,AMSTERDAM,1074208,1074132,76,1062388,1062018,370,1.11259
08/03/2018 10:42,2017,1,WESTERN EUROPE-EU,NETHERLANDS,1,GATWICK,GRONINGEN,0,0,0,3,0,3,-100
08/03/2018 10:42,2017,1,WESTERN EUROPE-EU,NETHERLANDS,1,GATWICK,ROTTERDAM,87,87,0,0,0,0,0
08/03/2018 10:42,2017,1,WESTERN EUROPE-EU,NETHERLANDS,1,HEATHROW,AMSTERDAM,1689924,1689924,0,1616595,1616595,0,4.53602
08/03/2018 10:42,2017,1,WESTERN EUROPE-EU,NETHERLANDS,1,LONDON CITY,AMSTERDAM,598424,598424,0,517305,517305,0,15.68108
08/03/2018 10:42,2017,1,WESTERN EUROPE-EU,NETHERLANDS,1,LONDON CITY,ROTTERDAM,178253,178253,0,219857,219720,137,-18.92321
08/03/2018 10:42,2017,1,WESTERN EUROPE-EU,NETHERLANDS,1,LUTON,AMSTERDAM,785646,785539,107,608188,607939,249,29.17815
08/03/2018 10:42,2017,1,WESTERN EUROPE-EU,NETHERLANDS,1,LUTON,MAASTRICHT,135,0,135,186,0,186,-27.41935
08/03/2018 10:42,2017,1,WESTERN EUROPE-EU,NETHERLANDS,1,LUTON,ROTTERDAM,26,0,26,0,0,0,0
08/03/2018 10:42,2017,1,WESTERN EUROPE-EU,NETHERLANDS,1,SOUTHEND,AMSTERDAM,190836,190836,0,206077,206077,0,-7.39578
08/03/2018 10:42,2017,1,WESTERN EUROPE-EU,NETHERLANDS,1,SOUTHEND,GRONINGEN,27215,27215,0,24524,24524,0,10.97292
08/03/2018 10:42,2017,1,WESTERN EUROPE-EU,NETHERLANDS,1,SOUTHEND,ROTTERDAM,235,235,0,639,639,0,-63.22379
08/03/2018 10:42,2017,1,WESTERN EUROPE-EU,NETHERLANDS,1,STANSTED,AMSTERDAM,338839,338244,595,325248,324381,867,4.17866
08/03/2018 10:42,2017,1,WESTERN EUROPE-EU,NETHERLANDS,1,STANSTED,EINDHOVEN,264387,264387,0,277807,277807,0,-4.83069
08/03/2018 10:42,2017,1,WESTERN EUROPE-EU,NETHERLANDS,1,STANSTED,MAASTRICHT,98,0,98,0,0,0,0
08/03/2018 10:42,2017,1,WESTERN EUROPE-EU,NETHERLANDS,1,STANSTED,ROTTERDAM,317,57,260,95,95,0,233.68421
08/03/2018 10:42,2017,1,WESTERN EUROPE-EU,NETHERLANDS,2,ABERDEEN,AMSTERDAM,263400,263207,193,280993,280993,0,-6.26101
08/03/2018 10:42,2017,1,WESTERN EUROPE-EU,NETHERLANDS,2,ABERDEEN,ROTTERDAM,132,0,132,0,0,0,0
08/03/2018 10:42,2017,1,WESTERN EUROPE-EU,NETHERLANDS,2,BELFAST CITY (GEORGE BEST),AMSTERDAM,46528,46528,0,41042,41042,0,13.36679
08/03/2018 10:42,2017,1,WESTERN EUROPE-EU,NETHERLANDS,2,BELFAST INTERNATIONAL,AMSTERDAM,122389,122389,0,121976,121976,0,0.33859
08/03/2018 10:42,2017,1,WESTERN EUROPE-EU,NETHERLANDS,2,BELFAST INTERNATIONAL,MAASTRICHT,93,0,93,0,0,0,0
08/03/2018 10:42,2017,1,WESTERN EUROPE-EU,NETHERLANDS,2,BIRMINGHAM,AMSTERDAM,675427,675427,0,631646,631557,89,6.93126
08/03/2018 10:42,2017,1,WESTERN EUROPE-EU,NETHERLANDS,2,BIRMINGHAM,ROTTERDAM,644,644,0,9254,9254,0,-93.04085
08/03/2018 10:42,2017,1,WESTERN EUROPE-EU,NETHERLANDS,2,BOURNEMOUTH,AMSTERDAM,70,70,0,2963,2927,36,-97.63753
08/03/2018 10:42,2017,1,WESTERN EUROPE-EU,NETHERLANDS,2,BRISTOL,AMSTERDAM,410341,410300,41,408570,408570,0,0.43346
08/03/2018 10:42,2017,1,WESTERN EUROPE-EU,NETHERLANDS,2,CAMBRIDGE,GRONINGEN,0,0,0,591,591,0,-100
08/03/2018 10:42,2017,1,WESTERN EUROPE-EU,NETHERLANDS,2,CARDIFF WALES,AMSTERDAM,134095,134095,0,135032,135032,0,-0.69391
08/03/2018 10:42,2017,1,WESTERN EUROPE-EU,NETHERLANDS,2,CITY OF DERRY (EGLINTON),AMSTERDAM,0,0,0,92,0,92,-100
08/03/2018 10:42,2017,1,WESTERN EUROPE-EU,NETHERLANDS,2,DONCASTER SHEFFIELD,AMSTERDAM,55608,55608,0,45803,45803,0,21.40689
08/03/2018 10:42,2017,1,WESTERN EUROPE-EU,NETHERLANDS,2,DONCASTER SHEFFIELD,ROTTERDAM,0,0,0,93,93,0,-100
08/03/2018 10:42,2017,1,WESTERN EUROPE-EU,NETHERLANDS,2,DUNDEE,AMSTERDAM,0,0,0,15258,15258,0,-100
08/03/2018 10:42,2017,1,WESTERN EUROPE-EU,NETHERLANDS,2,DURHAM TEES VALLEY,AMSTERDAM,97833,97833,0,103727,103727,0,-5.68222
08/03/2018 10:42,2017,1,WESTERN EUROPE-EU,NETHERLANDS,2,EAST MIDLANDS INTERNATIONAL,AMSTERDAM,43554,43554,0,41991,41966,25,3.72223
08/03/2018 10:42,2017,1,WESTERN EUROPE-EU,NETHERLANDS,2,EAST MIDLANDS INTERNATIONAL,MAASTRICHT,1,0,1,0,0,0,0
08/03/2018 10:42,2017,1,WESTERN EUROPE-EU,NETHERLANDS,2,EAST MIDLANDS INTERNATIONAL,ROTTERDAM,51,51,0,0,0,0,0
08/03/2018 10:42,2017,1,WESTERN EUROPE-EU,NETHERLANDS,2,EDINBURGH,AMSTERDAM,681601,681601,0,651034,650558,476,4.69515
08/03/2018 10:42,2017,1,WESTERN EUROPE-EU,NETHERLANDS,2,EDINBURGH,EINDHOVEN,15725,15725,0,0,0,0,0
08/03/2018 10:42,2017,1,WESTERN EUROPE-EU,NETHERLANDS,2,EXETER,AMSTERDAM,44752,44586,166,44040,44040,0,1.61671
08/03/2018 10:42,2017,1,WESTERN EUROPE-EU,NETHERLANDS,2,EXETER,LEEUWARDEN,0,0,0,48,0,48,-100
08/03/2018 10:42,2017,1,WESTERN EUROPE-EU,NETHERLANDS,2,EXETER,ROTTERDAM,103,103,0,0,0,0,0
08/03/2018 10:42,2017,1,WESTERN EUROPE-EU,NETHERLANDS,2,GLASGOW,AMSTERDAM,448287,448267,20,436675,436674,1,2.65919
08/03/2018 10:42,2017,1,WESTERN EUROPE-EU,NETHERLANDS,2,GLASGOW,MAASTRICHT,154,0,154,0,0,0,0
08/03/2018 10:42,2017,1,WESTERN EUROPE-EU,NETHERLANDS,2,GUERNSEY,ROTTERDAM,2007,2007,0,1514,1514,0,32.56275
08/03/2018 10:42,2017,1,WESTERN EUROPE-EU,NETHERLANDS,2,HUMBERSIDE,AMSTERDAM,118129,118129,0,118292,118292,0,-0.13779
08/03/2018 10:42,2017,1,WESTERN EUROPE-EU,NETHERLANDS,2,INVERNESS,AMSTERDAM,75252,75252,0,41750,41743,7,80.24431
08/03/2018 10:42,2017,1,WESTERN EUROPE-EU,NETHERLANDS,2,JERSEY,ROTTERDAM,1120,1076,44,1236,810,426,-9.38511
08/03/2018 10:42,2017,1,WESTERN EUROPE-EU,NETHERLANDS,2,LEEDS BRADFORD,AMSTERDAM,241819,241669,150,253757,253757,0,-4.7045
08/03/2018 10:42,2017,1,WESTERN EUROPE-EU,NETHERLANDS,2,LEEDS BRADFORD,ROTTERDAM,0,0,0,96,0,96,-100
08/03/2018 10:42,2017,1,WESTERN EUROPE-EU,NETHERLANDS,2,LIVERPOOL (JOHN LENNON),AMSTERDAM,220990,220990,0,257466,257466,0,-14.16731
08/03/2018 10:42,2017,1,WESTERN EUROPE-EU,NETHERLANDS,2,LIVERPOOL (JOHN LENNON),EINDHOVEN,179,179,0,0,0,0,0
08/03/2018 10:42,2017,1,WESTERN EUROPE-EU,NETHERLANDS,2,LIVERPOOL (JOHN LENNON),ENSCHEDE (TWENTE),106,0,106,0,0,0,0
08/03/2018 10:42,2017,1,WESTERN EUROPE-EU,NETHERLANDS,2,LIVERPOOL (JOHN LENNON),MAASTRICHT,50,0,50,0,0,0,0
08/03/2018 10:42,2017,1,WESTERN EUROPE-EU,NETHERLANDS,2,MANCHESTER,AMSTERDAM,1041792,1041430,362,1013260,1012542,718,2.81586
08/03/2018 10:42,2017,1,WESTERN EUROPE-EU,NETHERLANDS,2,MANCHESTER,EINDHOVEN,73426,73426,0,70606,70606,0,3.99399
08/03/2018 10:42,2017,1,WESTERN EUROPE-EU,NETHERLANDS,2,MANCHESTER,MAASTRICHT,63,0,63,0,0,0,0
08/03/2018 10:42,2017,1,WESTERN EUROPE-EU,NETHERLANDS,2,MANCHESTER,ROTTERDAM,1159,193,966,27433,26695,738,-95.77516
08/03/2018 10:42,2017,1,WESTERN EUROPE-EU,NETHERLANDS,2,NEWCASTLE,AMSTERDAM,367002,366668,334,363690,363644,46,0.91067
08/03/2018 10:42,2017,1,WESTERN EUROPE-EU,NETHERLANDS,2,NEWCASTLE,MAASTRICHT,0,0,0,55,0,55,-100
08/03/2018 10:42,2017,1,WESTERN EUROPE-EU,NETHERLANDS,2,NORWICH,AMSTERDAM,140162,121283,18879,143361,143361,0,-2.23143
08/03/2018 10:42,2017,1,WESTERN EUROPE-EU,NETHERLANDS,2,PRESTWICK,AMSTERDAM,25,0,25,0,0,0,0
08/03/2018 10:42,2017,1,WESTERN EUROPE-EU,NETHERLANDS,2,SOUTHAMPTON,AMSTERDAM,229184,229184,0,188355,188267,88,21.67662
08/03/2018 10:42,2017,1,WESTERN EUROPE-EU,NETHERLANDS,2,SOUTHAMPTON,GRONINGEN,0,0,0,70,0,70,-100
08/03/2018 10:42,2017,1,WESTERN EUROPE-EU,NETHERLANDS,2,SOUTHAMPTON,ROTTERDAM,73,0,73,52,52,0,40.38462
08/03/2018 10:42,2017,1,WESTERN EUROPE-EU,PORTUGAL(EXCLUDING MADEIRA),1,GATWICK,AZORES LAJES TERCEIRA ISLAND,205,205,0,0,0,0,0
08/03/2018 10:42,2017,1,WESTERN EUROPE-EU,PORTUGAL(EXCLUDING MADEIRA),1,GATWICK,AZORES PONTA DELGADA,5383,5382,1,6039,6039,0,-10.86273
08/03/2018 10:42,2017,1,WESTERN EUROPE-EU,PORTUGAL(EXCLUDING MADEIRA),1,GATWICK,FARO,809771,773292,36479,809645,769299,40346,0.01556
08/03/2018 10:42,2017,1,WESTERN EUROPE-EU,PORTUGAL(EXCLUDING MADEIRA),1,GATWICK,LISBON,417182,416293,889,320686,320355,331,30.09049
08/03/2018 10:42,2017,1,WESTERN EUROPE-EU,PORTUGAL(EXCLUDING MADEIRA),1,GATWICK,OPORTO (PORTUGAL),339649,339322,327,281296,281296,0,20.74434
08/03/2018 10:42,2017,1,WESTERN EUROPE-EU,PORTUGAL(EXCLUDING MADEIRA),1,HEATHROW,FARO,20414,20414,0,17052,17052,0,19.71616
08/03/2018 10:42,2017,1,WESTERN EUROPE-EU,PORTUGAL(EXCLUDING MADEIRA),1,HEATHROW,LISBON,865043,865043,0,795987,795987,0,8.67552
08/03/2018 10:42,2017,1,WESTERN EUROPE-EU,PORTUGAL(EXCLUDING MADEIRA),1,LONDON CITY,FARO,11017,10967,50,11676,11676,0,-5.64406
08/03/2018 10:42,2017,1,WESTERN EUROPE-EU,PORTUGAL(EXCLUDING MADEIRA),1,LONDON CITY,LISBON,12731,12731,0,0,0,0,0
08/03/2018 10:42,2017,1,WESTERN EUROPE-EU,PORTUGAL(EXCLUDING MADEIRA),1,LUTON,AZORES PONTA DELGADA,0,0,0,66,0,66,-100
08/03/2018 10:42,2017,1,WESTERN EUROPE-EU,PORTUGAL(EXCLUDING MADEIRA),1,LUTON,FARO,323394,303201,20193,255398,234559,20839,26.62354
08/03/2018 10:42,2017,1,WESTERN EUROPE-EU,PORTUGAL(EXCLUDING MADEIRA),1,LUTON,LISBON,253450,253450,0,166032,166032,0,52.6513
08/03/2018 10:42,2017,1,WESTERN EUROPE-EU,PORTUGAL(EXCLUDING MADEIRA),1,LUTON,OPORTO (PORTUGAL),80744,80233,511,42252,42252,0,91.10101
08/03/2018 10:42,2017,1,WESTERN EUROPE-EU,PORTUGAL(EXCLUDING MADEIRA),1,SOUTHEND,FARO,107905,107905,0,97626,97626,0,10.52896
08/03/2018 10:42,2017,1,WESTERN EUROPE-EU,PORTUGAL(EXCLUDING MADEIRA),1,STANSTED,AZORES PONTA DELGADA,13397,13397,0,13979,13979,0,-4.16339
08/03/2018 10:42,2017,1,WESTERN EUROPE-EU,PORTUGAL(EXCLUDING MADEIRA),1,STANSTED,FARO,326420,306350,20070,263138,241015,22123,24.04898
08/03/2018 10:42,2017,1,WESTERN EUROPE-EU,PORTUGAL(EXCLUDING MADEIRA),1,STANSTED,LISBON,353212,353212,0,379420,379420,0,-6.90738
08/03/2018 10:42,2017,1,WESTERN EUROPE-EU,PORTUGAL(EXCLUDING MADEIRA),1,STANSTED,OPORTO (PORTUGAL),304720,304720,0,302333,302333,0,0.78953
08/03/2018 10:42,2017,1,WESTERN EUROPE-EU,PORTUGAL(EXCLUDING MADEIRA),2,ABERDEEN,FARO,22318,17160,5158,5628,0,5628,296.55295
08/03/2018 10:42,2017,1,WESTERN EUROPE-EU,PORTUGAL(EXCLUDING MADEIRA),2,BELFAST CITY (GEORGE BEST),FARO,56236,56236,0,67151,67151,0,-16.25441
08/03/2018 10:42,2017,1,WESTERN EUROPE-EU,PORTUGAL(EXCLUDING MADEIRA),2,BELFAST INTERNATIONAL,FARO,164738,164738,0,124455,124455,0,32.36752
08/03/2018 10:42,2017,1,WESTERN EUROPE-EU,PORTUGAL(EXCLUDING MADEIRA),2,BIRMINGHAM,FARO,306305,274643,31662,208567,182347,26220,46.86168
08/03/2018 10:42,2017,1,WESTERN EUROPE-EU,PORTUGAL(EXCLUDING MADEIRA),2,BIRMINGHAM,LISBON,47379,47320,59,30045,29948,97,57.69346
08/03/2018 10:42,2017,1,WESTERN EUROPE-EU,PORTUGAL(EXCLUDING MADEIRA),2,BIRMINGHAM,OPORTO (PORTUGAL),37645,37645,0,41,8,33,91717.07317
08/03/2018 10:42,2017,1,WESTERN EUROPE-EU,PORTUGAL(EXCLUDING MADEIRA),2,BOURNEMOUTH,FARO,53928,53928,0,54568,54568,0,-1.17285
08/03/2018 10:42,2017,1,WESTERN EUROPE-EU,PORTUGAL(EXCLUDING MADEIRA),2,BOURNEMOUTH,OPORTO (PORTUGAL),0,0,0,139,139,0,-100
08/03/2018 10:42,2017,1,WESTERN EUROPE-EU,PORTUGAL(EXCLUDING MADEIRA),2,BRISTOL,FARO,304906,293964,10942,291226,280029,11197,4.69738
08/03/2018 10:42,2017,1,WESTERN EUROPE-EU,PORTUGAL(EXCLUDING MADEIRA),2,BRISTOL,LISBON,71589,71589,0,65536,65536,0,9.23615
08/03/2018 10:42,2017,1,WESTERN EUROPE-EU,PORTUGAL(EXCLUDING MADEIRA),2,BRISTOL,OPORTO (PORTUGAL),45260,45260,0,44541,44541,0,1.61424
08/03/2018 10:42,2017,1,WESTERN EUROPE-EU,PORTUGAL(EXCLUDING MADEIRA),2,CARDIFF WALES,FARO,57066,49121,7945,37614,28352,9262,51.71479
08/03/2018 10:42,2017,1,WESTERN EUROPE-EU,PORTUGAL(EXCLUDING MADEIRA),2,CITY OF DERRY (EGLINTON),FARO,0,0,0,11662,11662,0,-100
08/03/2018 10:42,2017,1,WESTERN EUROPE-EU,PORTUGAL(EXCLUDING MADEIRA),2,DONCASTER SHEFFIELD,FARO,36508,17960,18548,31830,12302,19528,14.69683
08/03/2018 10:42,2017,1,WESTERN EUROPE-EU,PORTUGAL(EXCLUDING MADEIRA),2,EAST MIDLANDS INTERNATIONAL,FARO,247635,238764,8871,243715,234601,9114,1.60844
08/03/2018 10:42,2017,1,WESTERN EUROPE-EU,PORTUGAL(EXCLUDING MADEIRA),2,EAST MIDLANDS INTERNATIONAL,OPORTO (PORTUGAL),0,0,0,1956,0,1956,-100
08/03/2018 10:42,2017,1,WESTERN EUROPE-EU,PORTUGAL(EXCLUDING MADEIRA),2,EDINBURGH,FARO,121256,121256,0,115735,115735,0,4.77038
08/03/2018 10:42,2017,1,WESTERN EUROPE-EU,PORTUGAL(EXCLUDING MADEIRA),2,EDINBURGH,LISBON,50194,50194,0,47823,47823,0,4.95787
08/03/2018 10:42,2017,1,WESTERN EUROPE-EU,PORTUGAL(EXCLUDING MADEIRA),2,EDINBURGH,OPORTO (PORTUGAL),26680,26680,0,0,0,0,0
08/03/2018 10:42,2017,1,WESTERN EUROPE-EU,PORTUGAL(EXCLUDING MADEIRA),2,EXETER,FARO,22856,14159,8697,20522,11359,9163,11.37316
08/03/2018 10:42,2017,1,WESTERN EUROPE-EU,PORTUGAL(EXCLUDING MADEIRA),2,EXETER,LISBON,151,0,151,0,0,0,0
08/03/2018 10:42,2017,1,WESTERN EUROPE-EU,PORTUGAL(EXCLUDING MADEIRA),2,GLASGOW,FARO,124037,120303,3734,110288,95762,14526,12.46645
08/03/2018 10:42,2017,1,WESTERN EUROPE-EU,PORTUGAL(EXCLUDING MADEIRA),2,GLASGOW,LISBON,27153,27018,135,0,0,0,0
08/03/2018 10:42,2017,1,WESTERN EUROPE-EU,PORTUGAL(EXCLUDING MADEIRA),2,HUMBERSIDE,FARO,188,0,188,0,0,0,0
08/03/2018 10:42,2017,1,WESTERN EUROPE-EU,PORTUGAL(EXCLUDING MADEIRA),2,JERSEY,FARO,1017,756,261,533,533,0,90.80675
08/03/2018 10:42,2017,1,WESTERN EUROPE-EU,PORTUGAL(EXCLUDING MADEIRA),2,JERSEY,OPORTO (PORTUGAL),268,268,0,0,0,0,0
08/03/2018 10:42,2017,1,WESTERN EUROPE-EU,PORTUGAL(EXCLUDING MADEIRA),2,LEEDS BRADFORD,FARO,240026,232194,7832,204802,204802,0,17.19905
08/03/2018 10:42,2017,1,WESTERN EUROPE-EU,PORTUGAL(EXCLUDING MADEIRA),2,LEEDS BRADFORD,OPORTO (PORTUGAL),133,133,0,0,0,0,0
08/03/2018 10:42,2017,1,WESTERN EUROPE-EU,PORTUGAL(EXCLUDING MADEIRA),2,LIVERPOOL (JOHN LENNON),FARO,187288,187288,0,176670,176670,0,6.01008
08/03/2018 10:42,2017,1,WESTERN EUROPE-EU,PORTUGAL(EXCLUDING MADEIRA),2,LIVERPOOL (JOHN LENNON),LISBON,51669,51669,0,51433,51433,0,0.45885
08/03/2018 10:42,2017,1,WESTERN EUROPE-EU,PORTUGAL(EXCLUDING MADEIRA),2,LIVERPOOL (JOHN LENNON),OPORTO (PORTUGAL),34263,34263,0,28976,28976,0,18.24613
08/03/2018 10:42,2017,1,WESTERN EUROPE-EU,PORTUGAL(EXCLUDING MADEIRA),2,MANCHESTER,FARO,499905,466190,33715,512833,464572,48261,-2.5209
08/03/2018 10:42,2017,1,WESTERN EUROPE-EU,PORTUGAL(EXCLUDING MADEIRA),2,MANCHESTER,LISBON,242702,239823,2879,198685,198428,257,22.15416
08/03/2018 10:42,2017,1,WESTERN EUROPE-EU,PORTUGAL(EXCLUDING MADEIRA),2,MANCHESTER,OPORTO (PORTUGAL),68811,68709,102,45892,45892,0,49.94117
08/03/2018 10:42,2017,1,WESTERN EUROPE-EU,PORTUGAL(EXCLUDING MADEIRA),2,NEWCASTLE,FARO,172240,172052,188,121000,121000,0,42.34711
08/03/2018 10:42,2017,1,WESTERN EUROPE-EU,PORTUGAL(EXCLUDING MADEIRA),2,NEWQUAY,FARO,20698,20698,0,0,0,0,0
08/03/2018 10:42,2017,1,WESTERN EUROPE-EU,PORTUGAL(EXCLUDING MADEIRA),2,PRESTWICK,FARO,64507,64507,0,66515,66515,0,-3.01887
08/03/2018 10:42,2017,1,WESTERN EUROPE-EU,PORTUGAL(EXCLUDING MADEIRA),2,SOUTHAMPTON,FARO,20851,20851,0,16002,16002,0,30.30246
08/03/2018 10:42,2017,1,WESTERN EUROPE-EU,PORTUGAL(MADEIRA),1,GATWICK,FUNCHAL,301453,263867,37586,301941,262604,39337,-0.16162
08/03/2018 10:42,2017,1,WESTERN EUROPE-EU,PORTUGAL(MADEIRA),1,GATWICK,PORTO SANTO,9366,346,9020,9749,47,9702,-3.92861
08/03/2018 10:42,2017,1,WESTERN EUROPE-EU,PORTUGAL(MADEIRA),1,LUTON,FUNCHAL,8983,0,8983,12515,139,12376,-28.22213
08/03/2018 10:42,2017,1,WESTERN EUROPE-EU,PORTUGAL(MADEIRA),1,STANSTED,FUNCHAL,24949,24949,0,0,0,0,0
08/03/2018 10:42,2017,1,WESTERN EUROPE-EU,PORTUGAL(MADEIRA),1,STANSTED,PORTO SANTO,0,0,0,348,348,0,-100
08/03/2018 10:42,2017,1,WESTERN EUROPE-EU,PORTUGAL(MADEIRA),2,BIRMINGHAM,FUNCHAL,48178,28735,19443,63065,41026,22039,-23.6058
08/03/2018 10:42,2017,1,WESTERN EUROPE-EU,PORTUGAL(MADEIRA),2,BIRMINGHAM,PORTO SANTO,7364,0,7364,7662,0,7662,-3.88932
08/03/2018 10:42,2017,1,WESTERN EUROPE-EU,PORTUGAL(MADEIRA),2,BRISTOL,FUNCHAL,40810,40810,0,37214,37214,0,9.66303
08/03/2018 10:42,2017,1,WESTERN EUROPE-EU,PORTUGAL(MADEIRA),2,BRISTOL,PORTO SANTO,145,145,0,0,0,0,0
08/03/2018 10:42,2017,1,WESTERN EUROPE-EU,PORTUGAL(MADEIRA),2,DONCASTER SHEFFIELD,FUNCHAL,0,0,0,166,166,0,-100
08/03/2018 10:42,2017,1,WESTERN EUROPE-EU,PORTUGAL(MADEIRA),2,EAST MIDLANDS INTERNATIONAL,FUNCHAL,32371,17033,15338,28743,13081,15662,12.6222
08/03/2018 10:42,2017,1,WESTERN EUROPE-EU,PORTUGAL(MADEIRA),2,EDINBURGH,FUNCHAL,29990,29990,0,30659,30659,0,-2.18207
08/03/2018 10:42,2017,1,WESTERN EUROPE-EU,PORTUGAL(MADEIRA),2,EDINBURGH,PORTO SANTO,150,150,0,0,0,0,0
08/03/2018 10:42,2017,1,WESTERN EUROPE-EU,PORTUGAL(MADEIRA),2,GLASGOW,FUNCHAL,22312,17024,5288,25000,15637,9363,-10.752
08/03/2018 10:42,2017,1,WESTERN EUROPE-EU,PORTUGAL(MADEIRA),2,JERSEY,FUNCHAL,10943,10943,0,11280,11280,0,-2.98759
08/03/2018 10:42,2017,1,WESTERN EUROPE-EU,PORTUGAL(MADEIRA),2,JERSEY,PORTO SANTO,14,14,0,0,0,0,0
08/03/2018 10:42,2017,1,WESTERN EUROPE-EU,PORTUGAL(MADEIRA),2,LEEDS BRADFORD,FUNCHAL,20287,20287,0,17436,17436,0,16.35123
08/03/2018 10:42,2017,1,WESTERN EUROPE-EU,PORTUGAL(MADEIRA),2,MANCHESTER,FUNCHAL,128992,94076,34916,114354,78982,35372,12.8006
08/03/2018 10:42,2017,1,WESTERN EUROPE-EU,PORTUGAL(MADEIRA),2,MANCHESTER,PORTO SANTO,9127,0,9127,9554,0,9554,-4.46933
08/03/2018 10:42,2017,1,WESTERN EUROPE-EU,PORTUGAL(MADEIRA),2,NEWCASTLE,FUNCHAL,15929,15929,0,19579,19579,0,-18.64242
08/03/2018 10:42,2017,1,WESTERN EUROPE-EU,SLOVENIA,1,GATWICK,LJUBLJANA,62589,62521,68,10657,10657,0,487.30412
08/03/2018 10:42,2017,1,WESTERN EUROPE-EU,SLOVENIA,1,LUTON,LJUBLJANA,64321,64056,265,63108,62392,716,1.9221
08/03/2018 10:42,2017,1,WESTERN EUROPE-EU,SLOVENIA,1,STANSTED,LJUBLJANA,112911,112911,0,106704,106616,88,5.81703
08/03/2018 10:42,2017,1,WESTERN EUROPE-EU,SLOVENIA,2,ABERDEEN,MARIBOR,0,0,0,329,0,329,-100
08/03/2018 10:42,2017,1,WESTERN EUROPE-EU,SLOVENIA,2,BELFAST INTERNATIONAL,LJUBLJANA,0,0,0,113,0,113,-100
08/03/2018 10:42,2017,1,WESTERN EUROPE-EU,SLOVENIA,2,BIRMINGHAM,LJUBLJANA,26,0,26,0,0,0,0
08/03/2018 10:42,2017,1,WESTERN EUROPE-EU,SLOVENIA,2,GLASGOW,LJUBLJANA,881,0,881,0,0,0,0
08/03/2018 10:42,2017,1,WESTERN EUROPE-EU,SLOVENIA,2,GLASGOW,MARIBOR,0,0,0,59,0,59,-100
08/03/2018 10:42,2017,1,WESTERN EUROPE-EU,SLOVENIA,2,LIVERPOOL (JOHN LENNON),MARIBOR,909,0,909,0,0,0,0
08/03/2018 10:42,2017,1,WESTERN EUROPE-EU,SLOVENIA,2,MANCHESTER,LJUBLJANA,5625,5625,0,6751,6751,0,-16.67901
08/03/2018 10:42,2017,1,WESTERN EUROPE-EU,SLOVENIA,2,PRESTWICK,LJUBLJANA,176,0,176,0,0,0,0
08/03/2018 10:42,2017,1,WESTERN EUROPE-EU,SLOVENIA,2,SOUTHAMPTON,LJUBLJANA,0,0,0,88,0,88,-100
08/03/2018 10:42,2017,1,WESTERN EUROPE-EU,SPAIN,1,GATWICK,A CORUNA,0,0,0,460,460,0,-100
08/03/2018 10:42,2017,1,WESTERN EUROPE-EU,SPAIN,1,GATWICK,ALICANTE,884249,839813,44436,824710,783008,41702,7.21939
08/03/2018 10:42,2017,1,WESTERN EUROPE-EU,SPAIN,1,GATWICK,ALMERIA,158486,149162,9324,138558,129611,8947,14.38242
08/03/2018 10:42,2017,1,WESTERN EUROPE-EU,SPAIN,1,GATWICK,ASTURIAS,38769,38769,0,32516,32516,0,19.23053
08/03/2018 10:42,2017,1,WESTERN EUROPE-EU,SPAIN,1,GATWICK,BARCELONA,1458522,1458005,517,1357124,1356606,518,7.47154
08/03/2018 10:42,2017,1,WESTERN EUROPE-EU,SPAIN,1,GATWICK,BILBAO,107913,107196,717,95601,95197,404,12.87853
08/03/2018 10:42,2017,1,WESTERN EUROPE-EU,SPAIN,1,GATWICK,GIRONA,15870,204,15666,24628,0,24628,-35.56115
08/03/2018 10:42,2017,1,WESTERN EUROPE-EU,SPAIN,1,GATWICK,GRANADA,43297,43297,0,0,0,0,0
08/03/2018 10:42,2017,1,WESTERN EUROPE-EU,SPAIN,1,GATWICK,IBIZA,331515,259516,71999,322802,253066,69736,2.69918
08/03/2018 10:42,2017,1,WESTERN EUROPE-EU,SPAIN,1,GATWICK,JEREZ,9161,0,9161,9183,0,9183,-0.23957
08/03/2018 10:42,2017,1,WESTERN EUROPE-EU,SPAIN,1,GATWICK,LEON,0,0,0,291,0,291,-100
08/03/2018 10:42,2017,1,WESTERN EUROPE-EU,SPAIN,1,GATWICK,LIEIDA,9271,607,8664,11525,0,11525,-19.55748
08/03/2018 10:42,2017,1,WESTERN EUROPE-EU,SPAIN,1,GATWICK,MADRID,1021320,1020121,1199,947394,947394,0,7.80309
08/03/2018 10:42,2017,1,WESTERN EUROPE-EU,SPAIN,1,GATWICK,MAHON,278700,196874,81826,272783,196013,76770,2.16912
08/03/2018 10:42,2017,1,WESTERN EUROPE-EU,SPAIN,1,GATWICK,MALAGA,1155520,1084436,71084,1166991,1092744,74247,-0.98296
08/03/2018 10:42,2017,1,WESTERN EUROPE-EU,SPAIN,1,GATWICK,MURCIA SAN JAVIER,170365,170365,0,156289,156289,0,9.00639
08/03/2018 10:42,2017,1,WESTERN EUROPE-EU,SPAIN,1,GATWICK,PALMA DE MALLORCA,856367,711847,144520,802509,643774,158735,6.7112
08/03/2018 10:42,2017,1,WESTERN EUROPE-EU,SPAIN,1,GATWICK,REUS,42743,14237,28506,35891,6284,29607,19.09114
08/03/2018 10:42,2017,1,WESTERN EUROPE-EU,SPAIN,1,GATWICK,SANTIAGO DE COMPOSTELA (SPAIN),67395,67395,0,50305,50305,0,33.97277
08/03/2018 10:42,2017,1,WESTERN EUROPE-EU,SPAIN,1,GATWICK,SEVILLE,190855,190499,356,231310,231310,0,-17.48952
08/03/2018 10:42,2017,1,WESTERN EUROPE-EU,SPAIN,1,GATWICK,VALENCIA,345733,345733,0,339366,339306,60,1.87615
08/03/2018 10:42,2017,1,WESTERN EUROPE-EU,SPAIN,1,GATWICK,VALLADOLID,286,0,286,0,0,0,0
08/03/2018 10:42,2017,1,WESTERN EUROPE-EU,SPAIN,1,GATWICK,VITORIA,507,139,368,0,0,0,0
08/03/2018 10:42,2017,1,WESTERN EUROPE-EU,SPAIN,1,HEATHROW,A CORUNA,101171,101171,0,105409,105409,0,-4.02053
08/03/2018 10:42,2017,1,WESTERN EUROPE-EU,SPAIN,1,HEATHROW,ASTURIAS,35827,35827,0,23593,23593,0,51.85436
08/03/2018 10:42,2017,1,WESTERN EUROPE-EU,SPAIN,1,HEATHROW,BARCELONA,683777,682969,808,745963,745452,511,-8.33634
08/03/2018 10:42,2017,1,WESTERN EUROPE-EU,SPAIN,1,HEATHROW,BILBAO,171670,171670,0,186350,186350,0,-7.87765
08/03/2018 10:42,2017,1,WESTERN EUROPE-EU,SPAIN,1,HEATHROW,IBIZA,30688,30688,0,40775,40775,0,-24.7382
08/03/2018 10:42,2017,1,WESTERN EUROPE-EU,SPAIN,1,HEATHROW,MADRID,1382478,1382478,0,1317122,1317122,0,4.96203
08/03/2018 10:42,2017,1,WESTERN EUROPE-EU,SPAIN,1,HEATHROW,MAHON,22342,22342,0,23121,23121,0,-3.36923
08/03/2018 10:42,2017,1,WESTERN EUROPE-EU,SPAIN,1,HEATHROW,MALAGA,32875,32875,0,19951,19951,0,64.77871
08/03/2018 10:42,2017,1,WESTERN EUROPE-EU,SPAIN,1,HEATHROW,MURCIA SAN JAVIER,16810,16810,0,0,0,0,0
08/03/2018 10:42,2017,1,WESTERN EUROPE-EU,SPAIN,1,HEATHROW,PALMA DE MALLORCA,82504,82504,0,122474,122474,0,-32.6355
08/03/2018 10:42,2017,1,WESTERN EUROPE-EU,SPAIN,1,HEATHROW,SANTIAGO DE COMPOSTELA (SPAIN),0,0,0,149,149,0,-100
08/03/2018 10:42,2017,1,WESTERN EUROPE-EU,SPAIN,1,LONDON CITY,ALICANTE,0,0,0,6343,6343,0,-100
08/03/2018 10:42,2017,1,WESTERN EUROPE-EU,SPAIN,1,LONDON CITY,GRANADA,16696,16696,0,18365,18365,0,-9.08794
08/03/2018 10:42,2017,1,WESTERN EUROPE-EU,SPAIN,1,LONDON CITY,IBIZA,91146,91146,0,88376,88376,0,3.13434
08/03/2018 10:42,2017,1,WESTERN EUROPE-EU,SPAIN,1,LONDON CITY,MADRID,4675,4675,0,70900,70818,82,-93.40621
08/03/2018 10:42,2017,1,WESTERN EUROPE-EU,SPAIN,1,LONDON CITY,MAHON,2602,2602,0,2553,2553,0,1.91931
08/03/2018 10:42,2017,1,WESTERN EUROPE-EU,SPAIN,1,LONDON CITY,MALAGA,67857,67857,0,57772,57772,0,17.45655
08/03/2018 10:42,2017,1,WESTERN EUROPE-EU,SPAIN,1,LONDON CITY,PALMA DE MALLORCA,46528,46528,0,37562,37562,0,23.86987
08/03/2018 10:42,2017,1,WESTERN EUROPE-EU,SPAIN,1,LUTON,ALICANTE,264625,263825,800,236862,236862,0,11.72117
08/03/2018 10:42,2017,1,WESTERN EUROPE-EU,SPAIN,1,LUTON,ALMERIA,62,0,62,0,0,0,0
08/03/2018 10:42,2017,1,WESTERN EUROPE-EU,SPAIN,1,LUTON,ASTURIAS,0,0,0,31,31,0,-100
08/03/2018 10:42,2017,1,WESTERN EUROPE-EU,SPAIN,1,LUTON,BARCELONA,506522,506518,4,367189,366387,802,37.94585
08/03/2018 10:42,2017,1,WESTERN EUROPE-EU,SPAIN,1,LUTON,BILBAO,51,51,0,34,0,34,50
08/03/2018 10:42,2017,1,WESTERN EUROPE-EU,SPAIN,1,LUTON,CASTELLON COSTA AZAHAR,0,0,0,12,0,12,-100
08/03/2018 10:42,2017,1,WESTERN EUROPE-EU,SPAIN,1,LUTON,GIRONA,34086,33932,154,54397,54397,0,-37.33846
08/03/2018 10:42,2017,1,WESTERN EUROPE-EU,SPAIN,1,LUTON,GRANADA,0,0,0,181,0,181,-100
08/03/2018 10:42,2017,1,WESTERN EUROPE-EU,SPAIN,1,LUTON,IBIZA,81045,56133,24912,58239,39627,18612,39.15933
08/03/2018 10:42,2017,1,WESTERN EUROPE-EU,SPAIN,1,LUTON,MADRID,144644,144345,299,132631,132353,278,9.05746
08/03/2018 10:42,2017,1,WESTERN EUROPE-EU,SPAIN,1,LUTON,MAHON,92241,73146,19095,89441,71355,18086,3.13056
08/03/2018 10:42,2017,1,WESTERN EUROPE-EU,SPAIN,1,LUTON,MALAGA,332077,308610,23467,304038,281615,22423,9.2222
08/03/2018 10:42,2017,1,WESTERN EUROPE-EU,SPAIN,1,LUTON,MURCIA SAN JAVIER,96715,96715,0,88598,88598,0,9.16161
08/03/2018 10:42,2017,1,WESTERN EUROPE-EU,SPAIN,1,LUTON,PALMA DE MALLORCA,291890,234196,57694,284387,226043,58344,2.63831
08/03/2018 10:42,2017,1,WESTERN EUROPE-EU,SPAIN,1,LUTON,REUS,9576,0,9576,9177,0,9177,4.34783
08/03/2018 10:42,2017,1,WESTERN EUROPE-EU,SPAIN,1,LUTON,SAN SEBASTIAN,1063,1063,0,719,719,0,47.84423
08/03/2018 10:42,2017,1,WESTERN EUROPE-EU,SPAIN,1,LUTON,SEVILLE,7217,7106,111,0,0,0,0
08/03/2018 10:42,2017,1,WESTERN EUROPE-EU,SPAIN,1,LUTON,VALENCIA,39549,39549,0,79,0,79,49962.02532
08/03/2018 10:42,2017,1,WESTERN EUROPE-EU,SPAIN,1,LUTON,VIGO,3210,3210,0,3227,3227,0,-0.52681
08/03/2018 10:42,2017,1,WESTERN EUROPE-EU,SPAIN,1,SOUTHEND,ALICANTE,116142,116142,0,100308,100308,0,15.78538
08/03/2018 10:42,2017,1,WESTERN EUROPE-EU,SPAIN,1,SOUTHEND,BARCELONA,42448,42448,0,43158,43158,0,-1.64512
08/03/2018 10:42,2017,1,WESTERN EUROPE-EU,SPAIN,1,SOUTHEND,IBIZA,20415,20415,0,20962,20962,0,-2.60948
08/03/2018 10:42,2017,1,WESTERN EUROPE-EU,SPAIN,1,SOUTHEND,MADRID,0,0,0,53,53,0,-100
08/03/2018 10:42,2017,1,WESTERN EUROPE-EU,SPAIN,1,SOUTHEND,MAHON,13578,13578,0,8493,8493,0,59.87284
08/03/2018 10:42,2017,1,WESTERN EUROPE-EU,SPAIN,1,SOUTHEND,MALAGA,86149,86149,0,81736,81736,0,5.39909
08/03/2018 10:42,2017,1,WESTERN EUROPE-EU,SPAIN,1,SOUTHEND,MURCIA SAN JAVIER,15031,15031,0,0,0,0,0
08/03/2018 10:42,2017,1,WESTERN EUROPE-EU,SPAIN,1,SOUTHEND,PALMA DE MALLORCA,89692,89692,0,52934,52934,0,69.44119
08/03/2018 10:42,2017,1,WESTERN EUROPE-EU,SPAIN,1,SOUTHEND,REUS,8477,8477,0,0,0,0,0
08/03/2018 10:42,2017,1,WESTERN EUROPE-EU,SPAIN,1,STANSTED,ALICANTE,320486,320486,0,234052,234052,0,36.9294
08/03/2018 10:42,2017,1,WESTERN EUROPE-EU,SPAIN,1,STANSTED,ALMERIA,25867,25867,0,27450,27450,0,-5.76685
08/03/2018 10:42,2017,1,WESTERN EUROPE-EU,SPAIN,1,STANSTED,ASTURIAS,76035,76035,0,80141,80141,0,-5.12347
08/03/2018 10:42,2017,1,WESTERN EUROPE-EU,SPAIN,1,STANSTED,BARCELONA,464280,464111,169,508076,506726,1350,-8.61997
08/03/2018 10:42,2017,1,WESTERN EUROPE-EU,SPAIN,1,STANSTED,BILBAO,127186,127060,126,131520,131520,0,-3.29532
08/03/2018 10:42,2017,1,WESTERN EUROPE-EU,SPAIN,1,STANSTED,CASTELLON COSTA AZAHAR,34037,34037,0,14356,14356,0,137.0925
08/03/2018 10:42,2017,1,WESTERN EUROPE-EU,SPAIN,1,STANSTED,CASTELLON DE LA PLANA AIRPORT,14723,14723,0,36310,36310,0,-59.45194
08/03/2018 10:42,2017,1,WESTERN EUROPE-EU,SPAIN,1,STANSTED,GIRONA,71010,70843,167,59058,59058,0,20.23773
08/03/2018 10:42,2017,1,WESTERN EUROPE-EU,SPAIN,1,STANSTED,GRANADA,97,97,0,0,0,0,0
08/03/2018 10:42,2017,1,WESTERN EUROPE-EU,SPAIN,1,STANSTED,IBIZA,301243,275401,25842,251136,227033,24103,19.95214
08/03/2018 10:42,2017,1,WESTERN EUROPE-EU,SPAIN,1,STANSTED,JEREZ,59019,59019,0,53527,53527,0,10.26024
08/03/2018 10:42,2017,1,WESTERN EUROPE-EU,SPAIN,1,STANSTED,LEON,0,0,0,332,0,332,-100
08/03/2018 10:42,2017,1,WESTERN EUROPE-EU,SPAIN,1,STANSTED,LIEIDA,367,0,367,0,0,0,0
08/03/2018 10:42,2017,1,WESTERN EUROPE-EU,SPAIN,1,STANSTED,MADRID,475209,474277,932,499574,499574,0,-4.87716
08/03/2018 10:42,2017,1,WESTERN EUROPE-EU,SPAIN,1,STANSTED,MAHON,68811,51785,17026,38631,19765,18866,78.12379
08/03/2018 10:42,2017,1,WESTERN EUROPE-EU,SPAIN,1,STANSTED,MALAGA,466283,466283,0,398718,398290,428,16.94556
08/03/2018 10:42,2017,1,WESTERN EUROPE-EU,SPAIN,1,STANSTED,MURCIA SAN JAVIER,131327,131327,0,137691,137691,0,-4.62194
08/03/2018 10:42,2017,1,WESTERN EUROPE-EU,SPAIN,1,STANSTED,PALMA DE MALLORCA,448781,419939,28842,371741,340373,31368,20.72411
08/03/2018 10:42,2017,1,WESTERN EUROPE-EU,SPAIN,1,STANSTED,REUS,83509,82669,840,52929,52575,354,57.77551
08/03/2018 10:42,2017,1,WESTERN EUROPE-EU,SPAIN,1,STANSTED,SALAMANCA,0,0,0,165,0,165,-100
08/03/2018 10:42,2017,1,WESTERN EUROPE-EU,SPAIN,1,STANSTED,SANTANDER,80607,80607,0,80455,80455,0,0.18893
08/03/2018 10:42,2017,1,WESTERN EUROPE-EU,SPAIN,1,STANSTED,SANTIAGO DE COMPOSTELA (SPAIN),77121,77121,0,79422,79422,0,-2.89718
08/03/2018 10:42,2017,1,WESTERN EUROPE-EU,SPAIN,1,STANSTED,SEVILLE,144825,144672,153,137278,137278,0,5.4976
08/03/2018 10:42,2017,1,WESTERN EUROPE-EU,SPAIN,1,STANSTED,VALENCIA,130358,130186,172,129668,129668,0,0.53213
08/03/2018 10:42,2017,1,WESTERN EUROPE-EU,SPAIN,1,STANSTED,VALLADOLID,0,0,0,1274,0,1274,-100
08/03/2018 10:42,2017,1,WESTERN EUROPE-EU,SPAIN,1,STANSTED,ZARAGOZA,87056,87056,0,86109,86109,0,1.09977
08/03/2018 10:42,2017,1,WESTERN EUROPE-EU,SPAIN,2,ABERDEEN,ALICANTE,31832,31832,0,0,0,0,0
08/03/2018 10:42,2017,1,WESTERN EUROPE-EU,SPAIN,2,ABERDEEN,BARCELONA,55,55,0,0,0,0,0
08/03/2018 10:42,2017,1,WESTERN EUROPE-EU,SPAIN,2,ABERDEEN,IBIZA,5542,0,5542,5643,0,5643,-1.78983
08/03/2018 10:42,2017,1,WESTERN EUROPE-EU,SPAIN,2,ABERDEEN,MALAGA,31484,31484,0,4204,0,4204,648.9058
08/03/2018 10:42,2017,1,WESTERN EUROPE-EU,SPAIN,2,ABERDEEN,PALMA DE MALLORCA,23767,0,23767,28402,86,28316,-16.31927
08/03/2018 10:42,2017,1,WESTERN EUROPE-EU,SPAIN,2,ABERDEEN,REUS,0,0,0,2666,0,2666,-100
08/03/2018 10:42,2017,1,WESTERN EUROPE-EU,SPAIN,2,BELFAST CITY (GEORGE BEST),ALICANTE,13982,13982,0,28669,28669,0,-51.22955
08/03/2018 10:42,2017,1,WESTERN EUROPE-EU,SPAIN,2,BELFAST CITY (GEORGE BEST),BARCELONA,0,0,0,146,146,0,-100
08/03/2018 10:42,2017,1,WESTERN EUROPE-EU,SPAIN,2,BELFAST CITY (GEORGE BEST),MALAGA,57175,57175,0,67618,67618,0,-15.44411
08/03/2018 10:42,2017,1,WESTERN EUROPE-EU,SPAIN,2,BELFAST CITY (GEORGE BEST),PALMA DE MALLORCA,17877,17877,0,29135,29135,0,-38.64081
08/03/2018 10:42,2017,1,WESTERN EUROPE-EU,SPAIN,2,BELFAST INTERNATIONAL,ALICANTE,227397,227397,0,153691,153691,0,47.95726
08/03/2018 10:42,2017,1,WESTERN EUROPE-EU,SPAIN,2,BELFAST INTERNATIONAL,BADAJOZ,0,0,0,101,0,101,-100
08/03/2018 10:42,2017,1,WESTERN EUROPE-EU,SPAIN,2,BELFAST INTERNATIONAL,BARCELONA,55269,52203,3066,35491,35491,0,55.7268
08/03/2018 10:42,2017,1,WESTERN EUROPE-EU,SPAIN,2,BELFAST INTERNATIONAL,BILBAO,0,0,0,60,0,60,-100
08/03/2018 10:42,2017,1,WESTERN EUROPE-EU,SPAIN,2,BELFAST INTERNATIONAL,GIRONA,28740,28740,0,0,0,0,0
08/03/2018 10:42,2017,1,WESTERN EUROPE-EU,SPAIN,2,BELFAST INTERNATIONAL,IBIZA,45362,29259,16103,28425,21357,7068,59.58487
08/03/2018 10:42,2017,1,WESTERN EUROPE-EU,SPAIN,2,BELFAST INTERNATIONAL,LEON,0,0,0,157,0,157,-100
08/03/2018 10:42,2017,1,WESTERN EUROPE-EU,SPAIN,2,BELFAST INTERNATIONAL,MAHON,17725,11003,6722,11485,4823,6662,54.33174
08/03/2018 10:42,2017,1,WESTERN EUROPE-EU,SPAIN,2,BELFAST INTERNATIONAL,MALAGA,209583,202158,7425,130342,122867,7475,60.79468
08/03/2018 10:42,2017,1,WESTERN EUROPE-EU,SPAIN,2,BELFAST INTERNATIONAL,MURCIA SAN JAVIER,0,0,0,9990,9990,0,-100
08/03/2018 10:42,2017,1,WESTERN EUROPE-EU,SPAIN,2,BELFAST INTERNATIONAL,PALMA DE MALLORCA,183383,140661,42722,147410,108872,38538,24.40336
08/03/2018 10:42,2017,1,WESTERN EUROPE-EU,SPAIN,2,BELFAST INTERNATIONAL,REUS,61870,22935,38935,52480,16265,36215,17.89253
08/03/2018 10:42,2017,1,WESTERN EUROPE-EU,SPAIN,2,BELFAST INTERNATIONAL,SALAMANCA,0,0,0,157,0,157,-100
08/03/2018 10:42,2017,1,WESTERN EUROPE-EU,SPAIN,2,BELFAST INTERNATIONAL,SANTIAGO DE COMPOSTELA (SPAIN),0,0,0,118,118,0,-100
08/03/2018 10:42,2017,1,WESTERN EUROPE-EU,SPAIN,2,BELFAST INTERNATIONAL,SEVILLE,448,0,448,0,0,0,0
08/03/2018 10:42,2017,1,WESTERN EUROPE-EU,SPAIN,2,BELFAST INTERNATIONAL,VALLADOLID,0,0,0,614,0,614,-100
08/03/2018 10:42,2017,1,WESTERN EUROPE-EU,SPAIN,2,BIRMINGHAM,A CORUNA,72,0,72,0,0,0,0
08/03/2018 10:42,2017,1,WESTERN EUROPE-EU,SPAIN,2,BIRMINGHAM,ALICANTE,430601,395260,35341,365236,324798,40438,17.89665
08/03/2018 10:42,2017,1,WESTERN EUROPE-EU,SPAIN,2,BIRMINGHAM,ALMERIA,17106,17106,0,17732,17732,0,-3.53034
08/03/2018 10:42,2017,1,WESTERN EUROPE-EU,SPAIN,2,BIRMINGHAM,BARCELONA,293629,293300,329,308260,307174,1086,-4.74632
08/03/2018 10:42,2017,1,WESTERN EUROPE-EU,SPAIN,2,BIRMINGHAM,BILBAO,370,0,370,196,0,196,88.77551
08/03/2018 10:42,2017,1,WESTERN EUROPE-EU,SPAIN,2,BIRMINGHAM,GIRONA,62623,49074,13549,15358,0,15358,307.75492
08/03/2018 10:42,2017,1,WESTERN EUROPE-EU,SPAIN,2,BIRMINGHAM,IBIZA,149996,107340,42656,96329,49959,46370,55.71219
08/03/2018 10:42,2017,1,WESTERN EUROPE-EU,SPAIN,2,BIRMINGHAM,LIEIDA,1379,0,1379,2303,0,2303,-40.12158
08/03/2018 10:42,2017,1,WESTERN EUROPE-EU,SPAIN,2,BIRMINGHAM,MADRID,142299,140161,2138,135905,135905,0,4.70476
08/03/2018 10:42,2017,1,WESTERN EUROPE-EU,SPAIN,2,BIRMINGHAM,MAHON,87597,57576,30021,68117,48635,19482,28.59785
08/03/2018 10:42,2017,1,WESTERN EUROPE-EU,SPAIN,2,BIRMINGHAM,MALAGA,467074,411015,56059,383593,351456,32137,21.76291
08/03/2018 10:42,2017,1,WESTERN EUROPE-EU,SPAIN,2,BIRMINGHAM,MURCIA SAN JAVIER,56667,56667,0,51527,51527,0,9.97535
08/03/2018 10:42,2017,1,WESTERN EUROPE-EU,SPAIN,2,BIRMINGHAM,PALMA DE MALLORCA,404680,295989,108691,356427,257072,99355,13.53798
08/03/2018 10:42,2017,1,WESTERN EUROPE-EU,SPAIN,2,BIRMINGHAM,REUS,60585,41691,18894,20244,0,20244,199.27386
08/03/2018 10:42,2017,1,WESTERN EUROPE-EU,SPAIN,2,BIRMINGHAM,SANTANDER,64,64,0,0,0,0,0
08/03/2018 10:42,2017,1,WESTERN EUROPE-EU,SPAIN,2,BIRMINGHAM,SEVILLE,182,182,0,0,0,0,0
08/03/2018 10:42,2017,1,WESTERN EUROPE-EU,SPAIN,2,BIRMINGHAM,VALENCIA,9886,9748,138,0,0,0,0
08/03/2018 10:42,2017,1,WESTERN EUROPE-EU,SPAIN,2,BOURNEMOUTH,ALICANTE,53697,53607,90,64912,64819,93,-17.27724
08/03/2018 10:42,2017,1,WESTERN EUROPE-EU,SPAIN,2,BOURNEMOUTH,BARCELONA,133,133,0,36,0,36,269.44444
08/03/2018 10:42,2017,1,WESTERN EUROPE-EU,SPAIN,2,BOURNEMOUTH,GIRONA,36094,36094,0,43831,43831,0,-17.65189
08/03/2018 10:42,2017,1,WESTERN EUROPE-EU,SPAIN,2,BOURNEMOUTH,IBIZA,8971,0,8971,8959,0,8959,0.13394
08/03/2018 10:42,2017,1,WESTERN EUROPE-EU,SPAIN,2,BOURNEMOUTH,MADRID,242,154,88,0,0,0,0
08/03/2018 10:42,2017,1,WESTERN EUROPE-EU,SPAIN,2,BOURNEMOUTH,MAHON,9466,0,9466,8325,0,8325,13.70571
08/03/2018 10:42,2017,1,WESTERN EUROPE-EU,SPAIN,2,BOURNEMOUTH,MALAGA,73594,73495,99,83746,83746,0,-12.12237
08/03/2018 10:42,2017,1,WESTERN EUROPE-EU,SPAIN,2,BOURNEMOUTH,MURCIA SAN JAVIER,36959,36959,0,42558,42558,0,-13.15616
08/03/2018 10:42,2017,1,WESTERN EUROPE-EU,SPAIN,2,BOURNEMOUTH,PALMA DE MALLORCA,95093,56836,38257,114694,74635,40059,-17.08982
08/03/2018 10:42,2017,1,WESTERN EUROPE-EU,SPAIN,2,BOURNEMOUTH,SEVILLE,52,0,52,0,0,0,0
08/03/2018 10:42,2017,1,WESTERN EUROPE-EU,SPAIN,2,BOURNEMOUTH,VALENCIA,95,0,95,0,0,0,0
08/03/2018 10:42,2017,1,WESTERN EUROPE-EU,SPAIN,2,BRISTOL,ALICANTE,331043,317210,13833,313420,298799,14621,5.62281
08/03/2018 10:42,2017,1,WESTERN EUROPE-EU,SPAIN,2,BRISTOL,ALMERIA,7696,7696,0,0,0,0,0
08/03/2018 10:42,2017,1,WESTERN EUROPE-EU,SPAIN,2,BRISTOL,BARCELONA,190312,190072,240,151618,151358,260,25.52072
08/03/2018 10:42,2017,1,WESTERN EUROPE-EU,SPAIN,2,BRISTOL,BILBAO,28475,28475,0,14450,14450,0,97.05882
08/03/2018 10:42,2017,1,WESTERN EUROPE-EU,SPAIN,2,BRISTOL,CASTELLON DE LA PLANA AIRPORT,19175,19175,0,19102,19102,0,0.38216
08/03/2018 10:42,2017,1,WESTERN EUROPE-EU,SPAIN,2,BRISTOL,GIRONA,59883,53282,6601,59769,59769,0,0.19073
08/03/2018 10:42,2017,1,WESTERN EUROPE-EU,SPAIN,2,BRISTOL,IBIZA,100338,64145,36193,97088,58421,38667,3.34748
08/03/2018 10:42,2017,1,WESTERN EUROPE-EU,SPAIN,2,BRISTOL,MADRID,115513,105747,9766,102379,102379,0,12.8288
08/03/2018 10:42,2017,1,WESTERN EUROPE-EU,SPAIN,2,BRISTOL,MAHON,72871,53507,19364,58076,39325,18751,25.47524
08/03/2018 10:42,2017,1,WESTERN EUROPE-EU,SPAIN,2,BRISTOL,MALAGA,347703,318179,29524,337450,309660,27790,3.03838
08/03/2018 10:42,2017,1,WESTERN EUROPE-EU,SPAIN,2,BRISTOL,MURCIA SAN JAVIER,80465,80465,0,72771,72771,0,10.57289
08/03/2018 10:42,2017,1,WESTERN EUROPE-EU,SPAIN,2,BRISTOL,PALMA DE MALLORCA,341400,294558,46842,340262,300453,39809,0.33445
08/03/2018 10:42,2017,1,WESTERN EUROPE-EU,SPAIN,2,BRISTOL,REUS,20792,11443,9349,22966,12291,10675,-9.46617
08/03/2018 10:42,2017,1,WESTERN EUROPE-EU,SPAIN,2,BRISTOL,SANTIAGO DE COMPOSTELA (SPAIN),146,146,0,0,0,0,0
08/03/2018 10:42,2017,1,WESTERN EUROPE-EU,SPAIN,2,BRISTOL,VALENCIA,6,6,0,0,0,0,0
08/03/2018 10:42,2017,1,WESTERN EUROPE-EU,SPAIN,2,CAMBRIDGE,MADRID,200,200,0,0,0,0,0
08/03/2018 10:42,2017,1,WESTERN EUROPE-EU,SPAIN,2,CARDIFF WALES,ALICANTE,105458,67735,37723,93424,55061,38363,12.88106
08/03/2018 10:42,2017,1,WESTERN EUROPE-EU,SPAIN,2,CARDIFF WALES,BARCELONA,25664,25546,118,30690,30636,54,-16.37667
08/03/2018 10:42,2017,1,WESTERN EUROPE-EU,SPAIN,2,CARDIFF WALES,GIRONA,211,0,211,0,0,0,0
08/03/2018 10:42,2017,1,WESTERN EUROPE-EU,SPAIN,2,CARDIFF WALES,IBIZA,32534,0,32534,34974,0,34974,-6.97661
08/03/2018 10:42,2017,1,WESTERN EUROPE-EU,SPAIN,2,CARDIFF WALES,MADRID,9738,9648,90,0,0,0,0
08/03/2018 10:42,2017,1,WESTERN EUROPE-EU,SPAIN,2,CARDIFF WALES,MAHON,23064,0,23064,21080,0,21080,9.41176
08/03/2018 10:42,2017,1,WESTERN EUROPE-EU,SPAIN,2,CARDIFF WALES,MALAGA,87195,59418,27777,82596,52121,30475,5.56807
08/03/2018 10:42,2017,1,WESTERN EUROPE-EU,SPAIN,2,CARDIFF WALES,PALMA DE MALLORCA,112069,33259,78810,109021,29973,79048,2.79579
08/03/2018 10:42,2017,1,WESTERN EUROPE-EU,SPAIN,2,CARDIFF WALES,REUS,16444,0,16444,16389,0,16389,0.33559
08/03/2018 10:42,2017,1,WESTERN EUROPE-EU,SPAIN,2,CARDIFF WALES,VALENCIA,48,0,48,0,0,0,0
08/03/2018 10:42,2017,1,WESTERN EUROPE-EU,SPAIN,2,CITY OF DERRY (EGLINTON),PALMA DE MALLORCA,2250,0,2250,0,0,0,0
08/03/2018 10:42,2017,1,WESTERN EUROPE-EU,SPAIN,2,DONCASTER SHEFFIELD,ALICANTE,75400,26658,48742,79512,22977,56535,-5.17155
08/03/2018 10:42,2017,1,WESTERN EUROPE-EU,SPAIN,2,DONCASTER SHEFFIELD,BARCELONA,0,0,0,133,0,133,-100
08/03/2018 10:42,2017,1,WESTERN EUROPE-EU,SPAIN,2,DONCASTER SHEFFIELD,IBIZA,15882,0,15882,16552,0,16552,-4.04785
08/03/2018 10:42,2017,1,WESTERN EUROPE-EU,SPAIN,2,DONCASTER SHEFFIELD,MAHON,17227,0,17227,17276,0,17276,-0.28363
08/03/2018 10:42,2017,1,WESTERN EUROPE-EU,SPAIN,2,DONCASTER SHEFFIELD,MALAGA,55703,21456,34247,57148,21068,36080,-2.52852
08/03/2018 10:42,2017,1,WESTERN EUROPE-EU,SPAIN,2,DONCASTER SHEFFIELD,PALMA DE MALLORCA,71712,8819,62893,65330,0,65330,9.76887
08/03/2018 10:42,2017,1,WESTERN EUROPE-EU,SPAIN,2,DONCASTER SHEFFIELD,REUS,9283,0,9283,9513,0,9513,-2.41774
08/03/2018 10:42,2017,1,WESTERN EUROPE-EU,SPAIN,2,DURHAM TEES VALLEY,BARCELONA,40,0,40,0,0,0,0
08/03/2018 10:42,2017,1,WESTERN EUROPE-EU,SPAIN,2,DURHAM TEES VALLEY,MALAGA,0,0,0,147,0,147,-100
08/03/2018 10:42,2017,1,WESTERN EUROPE-EU,SPAIN,2,EAST MIDLANDS INTERNATIONAL,ALICANTE,400947,369671,31276,391061,359588,31473,2.52799
08/03/2018 10:42,2017,1,WESTERN EUROPE-EU,SPAIN,2,EAST MIDLANDS INTERNATIONAL,ALMERIA,7125,7125,0,0,0,0,0
08/03/2018 10:42,2017,1,WESTERN EUROPE-EU,SPAIN,2,EAST MIDLANDS INTERNATIONAL,ASTURIAS,90,0,90,0,0,0,0
08/03/2018 10:42,2017,1,WESTERN EUROPE-EU,SPAIN,2,EAST MIDLANDS INTERNATIONAL,BARCELONA,90312,90200,112,88714,88332,382,1.80129
08/03/2018 10:42,2017,1,WESTERN EUROPE-EU,SPAIN,2,EAST MIDLANDS INTERNATIONAL,BILBAO,0,0,0,150,150,0,-100
08/03/2018 10:42,2017,1,WESTERN EUROPE-EU,SPAIN,2,EAST MIDLANDS INTERNATIONAL,GIRONA,32985,32985,0,0,0,0,0
08/03/2018 10:42,2017,1,WESTERN EUROPE-EU,SPAIN,2,EAST MIDLANDS INTERNATIONAL,IBIZA,109873,82777,27096,116890,85845,31045,-6.00308
08/03/2018 10:42,2017,1,WESTERN EUROPE-EU,SPAIN,2,EAST MIDLANDS INTERNATIONAL,MADRID,2811,0,2811,304,304,0,824.67105
08/03/2018 10:42,2017,1,WESTERN EUROPE-EU,SPAIN,2,EAST MIDLANDS INTERNATIONAL,MAHON,82857,64663,18194,75996,59605,16391,9.02811
08/03/2018 10:42,2017,1,WESTERN EUROPE-EU,SPAIN,2,EAST MIDLANDS INTERNATIONAL,MALAGA,305176,276113,29063,308964,276091,32873,-1.22603
08/03/2018 10:42,2017,1,WESTERN EUROPE-EU,SPAIN,2,EAST MIDLANDS INTERNATIONAL,MURCIA SAN JAVIER,96263,96263,0,87386,87386,0,10.15838
08/03/2018 10:42,2017,1,WESTERN EUROPE-EU,SPAIN,2,EAST MIDLANDS INTERNATIONAL,PALMA DE MALLORCA,350209,292098,58111,340103,273990,66113,2.97145
08/03/2018 10:42,2017,1,WESTERN EUROPE-EU,SPAIN,2,EAST MIDLANDS INTERNATIONAL,REUS,38900,38654,246,17092,16807,285,127.59186
08/03/2018 10:42,2017,1,WESTERN EUROPE-EU,SPAIN,2,EAST MIDLANDS INTERNATIONAL,SEVILLE,6943,5651,1292,0,0,0,0
08/03/2018 10:42,2017,1,WESTERN EUROPE-EU,SPAIN,2,EAST MIDLANDS INTERNATIONAL,VALENCIA,40364,40364,0,34223,34223,0,17.94407
08/03/2018 10:42,2017,1,WESTERN EUROPE-EU,SPAIN,2,EDINBURGH,ALICANTE,230503,230503,0,206991,206991,0,11.35895
08/03/2018 10:42,2017,1,WESTERN EUROPE-EU,SPAIN,2,EDINBURGH,ALMERIA,6960,6960,0,0,0,0,0
08/03/2018 10:42,2017,1,WESTERN EUROPE-EU,SPAIN,2,EDINBURGH,BARCELONA,186568,186568,0,181033,177517,3516,3.05745
08/03/2018 10:42,2017,1,WESTERN EUROPE-EU,SPAIN,2,EDINBURGH,BILBAO,21584,21584,0,324,0,324,6561.7284
08/03/2018 10:42,2017,1,WESTERN EUROPE-EU,SPAIN,2,EDINBURGH,GIRONA,33693,33693,0,0,0,0,0
08/03/2018 10:42,2017,1,WESTERN EUROPE-EU,SPAIN,2,EDINBURGH,IBIZA,42621,42621,0,29744,20955,8789,43.29276
08/03/2018 10:42,2017,1,WESTERN EUROPE-EU,SPAIN,2,EDINBURGH,LEON,157,0,157,0,0,0,0
08/03/2018 10:42,2017,1,WESTERN EUROPE-EU,SPAIN,2,EDINBURGH,MADRID,180513,180211,302,185545,183149,2396,-2.71201
08/03/2018 10:42,2017,1,WESTERN EUROPE-EU,SPAIN,2,EDINBURGH,MAHON,17127,12462,4665,13884,9136,4748,23.35782
08/03/2018 10:42,2017,1,WESTERN EUROPE-EU,SPAIN,2,EDINBURGH,MALAGA,195779,192159,3620,183032,183032,0,6.96436
08/03/2018 10:42,2017,1,WESTERN EUROPE-EU,SPAIN,2,EDINBURGH,MURCIA SAN JAVIER,14481,14481,0,0,0,0,0
08/03/2018 10:42,2017,1,WESTERN EUROPE-EU,SPAIN,2,EDINBURGH,PALMA DE MALLORCA,204232,167632,36600,183518,145028,38490,11.28718
08/03/2018 10:42,2017,1,WESTERN EUROPE-EU,SPAIN,2,EDINBURGH,REUS,16867,16867,0,14774,14774,0,14.16678
08/03/2018 10:42,2017,1,WESTERN EUROPE-EU,SPAIN,2,EDINBURGH,SALAMANCA,173,0,173,0,0,0,0
08/03/2018 10:42,2017,1,WESTERN EUROPE-EU,SPAIN,2,EDINBURGH,SANTANDER,37466,37466,0,36278,36278,0,3.27471
08/03/2018 10:42,2017,1,WESTERN EUROPE-EU,SPAIN,2,EDINBURGH,SANTIAGO DE COMPOSTELA (SPAIN),148,0,148,0,0,0,0
08/03/2018 10:42,2017,1,WESTERN EUROPE-EU,SPAIN,2,EDINBURGH,VALENCIA,8253,8253,0,0,0,0,0
08/03/2018 10:42,2017,1,WESTERN EUROPE-EU,SPAIN,2,EDINBURGH,VALLADOLID,729,0,729,0,0,0,0
08/03/2018 10:42,2017,1,WESTERN EUROPE-EU,SPAIN,2,EDINBURGH,VIGO,20972,20972,0,0,0,0,0
08/03/2018 10:42,2017,1,WESTERN EUROPE-EU,SPAIN,2,EDINBURGH,ZARAGOZA,291,0,291,0,0,0,0
08/03/2018 10:42,2017,1,WESTERN EUROPE-EU,SPAIN,2,EXETER,ALICANTE,34768,34768,0,27620,27620,0,25.8798
08/03/2018 10:42,2017,1,WESTERN EUROPE-EU,SPAIN,2,EXETER,IBIZA,8770,0,8770,8835,0,8835,-0.73571
08/03/2018 10:42,2017,1,WESTERN EUROPE-EU,SPAIN,2,EXETER,MAHON,17044,0,17044,16942,0,16942,0.60205
08/03/2018 10:42,2017,1,WESTERN EUROPE-EU,SPAIN,2,EXETER,MALAGA,34173,34173,0,27335,27335,0,25.01555
08/03/2018 10:42,2017,1,WESTERN EUROPE-EU,SPAIN,2,EXETER,PALMA DE MALLORCA,56972,13622,43350,52319,10032,42287,8.89352
08/03/2018 10:42,2017,1,WESTERN EUROPE-EU,SPAIN,2,GLASGOW,ALICANTE,326125,280795,45330,233184,198738,34446,39.85737
08/03/2018 10:42,2017,1,WESTERN EUROPE-EU,SPAIN,2,GLASGOW,ALMERIA,6025,4034,1991,6063,3366,2697,-0.62675
08/03/2018 10:42,2017,1,WESTERN EUROPE-EU,SPAIN,2,GLASGOW,BARCELONA,47511,43580,3931,40724,36828,3896,16.66585
08/03/2018 10:42,2017,1,WESTERN EUROPE-EU,SPAIN,2,GLASGOW,BILBAO,16,0,16,0,0,0,0
08/03/2018 10:42,2017,1,WESTERN EUROPE-EU,SPAIN,2,GLASGOW,GIRONA,17100,17100,0,20831,11804,9027,-17.91081
08/03/2018 10:42,2017,1,WESTERN EUROPE-EU,SPAIN,2,GLASGOW,IBIZA,82028,52879,29149,79567,48560,31007,3.09299
08/03/2018 10:42,2017,1,WESTERN EUROPE-EU,SPAIN,2,GLASGOW,MADRID,10642,10642,0,126,0,126,8346.03175
08/03/2018 10:42,2017,1,WESTERN EUROPE-EU,SPAIN,2,GLASGOW,MAHON,34206,24741,9465,32835,20521,12314,4.17542
08/03/2018 10:42,2017,1,WESTERN EUROPE-EU,SPAIN,2,GLASGOW,MALAGA,254078,225872,28206,187604,156887,30717,35.43315
08/03/2018 10:42,2017,1,WESTERN EUROPE-EU,SPAIN,2,GLASGOW,PALMA DE MALLORCA,233443,161518,71925,225687,134627,91060,3.43662
08/03/2018 10:42,2017,1,WESTERN EUROPE-EU,SPAIN,2,GLASGOW,REUS,85236,41948,43288,76642,31930,44712,11.21317
08/03/2018 10:42,2017,1,WESTERN EUROPE-EU,SPAIN,2,GLASGOW,SANTIAGO DE COMPOSTELA (SPAIN),148,0,148,0,0,0,0
08/03/2018 10:42,2017,1,WESTERN EUROPE-EU,SPAIN,2,GLASGOW,VALENCIA,25788,25788,0,80,0,80,32135
08/03/2018 10:42,2017,1,WESTERN EUROPE-EU,SPAIN,2,GLASGOW,ZARAGOZA,108,0,108,0,0,0,0
08/03/2018 10:42,2017,1,WESTERN EUROPE-EU,SPAIN,2,GUERNSEY,BARCELONA,0,0,0,628,628,0,-100
08/03/2018 10:42,2017,1,WESTERN EUROPE-EU,SPAIN,2,HUMBERSIDE,ALICANTE,928,0,928,1130,0,1130,-17.87611
08/03/2018 10:42,2017,1,WESTERN EUROPE-EU,SPAIN,2,HUMBERSIDE,BARCELONA,0,0,0,84,0,84,-100
08/03/2018 10:42,2017,1,WESTERN EUROPE-EU,SPAIN,2,HUMBERSIDE,MADRID,0,0,0,62,0,62,-100
08/03/2018 10:42,2017,1,WESTERN EUROPE-EU,SPAIN,2,HUMBERSIDE,PALMA DE MALLORCA,10205,0,10205,7933,0,7933,28.63986
08/03/2018 10:42,2017,1,WESTERN EUROPE-EU,SPAIN,2,ISLE OF MAN,MAHON,709,0,709,0,0,0,0
08/03/2018 10:42,2017,1,WESTERN EUROPE-EU,SPAIN,2,ISLE OF MAN,PALMA DE MALLORCA,1929,0,1929,0,0,0,0
08/03/2018 10:42,2017,1,WESTERN EUROPE-EU,SPAIN,2,JERSEY,BARCELONA,171,78,93,248,124,124,-31.04839
08/03/2018 10:42,2017,1,WESTERN EUROPE-EU,SPAIN,2,JERSEY,MADRID,4,0,4,0,0,0,0
08/03/2018 10:42,2017,1,WESTERN EUROPE-EU,SPAIN,2,JERSEY,MALAGA,885,881,4,763,763,0,15.98952
08/03/2018 10:42,2017,1,WESTERN EUROPE-EU,SPAIN,2,JERSEY,PALMA DE MALLORCA,3854,0,3854,4240,112,4128,-9.10377
08/03/2018 10:42,2017,1,WESTERN EUROPE-EU,SPAIN,2,LEEDS BRADFORD,ALICANTE,328587,328185,402,311650,311650,0,5.43462
08/03/2018 10:42,2017,1,WESTERN EUROPE-EU,SPAIN,2,LEEDS BRADFORD,ALMERIA,12170,12170,0,0,0,0,0
08/03/2018 10:42,2017,1,WESTERN EUROPE-EU,SPAIN,2,LEEDS BRADFORD,BARCELONA,75404,75179,225,90035,90035,0,-16.25035
08/03/2018 10:42,2017,1,WESTERN EUROPE-EU,SPAIN,2,LEEDS BRADFORD,GIRONA,37401,37401,0,0,0,0,0
08/03/2018 10:42,2017,1,WESTERN EUROPE-EU,SPAIN,2,LEEDS BRADFORD,IBIZA,91680,84190,7490,80076,71108,8968,14.49123
08/03/2018 10:42,2017,1,WESTERN EUROPE-EU,SPAIN,2,LEEDS BRADFORD,MADRID,337,337,0,0,0,0,0
08/03/2018 10:42,2017,1,WESTERN EUROPE-EU,SPAIN,2,LEEDS BRADFORD,MAHON,51313,42253,9060,50374,41153,9221,1.86406
08/03/2018 10:42,2017,1,WESTERN EUROPE-EU,SPAIN,2,LEEDS BRADFORD,MALAGA,290468,289866,602,276999,276999,0,4.86247
08/03/2018 10:42,2017,1,WESTERN EUROPE-EU,SPAIN,2,LEEDS BRADFORD,MURCIA SAN JAVIER,55510,55510,0,49738,49738,0,11.60481
08/03/2018 10:42,2017,1,WESTERN EUROPE-EU,SPAIN,2,LEEDS BRADFORD,PALMA DE MALLORCA,265038,224992,40046,256359,208992,47367,3.38549
08/03/2018 10:42,2017,1,WESTERN EUROPE-EU,SPAIN,2,LEEDS BRADFORD,REUS,18788,18788,0,14814,14814,0,26.82598
08/03/2018 10:42,2017,1,WESTERN EUROPE-EU,SPAIN,2,LEEDS BRADFORD,SANTIAGO DE COMPOSTELA (SPAIN),153,153,0,0,0,0,0
08/03/2018 10:42,2017,1,WESTERN EUROPE-EU,SPAIN,2,LIVERPOOL (JOHN LENNON),ALICANTE,260395,260395,0,215339,215339,0,20.92329
08/03/2018 10:42,2017,1,WESTERN EUROPE-EU,SPAIN,2,LIVERPOOL (JOHN LENNON),BARCELONA,230030,230030,0,261596,261531,65,-12.0667
08/03/2018 10:42,2017,1,WESTERN EUROPE-EU,SPAIN,2,LIVERPOOL (JOHN LENNON),BILBAO,0,0,0,179,179,0,-100
08/03/2018 10:42,2017,1,WESTERN EUROPE-EU,SPAIN,2,LIVERPOOL (JOHN LENNON),CASTELLÓN COSTA AZAHAR,0,0,0,2939,0,2939,-100
08/03/2018 10:42,2017,1,WESTERN EUROPE-EU,SPAIN,2,LIVERPOOL (JOHN LENNON),GIRONA,20238,20238,0,0,0,0,0
08/03/2018 10:42,2017,1,WESTERN EUROPE-EU,SPAIN,2,LIVERPOOL (JOHN LENNON),IBIZA,35494,29527,5967,29982,29982,0,18.38436
08/03/2018 10:42,2017,1,WESTERN EUROPE-EU,SPAIN,2,LIVERPOOL (JOHN LENNON),MADRID,91459,91459,0,92643,92643,0,-1.27802
08/03/2018 10:42,2017,1,WESTERN EUROPE-EU,SPAIN,2,LIVERPOOL (JOHN LENNON),MAHON,7193,7193,0,10011,10011,0,-28.14904
08/03/2018 10:42,2017,1,WESTERN EUROPE-EU,SPAIN,2,LIVERPOOL (JOHN LENNON),MALAGA,246377,246377,0,227098,227098,0,8.48929
08/03/2018 10:42,2017,1,WESTERN EUROPE-EU,SPAIN,2,LIVERPOOL (JOHN LENNON),MURCIA SAN JAVIER,92,0,92,0,0,0,0
08/03/2018 10:42,2017,1,WESTERN EUROPE-EU,SPAIN,2,LIVERPOOL (JOHN LENNON),PALMA DE MALLORCA,217918,202969,14949,196507,187545,8962,10.8958
08/03/2018 10:42,2017,1,WESTERN EUROPE-EU,SPAIN,2,LIVERPOOL (JOHN LENNON),REUS,21887,21887,0,12118,12118,0,80.61561
08/03/2018 10:42,2017,1,WESTERN EUROPE-EU,SPAIN,2,LIVERPOOL (JOHN LENNON),SEVILLE,660,312,348,0,0,0,0
08/03/2018 10:42,2017,1,WESTERN EUROPE-EU,SPAIN,2,LIVERPOOL (JOHN LENNON),VALENCIA,0,0,0,417,0,417,-100
08/03/2018 10:42,2017,1,WESTERN EUROPE-EU,SPAIN,2,MANCHESTER,ALICANTE,884653,797999,86654,807153,727903,79250,9.60165
08/03/2018 10:42,2017,1,WESTERN EUROPE-EU,SPAIN,2,MANCHESTER,ALMERIA,99466,81336,18130,89533,70685,18848,11.09423
08/03/2018 10:42,2017,1,WESTERN EUROPE-EU,SPAIN,2,MANCHESTER,BARCELONA,448290,447250,1040,446252,443527,2725,0.45669
08/03/2018 10:42,2017,1,WESTERN EUROPE-EU,SPAIN,2,MANCHESTER,BILBAO,60244,60244,0,47998,47998,0,25.51356
08/03/2018 10:42,2017,1,WESTERN EUROPE-EU,SPAIN,2,MANCHESTER,GIRONA,86515,63855,22660,64627,48159,16468,33.8682
08/03/2018 10:42,2017,1,WESTERN EUROPE-EU,SPAIN,2,MANCHESTER,GRANADA,14927,14927,0,0,0,0,0
08/03/2018 10:42,2017,1,WESTERN EUROPE-EU,SPAIN,2,MANCHESTER,IBIZA,282881,214524,68357,291455,217227,74228,-2.94179
08/03/2018 10:42,2017,1,WESTERN EUROPE-EU,SPAIN,2,MANCHESTER,LIEIDA,6890,539,6351,6394,0,6394,7.75727
08/03/2018 10:42,2017,1,WESTERN EUROPE-EU,SPAIN,2,MANCHESTER,MADRID,162056,161815,241,167495,162362,5133,-3.24726
08/03/2018 10:42,2017,1,WESTERN EUROPE-EU,SPAIN,2,MANCHESTER,MAHON,181490,104003,77487,184068,104347,79721,-1.40057
08/03/2018 10:42,2017,1,WESTERN EUROPE-EU,SPAIN,2,MANCHESTER,MALAGA,695739,616915,78824,694440,606268,88172,0.18706
08/03/2018 10:42,2017,1,WESTERN EUROPE-EU,SPAIN,2,MANCHESTER,MURCIA SAN JAVIER,138722,138722,0,111167,111167,0,24.78703
08/03/2018 10:42,2017,1,WESTERN EUROPE-EU,SPAIN,2,MANCHESTER,PALMA DE MALLORCA,745617,598777,146840,757792,585383,172409,-1.60664
08/03/2018 10:42,2017,1,WESTERN EUROPE-EU,SPAIN,2,MANCHESTER,REUS,98217,60426,37791,87210,49745,37465,12.62126
08/03/2018 10:42,2017,1,WESTERN EUROPE-EU,SPAIN,2,MANCHESTER,SEVILLE,5923,5923,0,0,0,0,0
08/03/2018 10:42,2017,1,WESTERN EUROPE-EU,SPAIN,2,MANCHESTER,VALENCIA,46866,46866,0,40912,40912,0,14.55319
08/03/2018 10:42,2017,1,WESTERN EUROPE-EU,SPAIN,2,MANCHESTER,VIGO,3067,0,3067,0,0,0,0
08/03/2018 10:42,2017,1,WESTERN EUROPE-EU,SPAIN,2,NEWCASTLE,ALICANTE,379433,379433,0,340357,335392,4965,11.48089
08/03/2018 10:42,2017,1,WESTERN EUROPE-EU,SPAIN,2,NEWCASTLE,ALMERIA,12383,12383,0,0,0,0,0
08/03/2018 10:42,2017,1,WESTERN EUROPE-EU,SPAIN,2,NEWCASTLE,BARCELONA,77244,77244,0,98753,98647,106,-21.7806
08/03/2018 10:42,2017,1,WESTERN EUROPE-EU,SPAIN,2,NEWCASTLE,GIRONA,38848,38848,0,10067,10067,0,285.89451
08/03/2018 10:42,2017,1,WESTERN EUROPE-EU,SPAIN,2,NEWCASTLE,IBIZA,82950,82950,0,79462,79462,0,4.38952
08/03/2018 10:42,2017,1,WESTERN EUROPE-EU,SPAIN,2,NEWCASTLE,MADRID,26088,25995,93,95,0,95,27361.05263
08/03/2018 10:42,2017,1,WESTERN EUROPE-EU,SPAIN,2,NEWCASTLE,MAHON,47815,47815,0,42546,42546,0,12.38424
08/03/2018 10:42,2017,1,WESTERN EUROPE-EU,SPAIN,2,NEWCASTLE,MALAGA,263658,263658,0,238845,234109,4736,10.38875
08/03/2018 10:42,2017,1,WESTERN EUROPE-EU,SPAIN,2,NEWCASTLE,MURCIA SAN JAVIER,16772,16772,0,19355,19355,0,-13.34539
08/03/2018 10:42,2017,1,WESTERN EUROPE-EU,SPAIN,2,NEWCASTLE,PALMA DE MALLORCA,325697,325519,178,257176,256329,847,26.64362
08/03/2018 10:42,2017,1,WESTERN EUROPE-EU,SPAIN,2,NEWCASTLE,REUS,62137,62137,0,60539,60539,0,2.63962
08/03/2018 10:42,2017,1,WESTERN EUROPE-EU,SPAIN,2,NEWQUAY,ALICANTE,21298,21298,0,20725,20725,0,2.76478
08/03/2018 10:42,2017,1,WESTERN EUROPE-EU,SPAIN,2,NEWQUAY,MALAGA,0,0,0,82,82,0,-100
08/03/2018 10:42,2017,1,WESTERN EUROPE-EU,SPAIN,2,NORWICH,ALICANTE,18443,18443,0,13486,13486,0,36.75664
08/03/2018 10:42,2017,1,WESTERN EUROPE-EU,SPAIN,2,NORWICH,IBIZA,8628,0,8628,0,0,0,0
08/03/2018 10:42,2017,1,WESTERN EUROPE-EU,SPAIN,2,NORWICH,MAHON,9055,0,9055,0,0,0,0
08/03/2018 10:42,2017,1,WESTERN EUROPE-EU,SPAIN,2,NORWICH,MALAGA,16898,16898,0,12502,12502,0,35.16237
08/03/2018 10:42,2017,1,WESTERN EUROPE-EU,SPAIN,2,NORWICH,PALMA DE MALLORCA,26913,179,26734,0,0,0,0
08/03/2018 10:42,2017,1,WESTERN EUROPE-EU,SPAIN,2,PRESTWICK,ALICANTE,80924,80432,492,82121,82121,0,-1.45761
08/03/2018 10:42,2017,1,WESTERN EUROPE-EU,SPAIN,2,PRESTWICK,BARCELONA,88388,88388,0,86956,86261,695,1.64681
08/03/2018 10:42,2017,1,WESTERN EUROPE-EU,SPAIN,2,PRESTWICK,GIRONA,19313,19313,0,0,0,0,0
08/03/2018 10:42,2017,1,WESTERN EUROPE-EU,SPAIN,2,PRESTWICK,IBIZA,21735,21735,0,21639,21639,0,0.44364
08/03/2018 10:42,2017,1,WESTERN EUROPE-EU,SPAIN,2,PRESTWICK,MADRID,0,0,0,64,0,64,-100
08/03/2018 10:42,2017,1,WESTERN EUROPE-EU,SPAIN,2,PRESTWICK,MALAGA,78826,78826,0,84619,84619,0,-6.84598
08/03/2018 10:42,2017,1,WESTERN EUROPE-EU,SPAIN,2,PRESTWICK,MURCIA SAN JAVIER,22832,22832,0,24485,24485,0,-6.75107
08/03/2018 10:42,2017,1,WESTERN EUROPE-EU,SPAIN,2,PRESTWICK,PALMA DE MALLORCA,61407,61407,0,60114,60114,0,2.15091
08/03/2018 10:42,2017,1,WESTERN EUROPE-EU,SPAIN,2,PRESTWICK,REUS,11174,11174,0,11669,11669,0,-4.24201
08/03/2018 10:42,2017,1,WESTERN EUROPE-EU,SPAIN,2,SOUTHAMPTON,ALICANTE,34813,34813,0,32858,32858,0,5.94984
08/03/2018 10:42,2017,1,WESTERN EUROPE-EU,SPAIN,2,SOUTHAMPTON,BARCELONA,0,0,0,45,0,45,-100
08/03/2018 10:42,2017,1,WESTERN EUROPE-EU,SPAIN,2,SOUTHAMPTON,BILBAO,0,0,0,72,0,72,-100
08/03/2018 10:42,2017,1,WESTERN EUROPE-EU,SPAIN,2,SOUTHAMPTON,IBIZA,4153,4153,0,0,0,0,0
08/03/2018 10:42,2017,1,WESTERN EUROPE-EU,SPAIN,2,SOUTHAMPTON,MALAGA,30652,30652,0,23342,23342,0,31.31694
08/03/2018 10:42,2017,1,WESTERN EUROPE-EU,SPAIN,2,SOUTHAMPTON,PALMA DE MALLORCA,29195,29195,0,41533,41357,176,-29.7065
08/03/2018 10:42,2017,1,WESTERN EUROPE-EU,SPAIN(CANARY ISLANDS),1,GATWICK,ARRECIFE,476254,393718,82536,474869,382549,92320,0.29166
08/03/2018 10:42,2017,1,WESTERN EUROPE-EU,SPAIN(CANARY ISLANDS),1,GATWICK,FUERTEVENTURA,254548,199215,55333,278088,210528,67560,-8.46495
08/03/2018 10:42,2017,1,WESTERN EUROPE-EU,SPAIN(CANARY ISLANDS),1,GATWICK,LAS PALMAS,339899,245250,94649,323829,227903,95926,4.9625
08/03/2018 10:42,2017,1,WESTERN EUROPE-EU,SPAIN(CANARY ISLANDS),1,GATWICK,SANTA CRUZ DE LA PALMA,45521,21351,24170,32821,6317,26504,38.69474
08/03/2018 10:42,2017,1,WESTERN EUROPE-EU,SPAIN(CANARY ISLANDS),1,GATWICK,TENERIFE (NORTE LOS RODEOS),0,0,0,121,121,0,-100
08/03/2018 10:42,2017,1,WESTERN EUROPE-EU,SPAIN(CANARY ISLANDS),1,GATWICK,TENERIFE (SURREINA SOFIA),817588,646705,170883,862014,676278,185736,-5.15374
08/03/2018 10:42,2017,1,WESTERN EUROPE-EU,SPAIN(CANARY ISLANDS),1,HEATHROW,LAS PALMAS,46764,46764,0,57631,57631,0,-18.85617
08/03/2018 10:42,2017,1,WESTERN EUROPE-EU,SPAIN(CANARY ISLANDS),1,HEATHROW,TENERIFE (NORTE LOS RODEOS),211,211,0,30969,30969,0,-99.31867
08/03/2018 10:42,2017,1,WESTERN EUROPE-EU,SPAIN(CANARY ISLANDS),1,HEATHROW,TENERIFE (SURREINA SOFIA),2916,2916,0,0,0,0,0
08/03/2018 10:42,2017,1,WESTERN EUROPE-EU,SPAIN(CANARY ISLANDS),1,LUTON,ARRECIFE,126018,95209,30809,113762,82060,31702,10.77337
08/03/2018 10:42,2017,1,WESTERN EUROPE-EU,SPAIN(CANARY ISLANDS),1,LUTON,FUERTEVENTURA,54433,35250,19183,39961,27785,12176,36.21531
08/03/2018 10:42,2017,1,WESTERN EUROPE-EU,SPAIN(CANARY ISLANDS),1,LUTON,LAS PALMAS,50353,32540,17813,61829,33490,28339,-18.56087
08/03/2018 10:42,2017,1,WESTERN EUROPE-EU,SPAIN(CANARY ISLANDS),1,LUTON,TENERIFE (SURREINA SOFIA),188093,149457,38636,146670,108420,38250,28.24231
08/03/2018 10:42,2017,1,WESTERN EUROPE-EU,SPAIN(CANARY ISLANDS),1,SOUTHEND,ARRECIFE,16510,16510,0,16022,16022,0,3.04581
08/03/2018 10:42,2017,1,WESTERN EUROPE-EU,SPAIN(CANARY ISLANDS),1,SOUTHEND,LAS PALMAS,6481,6481,0,3549,3549,0,82.61482
08/03/2018 10:42,2017,1,WESTERN EUROPE-EU,SPAIN(CANARY ISLANDS),1,SOUTHEND,TENERIFE (SURREINA SOFIA),16700,16700,0,15132,15132,0,10.36215
08/03/2018 10:42,2017,1,WESTERN EUROPE-EU,SPAIN(CANARY ISLANDS),1,STANSTED,ARRECIFE,200295,190118,10177,149690,132720,16970,33.80653
08/03/2018 10:42,2017,1,WESTERN EUROPE-EU,SPAIN(CANARY ISLANDS),1,STANSTED,FUERTEVENTURA,148815,131566,17249,118476,100016,18460,25.60772
08/03/2018 10:42,2017,1,WESTERN EUROPE-EU,SPAIN(CANARY ISLANDS),1,STANSTED,LAS PALMAS,159189,140727,18462,117664,99056,18608,35.29117
08/03/2018 10:42,2017,1,WESTERN EUROPE-EU,SPAIN(CANARY ISLANDS),1,STANSTED,SANTA CRUZ DE LA PALMA,0,0,0,186,0,186,-100
08/03/2018 10:42,2017,1,WESTERN EUROPE-EU,SPAIN(CANARY ISLANDS),1,STANSTED,TENERIFE (SURREINA SOFIA),312121,282693,29428,234667,205676,28991,33.00592
08/03/2018 10:42,2017,1,WESTERN EUROPE-EU,SPAIN(CANARY ISLANDS),2,ABERDEEN,LAS PALMAS,7363,0,7363,7846,0,7846,-6.156
08/03/2018 10:42,2017,1,WESTERN EUROPE-EU,SPAIN(CANARY ISLANDS),2,ABERDEEN,TENERIFE (SURREINA SOFIA),25957,0,25957,23616,439,23177,9.91277
08/03/2018 10:42,2017,1,WESTERN EUROPE-EU,SPAIN(CANARY ISLANDS),2,BELFAST INTERNATIONAL,ARRECIFE,123470,82171,41299,108757,64906,43851,13.52832
08/03/2018 10:42,2017,1,WESTERN EUROPE-EU,SPAIN(CANARY ISLANDS),2,BELFAST INTERNATIONAL,FUERTEVENTURA,13269,13250,19,7109,7109,0,86.65072
08/03/2018 10:42,2017,1,WESTERN EUROPE-EU,SPAIN(CANARY ISLANDS),2,BELFAST INTERNATIONAL,LAS PALMAS,45879,22167,23712,18496,12827,5669,148.04823
08/03/2018 10:42,2017,1,WESTERN EUROPE-EU,SPAIN(CANARY ISLANDS),2,BELFAST INTERNATIONAL,TENERIFE (SURREINA SOFIA),126232,66063,60169,90509,34014,56495,39.469
08/03/2018 10:42,2017,1,WESTERN EUROPE-EU,SPAIN(CANARY ISLANDS),2,BIRMINGHAM,ARRECIFE,262902,202325,60577,234566,171241,63325,12.08018
08/03/2018 10:42,2017,1,WESTERN EUROPE-EU,SPAIN(CANARY ISLANDS),2,BIRMINGHAM,FUERTEVENTURA,176062,135861,40201,156085,114100,41985,12.7988
08/03/2018 10:42,2017,1,WESTERN EUROPE-EU,SPAIN(CANARY ISLANDS),2,BIRMINGHAM,LAS PALMAS,183355,140570,42785,166937,123283,43654,9.83485
08/03/2018 10:42,2017,1,WESTERN EUROPE-EU,SPAIN(CANARY ISLANDS),2,BIRMINGHAM,TENERIFE (NORTE LOS RODEOS),135,135,0,0,0,0,0
08/03/2018 10:42,2017,1,WESTERN EUROPE-EU,SPAIN(CANARY ISLANDS),2,BIRMINGHAM,TENERIFE (SURREINA SOFIA),434084,359444,74640,394405,318743,75662,10.06047
08/03/2018 10:42,2017,1,WESTERN EUROPE-EU,SPAIN(CANARY ISLANDS),2,BOURNEMOUTH,ARRECIFE,36879,163,36716,23191,169,23022,59.0229
08/03/2018 10:42,2017,1,WESTERN EUROPE-EU,SPAIN(CANARY ISLANDS),2,BOURNEMOUTH,LAS PALMAS,36024,18047,17977,35446,17735,17711,1.63065
08/03/2018 10:42,2017,1,WESTERN EUROPE-EU,SPAIN(CANARY ISLANDS),2,BOURNEMOUTH,TENERIFE (SURREINA SOFIA),45403,16546,28857,47295,17871,29424,-4.00042
08/03/2018 10:42,2017,1,WESTERN EUROPE-EU,SPAIN(CANARY ISLANDS),2,BRISTOL,ARRECIFE,170474,130444,40030,158138,110472,47666,7.80078
08/03/2018 10:42,2017,1,WESTERN EUROPE-EU,SPAIN(CANARY ISLANDS),2,BRISTOL,FUERTEVENTURA,74154,52513,21641,74891,45213,29678,-0.9841
08/03/2018 10:42,2017,1,WESTERN EUROPE-EU,SPAIN(CANARY ISLANDS),2,BRISTOL,LAS PALMAS,101893,65986,35907,85382,52815,32567,19.3378
08/03/2018 10:42,2017,1,WESTERN EUROPE-EU,SPAIN(CANARY ISLANDS),2,BRISTOL,TENERIFE (SURREINA SOFIA),189549,155246,34303,199655,147463,52192,-5.06173
08/03/2018 10:42,2017,1,WESTERN EUROPE-EU,SPAIN(CANARY ISLANDS),2,CARDIFF WALES,ARRECIFE,46031,0,46031,44412,0,44412,3.64541
08/03/2018 10:42,2017,1,WESTERN EUROPE-EU,SPAIN(CANARY ISLANDS),2,CARDIFF WALES,FUERTEVENTURA,731,174,557,1483,0,1483,-50.70802
08/03/2018 10:42,2017,1,WESTERN EUROPE-EU,SPAIN(CANARY ISLANDS),2,CARDIFF WALES,LAS PALMAS,19067,339,18728,19070,0,19070,-0.01573
08/03/2018 10:42,2017,1,WESTERN EUROPE-EU,SPAIN(CANARY ISLANDS),2,CARDIFF WALES,TENERIFE (SURREINA SOFIA),88884,23393,65491,78587,19606,58981,13.10268
08/03/2018 10:42,2017,1,WESTERN EUROPE-EU,SPAIN(CANARY ISLANDS),2,DONCASTER SHEFFIELD,ARRECIFE,39101,0,39101,37136,0,37136,5.29136
08/03/2018 10:42,2017,1,WESTERN EUROPE-EU,SPAIN(CANARY ISLANDS),2,DONCASTER SHEFFIELD,LAS PALMAS,18355,0,18355,19543,0,19543,-6.0789
08/03/2018 10:42,2017,1,WESTERN EUROPE-EU,SPAIN(CANARY ISLANDS),2,DONCASTER SHEFFIELD,TENERIFE (SURREINA SOFIA),50355,377,49978,49845,0,49845,1.02317
08/03/2018 10:42,2017,1,WESTERN EUROPE-EU,SPAIN(CANARY ISLANDS),2,EAST MIDLANDS INTERNATIONAL,ARRECIFE,207280,183617,23663,195955,171390,24565,5.77939
08/03/2018 10:42,2017,1,WESTERN EUROPE-EU,SPAIN(CANARY ISLANDS),2,EAST MIDLANDS INTERNATIONAL,FUERTEVENTURA,131001,96980,34021,113589,82701,30888,15.32895
08/03/2018 10:42,2017,1,WESTERN EUROPE-EU,SPAIN(CANARY ISLANDS),2,EAST MIDLANDS INTERNATIONAL,LAS PALMAS,101196,86485,14711,104686,80170,24516,-3.33378
08/03/2018 10:42,2017,1,WESTERN EUROPE-EU,SPAIN(CANARY ISLANDS),2,EAST MIDLANDS INTERNATIONAL,TENERIFE (SURREINA SOFIA),320326,264473,55853,303076,246687,56389,5.69164
08/03/2018 10:42,2017,1,WESTERN EUROPE-EU,SPAIN(CANARY ISLANDS),2,EDINBURGH,ARRECIFE,94926,76785,18141,82672,64051,18621,14.82243
08/03/2018 10:42,2017,1,WESTERN EUROPE-EU,SPAIN(CANARY ISLANDS),2,EDINBURGH,FUERTEVENTURA,61603,61603,0,20526,20526,0,200.1218
08/03/2018 10:42,2017,1,WESTERN EUROPE-EU,SPAIN(CANARY ISLANDS),2,EDINBURGH,LAS PALMAS,81385,65604,15781,60679,44094,16585,34.12383
08/03/2018 10:42,2017,1,WESTERN EUROPE-EU,SPAIN(CANARY ISLANDS),2,EDINBURGH,TENERIFE (NORTE LOS RODEOS),0,0,0,176,176,0,-100
08/03/2018 10:42,2017,1,WESTERN EUROPE-EU,SPAIN(CANARY ISLANDS),2,EDINBURGH,TENERIFE (SURREINA SOFIA),253726,217393,36333,216647,186642,30005,17.11494
08/03/2018 10:42,2017,1,WESTERN EUROPE-EU,SPAIN(CANARY ISLANDS),2,EXETER,ARRECIFE,37069,0,37069,27092,0,27092,36.82637
08/03/2018 10:42,2017,1,WESTERN EUROPE-EU,SPAIN(CANARY ISLANDS),2,EXETER,LAS PALMAS,18268,0,18268,18182,0,18182,0.473
08/03/2018 10:42,2017,1,WESTERN EUROPE-EU,SPAIN(CANARY ISLANDS),2,EXETER,TENERIFE (SURREINA SOFIA),38881,0,38881,37957,0,37957,2.43433
08/03/2018 10:42,2017,1,WESTERN EUROPE-EU,SPAIN(CANARY ISLANDS),2,GLASGOW,ARRECIFE,181123,126435,54688,136197,86953,49244,32.98604
08/03/2018 10:42,2017,1,WESTERN EUROPE-EU,SPAIN(CANARY ISLANDS),2,GLASGOW,FUERTEVENTURA,86815,52454,34361,74518,46289,28229,16.50205
08/03/2018 10:42,2017,1,WESTERN EUROPE-EU,SPAIN(CANARY ISLANDS),2,GLASGOW,LAS PALMAS,108596,75152,33444,77014,43035,33979,41.00813
08/03/2018 10:42,2017,1,WESTERN EUROPE-EU,SPAIN(CANARY ISLANDS),2,GLASGOW,TENERIFE (SURREINA SOFIA),264087,146974,117113,277518,149613,127905,-4.83969
08/03/2018 10:42,2017,1,WESTERN EUROPE-EU,SPAIN(CANARY ISLANDS),2,HUMBERSIDE,TENERIFE (SURREINA SOFIA),5428,0,5428,2413,0,2413,124.9482
08/03/2018 10:42,2017,1,WESTERN EUROPE-EU,SPAIN(CANARY ISLANDS),2,JERSEY,TENERIFE (SURREINA SOFIA),2628,0,2628,2432,1708,724,8.05921
08/03/2018 10:42,2017,1,WESTERN EUROPE-EU,SPAIN(CANARY ISLANDS),2,LEEDS BRADFORD,ARRECIFE,136723,136723,0,113188,113188,0,20.79284
08/03/2018 10:42,2017,1,WESTERN EUROPE-EU,SPAIN(CANARY ISLANDS),2,LEEDS BRADFORD,FUERTEVENTURA,69626,69626,0,60564,60564,0,14.96268
08/03/2018 10:42,2017,1,WESTERN EUROPE-EU,SPAIN(CANARY ISLANDS),2,LEEDS BRADFORD,LAS PALMAS,91941,91941,0,41920,41920,0,119.3249
08/03/2018 10:42,2017,1,WESTERN EUROPE-EU,SPAIN(CANARY ISLANDS),2,LEEDS BRADFORD,TENERIFE (SURREINA SOFIA),212999,195693,17306,180525,161368,19157,17.98864
08/03/2018 10:42,2017,1,WESTERN EUROPE-EU,SPAIN(CANARY ISLANDS),2,LIVERPOOL (JOHN LENNON),ARRECIFE,75186,75186,0,75477,75477,0,-0.38555
08/03/2018 10:42,2017,1,WESTERN EUROPE-EU,SPAIN(CANARY ISLANDS),2,LIVERPOOL (JOHN LENNON),FUERTEVENTURA,55314,55314,0,56736,56736,0,-2.50635
08/03/2018 10:42,2017,1,WESTERN EUROPE-EU,SPAIN(CANARY ISLANDS),2,LIVERPOOL (JOHN LENNON),LAS PALMAS,24822,24822,0,13952,13952,0,77.90998
08/03/2018 10:42,2017,1,WESTERN EUROPE-EU,SPAIN(CANARY ISLANDS),2,LIVERPOOL (JOHN LENNON),TENERIFE (SURREINA SOFIA),41251,41086,165,32915,32797,118,25.32584
08/03/2018 10:42,2017,1,WESTERN EUROPE-EU,SPAIN(CANARY ISLANDS),2,MANCHESTER,ARRECIFE,481544,381885,99659,452108,351869,100239,6.51083
08/03/2018 10:42,2017,1,WESTERN EUROPE-EU,SPAIN(CANARY ISLANDS),2,MANCHESTER,FUERTEVENTURA,263959,201963,61996,255329,195998,59331,3.37995
08/03/2018 10:42,2017,1,WESTERN EUROPE-EU,SPAIN(CANARY ISLANDS),2,MANCHESTER,LAS PALMAS,328176,217890,110286,295009,209510,85499,11.24271
08/03/2018 10:42,2017,1,WESTERN EUROPE-EU,SPAIN(CANARY ISLANDS),2,MANCHESTER,SANTA CRUZ DE LA PALMA,26132,0,26132,21165,0,21165,23.46799
08/03/2018 10:42,2017,1,WESTERN EUROPE-EU,SPAIN(CANARY ISLANDS),2,MANCHESTER,TENERIFE (NORTE LOS RODEOS),0,0,0,364,364,0,-100
08/03/2018 10:42,2017,1,WESTERN EUROPE-EU,SPAIN(CANARY ISLANDS),2,MANCHESTER,TENERIFE (SURREINA SOFIA),878532,704752,173780,862411,672555,189856,1.86929
08/03/2018 10:42,2017,1,WESTERN EUROPE-EU,SPAIN(CANARY ISLANDS),2,NEWCASTLE,ARRECIFE,157788,157788,0,113133,102698,10435,39.47124
08/03/2018 10:42,2017,1,WESTERN EUROPE-EU,SPAIN(CANARY ISLANDS),2,NEWCASTLE,FUERTEVENTURA,57459,57459,0,44708,39226,5482,28.52062
08/03/2018 10:42,2017,1,WESTERN EUROPE-EU,SPAIN(CANARY ISLANDS),2,NEWCASTLE,LAS PALMAS,69424,69235,189,62178,53047,9131,11.65364
08/03/2018 10:42,2017,1,WESTERN EUROPE-EU,SPAIN(CANARY ISLANDS),2,NEWCASTLE,TENERIFE (SURREINA SOFIA),248007,248007,0,215583,184923,30660,15.04015
08/03/2018 10:42,2017,1,WESTERN EUROPE-EU,SPAIN(CANARY ISLANDS),2,NORWICH,LAS PALMAS,8565,0,8565,0,0,0,0
08/03/2018 10:42,2017,1,WESTERN EUROPE-EU,SPAIN(CANARY ISLANDS),2,NORWICH,TENERIFE (NORTE LOS RODEOS),18698,0,18698,0,0,0,0
08/03/2018 10:42,2017,1,WESTERN EUROPE-EU,SPAIN(CANARY ISLANDS),2,NORWICH,TENERIFE (SURREINA SOFIA),0,0,0,8848,149,8699,-100
08/03/2018 10:42,2017,1,WESTERN EUROPE-EU,SPAIN(CANARY ISLANDS),2,PRESTWICK,ARRECIFE,33729,33729,0,38136,38136,0,-11.55601
08/03/2018 10:42,2017,1,WESTERN EUROPE-EU,SPAIN(CANARY ISLANDS),2,PRESTWICK,FUERTEVENTURA,17405,17405,0,18339,18339,0,-5.09297
08/03/2018 10:42,2017,1,WESTERN EUROPE-EU,SPAIN(CANARY ISLANDS),2,PRESTWICK,LAS PALMAS,25810,25810,0,29402,29402,0,-12.21686
08/03/2018 10:42,2017,1,WESTERN EUROPE-EU,SPAIN(CANARY ISLANDS),2,PRESTWICK,TENERIFE (SURREINA SOFIA),93674,93460,214,81725,81513,212,14.62099
08/03/2018 10:42,2017,1,WESTERN EUROPE-EU,SWEDEN,1,GATWICK,GOTEBORG (LANDVETTER),194976,194976,0,170411,170014,397,14.41515
08/03/2018 10:42,2017,1,WESTERN EUROPE-EU,SWEDEN,1,GATWICK,JONKOPING,220,0,220,0,0,0,0
08/03/2018 10:42,2017,1,WESTERN EUROPE-EU,SWEDEN,1,GATWICK,KIRUNA,1230,0,1230,1109,0,1109,10.91073
08/03/2018 10:42,2017,1,WESTERN EUROPE-EU,SWEDEN,1,GATWICK,OSTERSUND / FROSON,5390,5390,0,837,837,0,543.96655
08/03/2018 10:42,2017,1,WESTERN EUROPE-EU,SWEDEN,1,GATWICK,PAJALA YLLAS,378,0,378,376,0,376,0.53191
08/03/2018 10:42,2017,1,WESTERN EUROPE-EU,SWEDEN,1,GATWICK,STOCKHOLM (ARLANDA),497417,497403,14,492461,492092,369,1.00637
08/03/2018 10:42,2017,1,WESTERN EUROPE-EU,SWEDEN,1,GATWICK,STOCKHOLM (BROMMA),9,0,9,0,0,0,0
08/03/2018 10:42,2017,1,WESTERN EUROPE-EU,SWEDEN,1,GATWICK,VISBY,171,0,171,0,0,0,0
08/03/2018 10:42,2017,1,WESTERN EUROPE-EU,SWEDEN,1,HEATHROW,GOTEBORG (LANDVETTER),247135,247135,0,256588,256588,0,-3.68412
08/03/2018 10:42,2017,1,WESTERN EUROPE-EU,SWEDEN,1,HEATHROW,KIRUNA,2538,0,2538,3332,178,3154,-23.82953
08/03/2018 10:42,2017,1,WESTERN EUROPE-EU,SWEDEN,1,HEATHROW,STOCKHOLM (ARLANDA),1013192,1013192,0,1012568,1012568,0,0.06163
08/03/2018 10:42,2017,1,WESTERN EUROPE-EU,SWEDEN,1,LUTON,GOTEBORG (LANDVETTER),4,0,4,0,0,0,0
08/03/2018 10:42,2017,1,WESTERN EUROPE-EU,SWEDEN,1,LUTON,NORRKOPING,25,0,25,19,0,19,31.57895
08/03/2018 10:42,2017,1,WESTERN EUROPE-EU,SWEDEN,1,LUTON,STOCKHOLM (ARLANDA),58946,58853,93,54,0,54,109059.25926
08/03/2018 10:42,2017,1,WESTERN EUROPE-EU,SWEDEN,1,STANSTED,GOTEBORG (LANDVETTER),157867,157573,294,271384,271384,0,-41.82892
08/03/2018 10:42,2017,1,WESTERN EUROPE-EU,SWEDEN,1,STANSTED,MALMO,92,0,92,0,0,0,0
08/03/2018 10:42,2017,1,WESTERN EUROPE-EU,SWEDEN,1,STANSTED,STOCKHOLM (ARLANDA),649,0,649,711,0,711,-8.72011
08/03/2018 10:42,2017,1,WESTERN EUROPE-EU,SWEDEN,1,STANSTED,STOCKHOLM (SKAVSTA),215172,214918,254,236868,236868,0,-9.15953
08/03/2018 10:42,2017,1,WESTERN EUROPE-EU,SWEDEN,1,STANSTED,VASTERAS,71237,71237,0,69417,69417,0,2.62184
08/03/2018 10:42,2017,1,WESTERN EUROPE-EU,SWEDEN,2,ABERDEEN,STOCKHOLM (ARLANDA),14,14,0,0,0,0,0
08/03/2018 10:42,2017,1,WESTERN EUROPE-EU,SWEDEN,2,ABERDEEN,VISBY,262,0,262,0,0,0,0
08/03/2018 10:42,2017,1,WESTERN EUROPE-EU,SWEDEN,2,BELFAST INTERNATIONAL,LULEA,1,0,1,0,0,0,0
08/03/2018 10:42,2017,1,WESTERN EUROPE-EU,SWEDEN,2,BELFAST INTERNATIONAL,STOCKHOLM (SKAVSTA),190,0,190,0,0,0,0
08/03/2018 10:42,2017,1,WESTERN EUROPE-EU,SWEDEN,2,BELFAST INTERNATIONAL,UMEA,1,0,1,0,0,0,0
08/03/2018 10:42,2017,1,WESTERN EUROPE-EU,SWEDEN,2,BIRMINGHAM,ARVIDSJAUR,0,0,0,538,0,538,-100
08/03/2018 10:42,2017,1,WESTERN EUROPE-EU,SWEDEN,2,BIRMINGHAM,GOTEBORG (LANDVETTER),11501,11501,0,207,51,156,5456.03865
08/03/2018 10:42,2017,1,WESTERN EUROPE-EU,SWEDEN,2,BIRMINGHAM,KIRUNA,194,0,194,228,0,228,-14.91228
08/03/2018 10:42,2017,1,WESTERN EUROPE-EU,SWEDEN,2,BIRMINGHAM,PAJALA YLLAS,374,0,374,374,0,374,0
08/03/2018 10:42,2017,1,WESTERN EUROPE-EU,SWEDEN,2,BIRMINGHAM,STOCKHOLM (ARLANDA),20018,20018,0,0,0,0,0
08/03/2018 10:42,2017,1,WESTERN EUROPE-EU,SWEDEN,2,BIRMINGHAM,VAXJO,0,0,0,42,0,42,-100
08/03/2018 10:42,2017,1,WESTERN EUROPE-EU,SWEDEN,2,BOURNEMOUTH,KIRUNA,179,0,179,343,0,343,-47.81341
08/03/2018 10:42,2017,1,WESTERN EUROPE-EU,SWEDEN,2,BOURNEMOUTH,PAJALA YLLAS,378,0,378,374,0,374,1.06952
08/03/2018 10:42,2017,1,WESTERN EUROPE-EU,SWEDEN,2,BOURNEMOUTH,VISBY,320,0,320,0,0,0,0
08/03/2018 10:42,2017,1,WESTERN EUROPE-EU,SWEDEN,2,BRISTOL,KIRUNA,198,0,198,215,0,215,-7.90698
08/03/2018 10:42,2017,1,WESTERN EUROPE-EU,SWEDEN,2,BRISTOL,STOCKHOLM (ARLANDA),4652,4652,0,0,0,0,0
08/03/2018 10:42,2017,1,WESTERN EUROPE-EU,SWEDEN,2,CAMBRIDGE,GOTEBORG (LANDVETTER),0,0,0,2,2,0,-100
08/03/2018 10:42,2017,1,WESTERN EUROPE-EU,SWEDEN,2,CARDIFF WALES,PAJALA YLLAS,379,0,379,370,0,370,2.43243
08/03/2018 10:42,2017,1,WESTERN EUROPE-EU,SWEDEN,2,CARDIFF WALES,STOCKHOLM (ARLANDA),0,0,0,73,0,73,-100
08/03/2018 10:42,2017,1,WESTERN EUROPE-EU,SWEDEN,2,CARDIFF WALES,VAXJO,87,0,87,0,0,0,0
08/03/2018 10:42,2017,1,WESTERN EUROPE-EU,SWEDEN,2,DONCASTER SHEFFIELD,KIRUNA,172,0,172,155,0,155,10.96774
08/03/2018 10:42,2017,1,WESTERN EUROPE-EU,SWEDEN,2,DURHAM TEES VALLEY,PAJALA YLLAS,384,0,384,378,0,378,1.5873
08/03/2018 10:42,2017,1,WESTERN EUROPE-EU,SWEDEN,2,EAST MIDLANDS INTERNATIONAL,KIRUNA,122,0,122,168,0,168,-27.38095
08/03/2018 10:42,2017,1,WESTERN EUROPE-EU,SWEDEN,2,EAST MIDLANDS INTERNATIONAL,PAJALA YLLAS,0,0,0,378,0,378,-100
08/03/2018 10:42,2017,1,WESTERN EUROPE-EU,SWEDEN,2,EAST MIDLANDS INTERNATIONAL,STOCKHOLM (ARLANDA),48,0,48,114,0,114,-57.89474
08/03/2018 10:42,2017,1,WESTERN EUROPE-EU,SWEDEN,2,EDINBURGH,GOTEBORG (LANDVETTER),22019,22019,0,21398,21398,0,2.90214
08/03/2018 10:42,2017,1,WESTERN EUROPE-EU,SWEDEN,2,EDINBURGH,STOCKHOLM (ARLANDA),113895,113895,0,86395,86395,0,31.83055
08/03/2018 10:42,2017,1,WESTERN EUROPE-EU,SWEDEN,2,EXETER,KIRUNA,0,0,0,138,0,138,-100
08/03/2018 10:42,2017,1,WESTERN EUROPE-EU,SWEDEN,2,EXETER,PAJALA YLLAS,374,0,374,188,0,188,98.93617
08/03/2018 10:42,2017,1,WESTERN EUROPE-EU,SWEDEN,2,GLASGOW,LULEA,184,0,184,0,0,0,0
08/03/2018 10:42,2017,1,WESTERN EUROPE-EU,SWEDEN,2,GLASGOW,SATENAS,184,0,184,0,0,0,0
08/03/2018 10:42,2017,1,WESTERN EUROPE-EU,SWEDEN,2,GUERNSEY,VISBY,182,0,182,0,0,0,0
08/03/2018 10:42,2017,1,WESTERN EUROPE-EU,SWEDEN,2,HUMBERSIDE,KIRUNA,149,0,149,233,0,233,-36.0515
08/03/2018 10:42,2017,1,WESTERN EUROPE-EU,SWEDEN,2,HUMBERSIDE,PAJALA YLLAS,378,0,378,378,0,378,0
08/03/2018 10:42,2017,1,WESTERN EUROPE-EU,SWEDEN,2,ISLE OF MAN,PAJALA YLLAS,342,0,342,0,0,0,0
08/03/2018 10:42,2017,1,WESTERN EUROPE-EU,SWEDEN,2,ISLE OF MAN,STOCKHOLM (ARLANDA),231,0,231,0,0,0,0
08/03/2018 10:42,2017,1,WESTERN EUROPE-EU,SWEDEN,2,ISLE OF MAN,VISBY,436,0,436,0,0,0,0
08/03/2018 10:42,2017,1,WESTERN EUROPE-EU,SWEDEN,2,JERSEY,VISBY,528,44,484,0,0,0,0
08/03/2018 10:42,2017,1,WESTERN EUROPE-EU,SWEDEN,2,LEEDS BRADFORD,KIRUNA,64,0,64,437,0,437,-85.35469
08/03/2018 10:42,2017,1,WESTERN EUROPE-EU,SWEDEN,2,LEEDS BRADFORD,PAJALA YLLAS,376,0,376,0,0,0,0
08/03/2018 10:42,2017,1,WESTERN EUROPE-EU,SWEDEN,2,LIVERPOOL (JOHN LENNON),GOTEBORG (LANDVETTER),0,0,0,79,0,79,-100
08/03/2018 10:42,2017,1,WESTERN EUROPE-EU,SWEDEN,2,LIVERPOOL (JOHN LENNON),PAJALA YLLAS,0,0,0,375,0,375,-100
08/03/2018 10:42,2017,1,WESTERN EUROPE-EU,SWEDEN,2,LIVERPOOL (JOHN LENNON),STOCKHOLM (ARLANDA),0,0,0,71,0,71,-100
08/03/2018 10:42,2017,1,WESTERN EUROPE-EU,SWEDEN,2,MANCHESTER,GOTEBORG (LANDVETTER),334,334,0,4519,4399,120,-92.60898
08/03/2018 10:42,2017,1,WESTERN EUROPE-EU,SWEDEN,2,MANCHESTER,KIRUNA,341,0,341,427,0,427,-20.14052
08/03/2018 10:42,2017,1,WESTERN EUROPE-EU,SWEDEN,2,MANCHESTER,STOCKHOLM (ARLANDA),187668,182279,5389,145293,145293,0,29.1652
08/03/2018 10:42,2017,1,WESTERN EUROPE-EU,SWEDEN,2,MANCHESTER,STOCKHOLM (SKAVSTA),1520,0,1520,0,0,0,0
08/03/2018 10:42,2017,1,WESTERN EUROPE-EU,SWEDEN,2,NEWCASTLE,KIRUNA,130,47,83,310,0,310,-58.06452
08/03/2018 10:42,2017,1,WESTERN EUROPE-EU,SWEDEN,2,NEWCASTLE,STOCKHOLM (ARLANDA),53,0,53,14,0,14,278.57143
08/03/2018 10:42,2017,1,WESTERN EUROPE-EU,SWEDEN,2,NEWCASTLE,STOCKHOLM (BROMMA),30,0,30,0,0,0,0
08/03/2018 10:42,2017,1,WESTERN EUROPE-EU,SWEDEN,2,NORWICH,PAJALA YLLAS,374,374,0,0,0,0,0
08/03/2018 10:42,2017,1,WESTERN EUROPE-EU,SWEDEN,2,SOUTHAMPTON,STOCKHOLM (ARLANDA),0,0,0,224,0,224,-100
08/03/2018 10:42,2017,2,WESTERN EUROPE-OTHER,BOSNIA-HERZEGOVINA,1,LUTON,TUZLA,20159,20159,0,3005,3005,0,570.84859
08/03/2018 10:42,2017,2,WESTERN EUROPE-OTHER,BOSNIA-HERZEGOVINA,2,ABERDEEN,MOSTAR,96,0,96,0,0,0,0
08/03/2018 10:42,2017,2,WESTERN EUROPE-OTHER,BOSNIA-HERZEGOVINA,2,GLASGOW,MOSTAR,0,0,0,230,0,230,-100
08/03/2018 10:42,2017,2,WESTERN EUROPE-OTHER,FAROE ISLANDS,1,GATWICK,VAGAR,0,0,0,146,146,0,-100
08/03/2018 10:42,2017,2,WESTERN EUROPE-OTHER,FAROE ISLANDS,1,SOUTHEND,VAGAR,0,0,0,138,0,138,-100
08/03/2018 10:42,2017,2,WESTERN EUROPE-OTHER,FAROE ISLANDS,2,ABERDEEN,VAGAR,286,0,286,0,0,0,0
08/03/2018 10:42,2017,2,WESTERN EUROPE-OTHER,FAROE ISLANDS,2,EDINBURGH,VAGAR,12413,12413,0,10985,10823,162,12.99954
08/03/2018 10:42,2017,2,WESTERN EUROPE-OTHER,ICELAND,1,GATWICK,EGILSSTADIR,202,0,202,314,0,314,-35.66879
08/03/2018 10:42,2017,2,WESTERN EUROPE-OTHER,ICELAND,1,GATWICK,KEFLAVIK,500157,484654,15503,404161,392991,11170,23.75192
08/03/2018 10:42,2017,2,WESTERN EUROPE-OTHER,ICELAND,1,HEATHROW,KEFLAVIK,351751,351751,0,305932,305932,0,14.97686
08/03/2018 10:42,2017,2,WESTERN EUROPE-OTHER,ICELAND,1,LONDON CITY,KEFLAVIK,2127,2127,0,0,0,0,0
08/03/2018 10:42,2017,2,WESTERN EUROPE-OTHER,ICELAND,1,LUTON,KEFLAVIK,147225,147225,0,112908,112908,0,30.39377
08/03/2018 10:42,2017,2,WESTERN EUROPE-OTHER,ICELAND,1,LUTON,REYKJAVIK,0,0,0,3,0,3,-100
08/03/2018 10:42,2017,2,WESTERN EUROPE-OTHER,ICELAND,1,STANSTED,KEFLAVIK,25104,25104,0,22975,22871,104,9.26659
08/03/2018 10:42,2017,2,WESTERN EUROPE-OTHER,ICELAND,2,ABERDEEN,AKUREYRI,142,142,0,0,0,0,0
08/03/2018 10:42,2017,2,WESTERN EUROPE-OTHER,ICELAND,2,ABERDEEN,KEFLAVIK,12491,12491,0,13350,13350,0,-6.43446
08/03/2018 10:42,2017,2,WESTERN EUROPE-OTHER,ICELAND,2,ABERDEEN,REYKJAVIK,76,0,76,0,0,0,0
08/03/2018 10:42,2017,2,WESTERN EUROPE-OTHER,ICELAND,2,BELFAST CITY (GEORGE BEST),KEFLAVIK,6392,6392,0,0,0,0,0
08/03/2018 10:42,2017,2,WESTERN EUROPE-OTHER,ICELAND,2,BELFAST INTERNATIONAL,KEFLAVIK,15515,15515,0,27664,27664,0,-43.91628
08/03/2018 10:42,2017,2,WESTERN EUROPE-OTHER,ICELAND,2,BIRMINGHAM,KEFLAVIK,41731,41731,0,43126,42832,294,-3.23471
08/03/2018 10:42,2017,2,WESTERN EUROPE-OTHER,ICELAND,2,BRISTOL,KEFLAVIK,41779,41779,0,49324,49324,0,-15.29681
08/03/2018 10:42,2017,2,WESTERN EUROPE-OTHER,ICELAND,2,EAST MIDLANDS INTERNATIONAL,KEFLAVIK,4277,0,4277,0,0,0,0
08/03/2018 10:42,2017,2,WESTERN EUROPE-OTHER,ICELAND,2,EDINBURGH,AKUREYRI,363,0,363,396,198,198,-8.33333
08/03/2018 10:42,2017,2,WESTERN EUROPE-OTHER,ICELAND,2,EDINBURGH,KEFLAVIK,108636,108636,0,66842,66842,0,62.52656
08/03/2018 10:42,2017,2,WESTERN EUROPE-OTHER,ICELAND,2,GLASGOW,KEFLAVIK,105901,105901,0,91457,91452,5,15.79321
08/03/2018 10:42,2017,2,WESTERN EUROPE-OTHER,ICELAND,2,HUMBERSIDE,KEFLAVIK,0,0,0,322,0,322,-100
08/03/2018 10:42,2017,2,WESTERN EUROPE-OTHER,ICELAND,2,INVERNESS,KEFLAVIK,0,0,0,155,155,0,-100
08/03/2018 10:42,2017,2,WESTERN EUROPE-OTHER,ICELAND,2,LIVERPOOL (JOHN LENNON),AKUREYRI,372,0,372,0,0,0,0
08/03/2018 10:42,2017,2,WESTERN EUROPE-OTHER,ICELAND,2,LIVERPOOL (JOHN LENNON),KEFLAVIK,0,0,0,445,155,290,-100
08/03/2018 10:42,2017,2,WESTERN EUROPE-OTHER,ICELAND,2,MANCHESTER,EGILSSTADIR,392,197,195,0,0,0,0
08/03/2018 10:42,2017,2,WESTERN EUROPE-OTHER,ICELAND,2,MANCHESTER,KEFLAVIK,192909,177354,15555,153277,142675,10602,25.85646
08/03/2018 10:42,2017,2,WESTERN EUROPE-OTHER,ICELAND,2,NEWCASTLE,KEFLAVIK,142,0,142,106,0,106,33.96226
08/03/2018 10:42,2017,2,WESTERN EUROPE-OTHER,KOSOVO,1,GATWICK,PRISTINA,20946,20946,0,14954,14952,2,40.06955
08/03/2018 10:42,2017,2,WESTERN EUROPE-OTHER,KOSOVO,1,LUTON,PRISTINA,18208,18208,0,6645,6645,0,174.01053
08/03/2018 10:42,2017,2,WESTERN EUROPE-OTHER,MACEDONIA,1,LUTON,OHRID,19709,19709,0,21557,21557,0,-8.57262
08/03/2018 10:42,2017,2,WESTERN EUROPE-OTHER,MACEDONIA,1,LUTON,SKOPJE,69252,69252,0,70670,70670,0,-2.00651
08/03/2018 10:42,2017,2,WESTERN EUROPE-OTHER,MACEDONIA,2,DONCASTER SHEFFIELD,SKOPJE,165,165,0,0,0,0,0
08/03/2018 10:42,2017,2,WESTERN EUROPE-OTHER,MACEDONIA,2,EDINBURGH,SKOPJE,0,0,0,66,0,66,-100
08/03/2018 10:42,2017,2,WESTERN EUROPE-OTHER,MACEDONIA,2,LIVERPOOL (JOHN LENNON),SKOPJE,370,0,370,0,0,0,0
08/03/2018 10:42,2017,2,WESTERN EUROPE-OTHER,MACEDONIA,2,MANCHESTER,SKOPJE,511,0,511,0,0,0,0
08/03/2018 10:42,2017,2,WESTERN EUROPE-OTHER,NORWAY,1,GATWICK,ALESUND,0,0,0,17417,17417,0,-100
08/03/2018 10:42,2017,2,WESTERN EUROPE-OTHER,NORWAY,1,GATWICK,BERGEN,199362,198047,1315,185917,185706,211,7.23172
08/03/2018 10:42,2017,2,WESTERN EUROPE-OTHER,NORWAY,1,GATWICK,BODO,0,0,0,573,0,573,-100
08/03/2018 10:42,2017,2,WESTERN EUROPE-OTHER,NORWAY,1,GATWICK,EVENES,584,0,584,619,0,619,-5.65428
08/03/2018 10:42,2017,2,WESTERN EUROPE-OTHER,NORWAY,1,GATWICK,FAGERNES/LEIRIN,3196,0,3196,3223,0,3223,-0.83773
08/03/2018 10:42,2017,2,WESTERN EUROPE-OTHER,NORWAY,1,GATWICK,HAUGESUND,2125,0,2125,2388,0,2388,-11.0134
08/03/2018 10:42,2017,2,WESTERN EUROPE-OTHER,NORWAY,1,GATWICK,OSLO (GARDERMOEN),413419,413167,252,352497,352346,151,17.28298
08/03/2018 10:42,2017,2,WESTERN EUROPE-OTHER,NORWAY,1,GATWICK,STAVANGER,97138,97138,0,73385,73385,0,32.36765
08/03/2018 10:42,2017,2,WESTERN EUROPE-OTHER,NORWAY,1,GATWICK,TROMSOE,20602,19238,1364,18696,16547,2149,10.19469
08/03/2018 10:42,2017,2,WESTERN EUROPE-OTHER,NORWAY,1,GATWICK,TRONDHEIM (VAERNES),66893,66893,0,70697,69619,1078,-5.38071
08/03/2018 10:42,2017,2,WESTERN EUROPE-OTHER,NORWAY,1,HEATHROW,BERGEN,71736,71736,0,120331,120331,0,-40.38444
08/03/2018 10:42,2017,2,WESTERN EUROPE-OTHER,NORWAY,1,HEATHROW,OSLO (GARDERMOEN),679409,679409,0,702842,702842,0,-3.33404
08/03/2018 10:42,2017,2,WESTERN EUROPE-OTHER,NORWAY,1,HEATHROW,STAVANGER,148714,148714,0,191309,191309,0,-22.26503
08/03/2018 10:42,2017,2,WESTERN EUROPE-OTHER,NORWAY,1,HEATHROW,TROMSOE,0,0,0,32,0,32,-100
08/03/2018 10:42,2017,2,WESTERN EUROPE-OTHER,NORWAY,1,LUTON,EVENES,0,0,0,14,0,14,-100
08/03/2018 10:42,2017,2,WESTERN EUROPE-OTHER,NORWAY,1,LUTON,OSLO (GARDERMOEN),0,0,0,18,0,18,-100
08/03/2018 10:42,2017,2,WESTERN EUROPE-OTHER,NORWAY,1,LUTON,STAVANGER,0,0,0,1,0,1,-100
08/03/2018 10:42,2017,2,WESTERN EUROPE-OTHER,NORWAY,1,LUTON,TRONDHEIM (VAERNES),0,0,0,20,0,20,-100
08/03/2018 10:42,2017,2,WESTERN EUROPE-OTHER,NORWAY,1,STANSTED,BERGEN,110,0,110,0,0,0,0
08/03/2018 10:42,2017,2,WESTERN EUROPE-OTHER,NORWAY,1,STANSTED,HAUGESUND,0,0,0,596,596,0,-100
08/03/2018 10:42,2017,2,WESTERN EUROPE-OTHER,NORWAY,1,STANSTED,OSLO (GARDERMOEN),293578,293578,0,53726,53629,97,446.43562
08/03/2018 10:42,2017,2,WESTERN EUROPE-OTHER,NORWAY,1,STANSTED,RYGGE,0,0,0,221923,221923,0,-100
08/03/2018 10:42,2017,2,WESTERN EUROPE-OTHER,NORWAY,1,STANSTED,SANDEFJORD(TORP),48918,48918,0,64190,64190,0,-23.79187
08/03/2018 10:42,2017,2,WESTERN EUROPE-OTHER,NORWAY,1,STANSTED,TRONDHEIM (VAERNES),0,0,0,2130,0,2130,-100
08/03/2018 10:42,2017,2,WESTERN EUROPE-OTHER,NORWAY,2,ABERDEEN,BERGEN,39137,39084,53,32652,32619,33,19.86096
08/03/2018 10:42,2017,2,WESTERN EUROPE-OTHER,NORWAY,2,ABERDEEN,HAUGESUND,0,0,0,2016,549,1467,-100
08/03/2018 10:42,2017,2,WESTERN EUROPE-OTHER,NORWAY,2,ABERDEEN,KRISTIANSAND (KJEVIK),0,0,0,40,0,40,-100
08/03/2018 10:42,2017,2,WESTERN EUROPE-OTHER,NORWAY,2,ABERDEEN,OSLO (GARDERMOEN),29956,29956,0,33655,33655,0,-10.99094
08/03/2018 10:42,2017,2,WESTERN EUROPE-OTHER,NORWAY,2,ABERDEEN,STAVANGER,93021,92950,71,97640,97571,69,-4.73064
08/03/2018 10:42,2017,2,WESTERN EUROPE-OTHER,NORWAY,2,BELFAST INTERNATIONAL,HAUGESUND,274,0,274,0,0,0,0
08/03/2018 10:42,2017,2,WESTERN EUROPE-OTHER,NORWAY,2,BELFAST INTERNATIONAL,OSLO (GARDERMOEN),209,0,209,0,0,0,0
08/03/2018 10:42,2017,2,WESTERN EUROPE-OTHER,NORWAY,2,BELFAST INTERNATIONAL,SANDEFJORD(TORP),129,0,129,0,0,0,0
08/03/2018 10:42,2017,2,WESTERN EUROPE-OTHER,NORWAY,2,BIRMINGHAM,ALESUND,30,0,30,0,0,0,0
08/03/2018 10:42,2017,2,WESTERN EUROPE-OTHER,NORWAY,2,BIRMINGHAM,BERGEN,290,0,290,0,0,0,0
08/03/2018 10:42,2017,2,WESTERN EUROPE-OTHER,NORWAY,2,BIRMINGHAM,MOLDE,31,0,31,0,0,0,0
08/03/2018 10:42,2017,2,WESTERN EUROPE-OTHER,NORWAY,2,BIRMINGHAM,SANDEFJORD(TORP),0,0,0,5,5,0,-100
08/03/2018 10:42,2017,2,WESTERN EUROPE-OTHER,NORWAY,2,BOURNEMOUTH,BERGEN,438,0,438,0,0,0,0
08/03/2018 10:42,2017,2,WESTERN EUROPE-OTHER,NORWAY,2,BOURNEMOUTH,KIRKENES,0,0,0,342,0,342,-100
08/03/2018 10:42,2017,2,WESTERN EUROPE-OTHER,NORWAY,2,BOURNEMOUTH,TROMSOE,442,0,442,287,0,287,54.00697
08/03/2018 10:42,2017,2,WESTERN EUROPE-OTHER,NORWAY,2,BRISTOL,BERGEN,551,0,551,184,0,184,199.45652
08/03/2018 10:42,2017,2,WESTERN EUROPE-OTHER,NORWAY,2,BRISTOL,TROMSOE,358,0,358,584,0,584,-38.69863
08/03/2018 10:42,2017,2,WESTERN EUROPE-OTHER,NORWAY,2,CARDIFF WALES,MOLDE,178,178,0,0,0,0,0
08/03/2018 10:42,2017,2,WESTERN EUROPE-OTHER,NORWAY,2,CARDIFF WALES,TROMSOE,168,0,168,0,0,0,0
08/03/2018 10:42,2017,2,WESTERN EUROPE-OTHER,NORWAY,2,EAST MIDLANDS INTERNATIONAL,OSLO (GARDERMOEN),0,0,0,74,74,0,-100
08/03/2018 10:42,2017,2,WESTERN EUROPE-OTHER,NORWAY,2,EAST MIDLANDS INTERNATIONAL,TROMSOE,257,0,257,293,0,293,-12.28669
08/03/2018 10:42,2017,2,WESTERN EUROPE-OTHER,NORWAY,2,EDINBURGH,BERGEN,2072,1678,394,0,0,0,0
08/03/2018 10:42,2017,2,WESTERN EUROPE-OTHER,NORWAY,2,EDINBURGH,BODO,374,0,374,0,0,0,0
08/03/2018 10:42,2017,2,WESTERN EUROPE-OTHER,NORWAY,2,EDINBURGH,EVENES,0,0,0,254,0,254,-100
08/03/2018 10:42,2017,2,WESTERN EUROPE-OTHER,NORWAY,2,EDINBURGH,OSLO (GARDERMOEN),104852,103997,855,85895,85564,331,22.06997
08/03/2018 10:42,2017,2,WESTERN EUROPE-OTHER,NORWAY,2,EDINBURGH,RYGGE,0,0,0,35677,35677,0,-100
08/03/2018 10:42,2017,2,WESTERN EUROPE-OTHER,NORWAY,2,EDINBURGH,STAVANGER,0,0,0,43,43,0,-100
08/03/2018 10:42,2017,2,WESTERN EUROPE-OTHER,NORWAY,2,GLASGOW,BERGEN,1558,1358,200,148,0,148,952.7027
08/03/2018 10:42,2017,2,WESTERN EUROPE-OTHER,NORWAY,2,GLASGOW,STAVANGER,73,73,0,32,32,0,128.125
08/03/2018 10:42,2017,2,WESTERN EUROPE-OTHER,NORWAY,2,GLASGOW,TRONDHEIM (VAERNES),484,0,484,0,0,0,0
08/03/2018 10:42,2017,2,WESTERN EUROPE-OTHER,NORWAY,2,HUMBERSIDE,BERGEN,36,0,36,0,0,0,0
08/03/2018 10:42,2017,2,WESTERN EUROPE-OTHER,NORWAY,2,HUMBERSIDE,TROMSOE,0,0,0,32,0,32,-100
08/03/2018 10:42,2017,2,WESTERN EUROPE-OTHER,NORWAY,2,KIRKWALL,BERGEN,505,505,0,0,0,0,0
08/03/2018 10:42,2017,2,WESTERN EUROPE-OTHER,NORWAY,2,LIVERPOOL (JOHN LENNON),ALESUND,140,0,140,0,0,0,0
08/03/2018 10:42,2017,2,WESTERN EUROPE-OTHER,NORWAY,2,LIVERPOOL (JOHN LENNON),EVENES,0,0,0,302,0,302,-100
08/03/2018 10:42,2017,2,WESTERN EUROPE-OTHER,NORWAY,2,LIVERPOOL (JOHN LENNON),OSLO (GARDERMOEN),737,0,737,0,0,0,0
08/03/2018 10:42,2017,2,WESTERN EUROPE-OTHER,NORWAY,2,LIVERPOOL (JOHN LENNON),SANDEFJORD(TORP),0,0,0,26536,26536,0,-100
08/03/2018 10:42,2017,2,WESTERN EUROPE-OTHER,NORWAY,2,LIVERPOOL (JOHN LENNON),STAVANGER,468,156,312,467,0,467,0.21413
08/03/2018 10:42,2017,2,WESTERN EUROPE-OTHER,NORWAY,2,MANCHESTER,BERGEN,13351,11647,1704,9863,9344,519,35.36449
08/03/2018 10:42,2017,2,WESTERN EUROPE-OTHER,NORWAY,2,MANCHESTER,OSLO (GARDERMOEN),122364,121895,469,103628,103526,102,18.08006
08/03/2018 10:42,2017,2,WESTERN EUROPE-OTHER,NORWAY,2,MANCHESTER,RYGGE,0,0,0,53785,53785,0,-100
08/03/2018 10:42,2017,2,WESTERN EUROPE-OTHER,NORWAY,2,MANCHESTER,SANDEFJORD(TORP),59160,59160,0,11026,11026,0,436.54997
08/03/2018 10:42,2017,2,WESTERN EUROPE-OTHER,NORWAY,2,MANCHESTER,STAVANGER,20394,20394,0,19842,19842,0,2.78198
08/03/2018 10:42,2017,2,WESTERN EUROPE-OTHER,NORWAY,2,MANCHESTER,TROMSOE,772,0,772,320,0,320,141.25
08/03/2018 10:42,2017,2,WESTERN EUROPE-OTHER,NORWAY,2,NEWCASTLE,BERGEN,514,0,514,427,0,427,20.37471
08/03/2018 10:42,2017,2,WESTERN EUROPE-OTHER,NORWAY,2,NEWCASTLE,STAVANGER,10004,10004,0,6587,6587,0,51.87491
08/03/2018 10:42,2017,2,WESTERN EUROPE-OTHER,NORWAY,2,NEWCASTLE,TROMSOE,288,0,288,280,0,280,2.85714
08/03/2018 10:42,2017,2,WESTERN EUROPE-OTHER,NORWAY,2,PRESTWICK,EVENES,82,0,82,0,0,0,0
08/03/2018 10:42,2017,2,WESTERN EUROPE-OTHER,NORWAY,2,SUMBURGH,BERGEN,1374,1374,0,1009,1009,0,36.17443
08/03/2018 10:42,2017,2,WESTERN EUROPE-OTHER,NORWAY,2,SUMBURGH,HAUGESUND,0,0,0,24,24,0,-100
08/03/2018 10:42,2017,2,WESTERN EUROPE-OTHER,REPUBLIC OF MONTENEGRO,1,GATWICK,TIVAT,33051,33051,0,25443,25443,0,29.90213
08/03/2018 10:42,2017,2,WESTERN EUROPE-OTHER,REPUBLIC OF MONTENEGRO,1,LUTON,TIVAT,264,0,264,70,0,70,277.14286
08/03/2018 10:42,2017,2,WESTERN EUROPE-OTHER,REPUBLIC OF MONTENEGRO,1,STANSTED,PODGORICA,36738,36738,0,36724,36724,0,0.03812
08/03/2018 10:42,2017,2,WESTERN EUROPE-OTHER,REPUBLIC OF MONTENEGRO,1,STANSTED,TIVAT,0,0,0,1174,1174,0,-100
08/03/2018 10:42,2017,2,WESTERN EUROPE-OTHER,REPUBLIC OF MONTENEGRO,2,BIRMINGHAM,TIVAT,0,0,0,66,0,66,-100
08/03/2018 10:42,2017,2,WESTERN EUROPE-OTHER,REPUBLIC OF MONTENEGRO,2,MANCHESTER,TIVAT,20021,20021,0,17253,17253,0,16.04359
08/03/2018 10:42,2017,2,WESTERN EUROPE-OTHER,REPUBLIC OF SERBIA,1,GATWICK,BELGRADE,0,0,0,176,176,0,-100
08/03/2018 10:42,2017,2,WESTERN EUROPE-OTHER,REPUBLIC OF SERBIA,1,HEATHROW,BELGRADE,92447,92447,0,88509,88509,0,4.44927
08/03/2018 10:42,2017,2,WESTERN EUROPE-OTHER,REPUBLIC OF SERBIA,1,LUTON,BELGRADE,47208,47103,105,46385,46363,22,1.77428
08/03/2018 10:42,2017,2,WESTERN EUROPE-OTHER,REPUBLIC OF SERBIA,1,STANSTED,BELGRADE,100,0,100,0,0,0,0
08/03/2018 10:42,2017,2,WESTERN EUROPE-OTHER,REPUBLIC OF SERBIA,2,CARDIFF WALES,BELGRADE,143,0,143,0,0,0,0
08/03/2018 10:42,2017,2,WESTERN EUROPE-OTHER,SWITZERLAND,1,GATWICK,BALE MULHOUSE,278401,278400,1,269177,269177,0,3.42674
08/03/2018 10:42,2017,2,WESTERN EUROPE-OTHER,SWITZERLAND,1,GATWICK,GENEVA,854140,826127,28013,844937,818822,26115,1.08919
08/03/2018 10:42,2017,2,WESTERN EUROPE-OTHER,SWITZERLAND,1,GATWICK,ZURICH,164837,164828,9,154723,154316,407,6.53684
08/03/2018 10:42,2017,2,WESTERN EUROPE-OTHER,SWITZERLAND,1,HEATHROW,BALE MULHOUSE,257324,257324,0,254206,254206,0,1.22656
08/03/2018 10:42,2017,2,WESTERN EUROPE-OTHER,SWITZERLAND,1,HEATHROW,GENEVA,1056478,1052445,4033,1053728,1048606,5122,0.26098
08/03/2018 10:42,2017,2,WESTERN EUROPE-OTHER,SWITZERLAND,1,HEATHROW,SION,475,475,0,0,0,0,0
08/03/2018 10:42,2017,2,WESTERN EUROPE-OTHER,SWITZERLAND,1,HEATHROW,ZURICH,1139638,1139271,367,1102296,1101677,619,3.38766
08/03/2018 10:42,2017,2,WESTERN EUROPE-OTHER,SWITZERLAND,1,LONDON CITY,BALE MULHOUSE,15977,15977,0,18082,18082,0,-11.64141
08/03/2018 10:42,2017,2,WESTERN EUROPE-OTHER,SWITZERLAND,1,LONDON CITY,BERNE,10761,10761,0,11580,11580,0,-7.07254
08/03/2018 10:42,2017,2,WESTERN EUROPE-OTHER,SWITZERLAND,1,LONDON CITY,GENEVA,195443,195443,0,219607,219607,0,-11.00329
08/03/2018 10:42,2017,2,WESTERN EUROPE-OTHER,SWITZERLAND,1,LONDON CITY,ZURICH,402817,402817,0,385933,385933,0,4.37485
08/03/2018 10:42,2017,2,WESTERN EUROPE-OTHER,SWITZERLAND,1,LUTON,ALTENRHEIN,0,0,0,22,0,22,-100
08/03/2018 10:42,2017,2,WESTERN EUROPE-OTHER,SWITZERLAND,1,LUTON,BALE MULHOUSE,81815,81815,0,78190,77966,224,4.63614
08/03/2018 10:42,2017,2,WESTERN EUROPE-OTHER,SWITZERLAND,1,LUTON,BERNE,0,0,0,11,0,11,-100
08/03/2018 10:42,2017,2,WESTERN EUROPE-OTHER,SWITZERLAND,1,LUTON,GENEVA,293862,293860,2,268760,268697,63,9.33993
08/03/2018 10:42,2017,2,WESTERN EUROPE-OTHER,SWITZERLAND,1,LUTON,ZURICH,174574,174514,60,135211,135177,34,29.11228
08/03/2018 10:42,2017,2,WESTERN EUROPE-OTHER,SWITZERLAND,1,SOUTHEND,BALE MULHOUSE,41,41,0,124,124,0,-66.93548
08/03/2018 10:42,2017,2,WESTERN EUROPE-OTHER,SWITZERLAND,1,SOUTHEND,GENEVA,32306,32306,0,28761,28761,0,12.32572
08/03/2018 10:42,2017,2,WESTERN EUROPE-OTHER,SWITZERLAND,1,SOUTHEND,ZURICH,0,0,0,58,58,0,-100
08/03/2018 10:42,2017,2,WESTERN EUROPE-OTHER,SWITZERLAND,1,STANSTED,BALE MULHOUSE,103155,103019,136,109746,109088,658,-6.00569
08/03/2018 10:42,2017,2,WESTERN EUROPE-OTHER,SWITZERLAND,1,STANSTED,BERNE,156,0,156,0,0,0,0
08/03/2018 10:42,2017,2,WESTERN EUROPE-OTHER,SWITZERLAND,1,STANSTED,GENEVA,69614,66465,3149,61255,60446,809,13.64623
08/03/2018 10:42,2017,2,WESTERN EUROPE-OTHER,SWITZERLAND,1,STANSTED,ZURICH,257,257,0,185,185,0,38.91892
08/03/2018 10:42,2017,2,WESTERN EUROPE-OTHER,SWITZERLAND,2,ABERDEEN,GENEVA,6384,6384,0,5114,4856,258,24.83379
08/03/2018 10:42,2017,2,WESTERN EUROPE-OTHER,SWITZERLAND,2,BELFAST INTERNATIONAL,BALE MULHOUSE,745,0,745,0,0,0,0
08/03/2018 10:42,2017,2,WESTERN EUROPE-OTHER,SWITZERLAND,2,BELFAST INTERNATIONAL,GENEVA,20063,20063,0,23277,23277,0,-13.80762
08/03/2018 10:42,2017,2,WESTERN EUROPE-OTHER,SWITZERLAND,2,BELFAST INTERNATIONAL,ZURICH,216,0,216,0,0,0,0
08/03/2018 10:42,2017,2,WESTERN EUROPE-OTHER,SWITZERLAND,2,BIRMINGHAM,BALE MULHOUSE,66,66,0,0,0,0,0
08/03/2018 10:42,2017,2,WESTERN EUROPE-OTHER,SWITZERLAND,2,BIRMINGHAM,BERNE,0,0,0,44,0,44,-100
08/03/2018 10:42,2017,2,WESTERN EUROPE-OTHER,SWITZERLAND,2,BIRMINGHAM,GENEVA,84027,80308,3719,63878,59140,4738,31.54294
08/03/2018 10:42,2017,2,WESTERN EUROPE-OTHER,SWITZERLAND,2,BIRMINGHAM,ZURICH,97465,97465,0,92345,92310,35,5.54443
08/03/2018 10:42,2017,2,WESTERN EUROPE-OTHER,SWITZERLAND,2,BOURNEMOUTH,GENEVA,33605,33605,0,28384,28384,0,18.39417
08/03/2018 10:42,2017,2,WESTERN EUROPE-OTHER,SWITZERLAND,2,BRISTOL,BALE MULHOUSE,50537,50537,0,48027,48027,0,5.22623
08/03/2018 10:42,2017,2,WESTERN EUROPE-OTHER,SWITZERLAND,2,BRISTOL,GENEVA,232800,226534,6266,221909,210390,11519,4.90787
08/03/2018 10:42,2017,2,WESTERN EUROPE-OTHER,SWITZERLAND,2,CARDIFF WALES,ALTENRHEIN,45,0,45,0,0,0,0
08/03/2018 10:42,2017,2,WESTERN EUROPE-OTHER,SWITZERLAND,2,CARDIFF WALES,GENEVA,3726,3683,43,3441,3441,0,8.28248
08/03/2018 10:42,2017,2,WESTERN EUROPE-OTHER,SWITZERLAND,2,CARDIFF WALES,ZURICH,128,128,0,0,0,0,0
08/03/2018 10:42,2017,2,WESTERN EUROPE-OTHER,SWITZERLAND,2,EAST MIDLANDS INTERNATIONAL,BALE MULHOUSE,41,0,41,0,0,0,0
08/03/2018 10:42,2017,2,WESTERN EUROPE-OTHER,SWITZERLAND,2,EAST MIDLANDS INTERNATIONAL,BERNE,0,0,0,43,0,43,-100
08/03/2018 10:42,2017,2,WESTERN EUROPE-OTHER,SWITZERLAND,2,EAST MIDLANDS INTERNATIONAL,GENEVA,17644,17462,182,5993,5993,0,194.41015
08/03/2018 10:42,2017,2,WESTERN EUROPE-OTHER,SWITZERLAND,2,EAST MIDLANDS INTERNATIONAL,ZURICH,17,0,17,0,0,0,0
08/03/2018 10:42,2017,2,WESTERN EUROPE-OTHER,SWITZERLAND,2,EDINBURGH,BALE MULHOUSE,107641,107641,0,92061,92061,0,16.92356
08/03/2018 10:42,2017,2,WESTERN EUROPE-OTHER,SWITZERLAND,2,EDINBURGH,GENEVA,193486,188757,4729,154823,144965,9858,24.97239
08/03/2018 10:42,2017,2,WESTERN EUROPE-OTHER,SWITZERLAND,2,EDINBURGH,ZURICH,21845,20267,1578,16235,14769,1466,34.55497
08/03/2018 10:42,2017,2,WESTERN EUROPE-OTHER,SWITZERLAND,2,EXETER,BALE MULHOUSE,68,68,0,0,0,0,0
08/03/2018 10:42,2017,2,WESTERN EUROPE-OTHER,SWITZERLAND,2,EXETER,GENEVA,4205,4205,0,5706,2560,3146,-26.30564
08/03/2018 10:42,2017,2,WESTERN EUROPE-OTHER,SWITZERLAND,2,GLASGOW,GENEVA,20694,20694,0,13541,13170,371,52.82475
08/03/2018 10:42,2017,2,WESTERN EUROPE-OTHER,SWITZERLAND,2,GLASGOW,ZURICH,22,0,22,46,0,46,-52.17391
08/03/2018 10:42,2017,2,WESTERN EUROPE-OTHER,SWITZERLAND,2,GUERNSEY,GENEVA,90,0,90,88,0,88,2.27273
08/03/2018 10:42,2017,2,WESTERN EUROPE-OTHER,SWITZERLAND,2,GUERNSEY,ZURICH,339,0,339,0,0,0,0
08/03/2018 10:42,2017,2,WESTERN EUROPE-OTHER,SWITZERLAND,2,INVERNESS,GENEVA,2751,2751,0,2303,2303,0,19.45289
08/03/2018 10:42,2017,2,WESTERN EUROPE-OTHER,SWITZERLAND,2,INVERNESS,ZURICH,0,0,0,702,702,0,-100
08/03/2018 10:42,2017,2,WESTERN EUROPE-OTHER,SWITZERLAND,2,ISLE OF MAN,GENEVA,1872,675,1197,1557,1557,0,20.23121
08/03/2018 10:42,2017,2,WESTERN EUROPE-OTHER,SWITZERLAND,2,JERSEY,BALE MULHOUSE,853,853,0,0,0,0,0
08/03/2018 10:42,2017,2,WESTERN EUROPE-OTHER,SWITZERLAND,2,JERSEY,BERNE,884,884,0,1063,1063,0,-16.83913
08/03/2018 10:42,2017,2,WESTERN EUROPE-OTHER,SWITZERLAND,2,JERSEY,GENEVA,2327,2327,0,4320,4320,0,-46.13426
08/03/2018 10:42,2017,2,WESTERN EUROPE-OTHER,SWITZERLAND,2,JERSEY,ZURICH,515,515,0,1262,1119,143,-59.19176
08/03/2018 10:42,2017,2,WESTERN EUROPE-OTHER,SWITZERLAND,2,LEEDS BRADFORD,GENEVA,39034,39034,0,40099,40099,0,-2.65593
08/03/2018 10:42,2017,2,WESTERN EUROPE-OTHER,SWITZERLAND,2,LEEDS BRADFORD,ZURICH,0,0,0,1,0,1,-100
08/03/2018 10:42,2017,2,WESTERN EUROPE-OTHER,SWITZERLAND,2,LIVERPOOL (JOHN LENNON),ALTENRHEIN,0,0,0,94,0,94,-100
08/03/2018 10:42,2017,2,WESTERN EUROPE-OTHER,SWITZERLAND,2,LIVERPOOL (JOHN LENNON),BALE MULHOUSE,0,0,0,5774,2154,3620,-100
08/03/2018 10:42,2017,2,WESTERN EUROPE-OTHER,SWITZERLAND,2,LIVERPOOL (JOHN LENNON),BERNE,0,0,0,34,0,34,-100
08/03/2018 10:42,2017,2,WESTERN EUROPE-OTHER,SWITZERLAND,2,LIVERPOOL (JOHN LENNON),GENEVA,121702,121702,0,126216,126216,0,-3.57641
08/03/2018 10:42,2017,2,WESTERN EUROPE-OTHER,SWITZERLAND,2,LIVERPOOL (JOHN LENNON),SION,30,0,30,15,0,15,100
08/03/2018 10:42,2017,2,WESTERN EUROPE-OTHER,SWITZERLAND,2,LIVERPOOL (JOHN LENNON),ZURICH,67,67,0,0,0,0,0
08/03/2018 10:42,2017,2,WESTERN EUROPE-OTHER,SWITZERLAND,2,LYDD,GENEVA,0,0,0,18,0,18,-100
08/03/2018 10:42,2017,2,WESTERN EUROPE-OTHER,SWITZERLAND,2,MANCHESTER,BALE MULHOUSE,91213,90208,1005,92240,91072,1168,-1.1134
08/03/2018 10:42,2017,2,WESTERN EUROPE-OTHER,SWITZERLAND,2,MANCHESTER,BERNE,0,0,0,2,2,0,-100
08/03/2018 10:42,2017,2,WESTERN EUROPE-OTHER,SWITZERLAND,2,MANCHESTER,GENEVA,277533,270297,7236,230319,224209,6110,20.49939
08/03/2018 10:42,2017,2,WESTERN EUROPE-OTHER,SWITZERLAND,2,MANCHESTER,ZURICH,132151,132151,0,124416,124416,0,6.21705
08/03/2018 10:42,2017,2,WESTERN EUROPE-OTHER,SWITZERLAND,2,NEWCASTLE,GENEVA,56850,56736,114,68226,63502,4724,-16.674
08/03/2018 10:42,2017,2,WESTERN EUROPE-OTHER,SWITZERLAND,2,NORWICH,GENEVA,23,0,23,0,0,0,0
08/03/2018 10:42,2017,2,WESTERN EUROPE-OTHER,SWITZERLAND,2,SOUTHAMPTON,BALE MULHOUSE,0,0,0,21,21,0,-100
08/03/2018 10:42,2017,2,WESTERN EUROPE-OTHER,SWITZERLAND,2,SOUTHAMPTON,GENEVA,8402,8356,46,6073,5930,143,38.35007
08/03/2018 10:42,2017,2,WESTERN EUROPE-OTHER,TURKEY,1,GATWICK,ANKARA (ESENBOGA),9,0,9,0,0,0,0
08/03/2018 10:42,2017,2,WESTERN EUROPE-OTHER,TURKEY,1,GATWICK,ANTALYA,225771,182272,43499,221147,164861,56286,2.09092
08/03/2018 10:42,2017,2,WESTERN EUROPE-OTHER,TURKEY,1,GATWICK,BODRUM (MILAS),97261,80827,16434,112456,93179,19277,-13.51195
08/03/2018 10:42,2017,2,WESTERN EUROPE-OTHER,TURKEY,1,GATWICK,BURSA YENISEHIR,0,0,0,59,0,59,-100
08/03/2018 10:42,2017,2,WESTERN EUROPE-OTHER,TURKEY,1,GATWICK,DALAMAN,293926,261725,32201,289475,236668,52807,1.53761
08/03/2018 10:42,2017,2,WESTERN EUROPE-OTHER,TURKEY,1,GATWICK,ISTANBUL,213718,213718,0,257161,257161,0,-16.89331
08/03/2018 10:42,2017,2,WESTERN EUROPE-OTHER,TURKEY,1,GATWICK,ISTANBUL (SABIHA GOKCEN),87640,87640,0,176108,176108,0,-50.23508
08/03/2018 10:42,2017,2,WESTERN EUROPE-OTHER,TURKEY,1,GATWICK,IZMIR (ADNAN MENDERES),54436,45104,9332,54163,42071,12092,0.50403
08/03/2018 10:42,2017,2,WESTERN EUROPE-OTHER,TURKEY,1,HEATHROW,ISTANBUL,1021532,1021532,0,956654,956654,0,6.78176
08/03/2018 10:42,2017,2,WESTERN EUROPE-OTHER,TURKEY,1,HEATHROW,IZMIR (ADNAN MENDERES),0,0,0,7796,0,7796,-100
08/03/2018 10:42,2017,2,WESTERN EUROPE-OTHER,TURKEY,1,LUTON,ANKARA (ESENBOGA),0,0,0,62,0,62,-100
08/03/2018 10:42,2017,2,WESTERN EUROPE-OTHER,TURKEY,1,LUTON,ANTALYA,24044,20476,3568,26911,18028,8883,-10.65364
08/03/2018 10:42,2017,2,WESTERN EUROPE-OTHER,TURKEY,1,LUTON,BODRUM (MILAS),18414,18414,0,14477,14477,0,27.19486
08/03/2018 10:42,2017,2,WESTERN EUROPE-OTHER,TURKEY,1,LUTON,DALAMAN,23813,23059,754,36650,18451,18199,-35.02592
08/03/2018 10:42,2017,2,WESTERN EUROPE-OTHER,TURKEY,1,LUTON,ISTANBUL,0,0,0,69521,69521,0,-100
08/03/2018 10:42,2017,2,WESTERN EUROPE-OTHER,TURKEY,1,LUTON,ISTANBUL (SABIHA GOKCEN),0,0,0,71,0,71,-100
08/03/2018 10:42,2017,2,WESTERN EUROPE-OTHER,TURKEY,1,LUTON,IZMIR (ADNAN MENDERES),10640,10640,0,6694,6694,0,58.94831
08/03/2018 10:42,2017,2,WESTERN EUROPE-OTHER,TURKEY,1,LUTON,TRABZON,46,0,46,51,0,51,-9.80392
08/03/2018 10:42,2017,2,WESTERN EUROPE-OTHER,TURKEY,1,SOUTHEND,BODRUM (MILAS),352,352,0,0,0,0,0
08/03/2018 10:42,2017,2,WESTERN EUROPE-OTHER,TURKEY,1,STANSTED,ADANA,0,0,0,267,267,0,-100
08/03/2018 10:42,2017,2,WESTERN EUROPE-OTHER,TURKEY,1,STANSTED,ANTALYA,81591,65238,16353,44732,29011,15721,82.39962
08/03/2018 10:42,2017,2,WESTERN EUROPE-OTHER,TURKEY,1,STANSTED,BODRUM (MILAS),21427,21427,0,32740,32548,192,-34.55406
08/03/2018 10:42,2017,2,WESTERN EUROPE-OTHER,TURKEY,1,STANSTED,DALAMAN,116750,100878,15872,89696,80178,9518,30.16188
08/03/2018 10:42,2017,2,WESTERN EUROPE-OTHER,TURKEY,1,STANSTED,GAZIANTEP,0,0,0,866,163,703,-100
08/03/2018 10:42,2017,2,WESTERN EUROPE-OTHER,TURKEY,1,STANSTED,ISTANBUL,94958,94893,65,14794,14794,0,541.86832
08/03/2018 10:42,2017,2,WESTERN EUROPE-OTHER,TURKEY,1,STANSTED,ISTANBUL (SABIHA GOKCEN),305510,305510,0,229947,229947,0,32.86105
08/03/2018 10:42,2017,2,WESTERN EUROPE-OTHER,TURKEY,1,STANSTED,IZMIR (ADNAN MENDERES),51065,49215,1850,39563,39563,0,29.07262
08/03/2018 10:42,2017,2,WESTERN EUROPE-OTHER,TURKEY,2,ABERDEEN,DALAMAN,5000,0,5000,6774,0,6774,-26.18837
08/03/2018 10:42,2017,2,WESTERN EUROPE-OTHER,TURKEY,2,BELFAST INTERNATIONAL,ANTALYA,39,0,39,0,0,0,0
08/03/2018 10:42,2017,2,WESTERN EUROPE-OTHER,TURKEY,2,BELFAST INTERNATIONAL,BODRUM (MILAS),0,0,0,9050,0,9050,-100
08/03/2018 10:42,2017,2,WESTERN EUROPE-OTHER,TURKEY,2,BELFAST INTERNATIONAL,DALAMAN,8701,0,8701,26688,0,26688,-67.39733
08/03/2018 10:42,2017,2,WESTERN EUROPE-OTHER,TURKEY,2,BELFAST INTERNATIONAL,ISTANBUL,0,0,0,117,0,117,-100
08/03/2018 10:42,2017,2,WESTERN EUROPE-OTHER,TURKEY,2,BELFAST INTERNATIONAL,ISTANBUL (SABIHA GOKCEN),131,0,131,66,0,66,98.48485
08/03/2018 10:42,2017,2,WESTERN EUROPE-OTHER,TURKEY,2,BIRMINGHAM,ANTALYA,63514,45488,18026,51133,35023,16110,24.21333
08/03/2018 10:42,2017,2,WESTERN EUROPE-OTHER,TURKEY,2,BIRMINGHAM,BODRUM (MILAS),4723,0,4723,14029,7034,6995,-66.33402
08/03/2018 10:42,2017,2,WESTERN EUROPE-OTHER,TURKEY,2,BIRMINGHAM,BURSA YENISEHIR,0,0,0,54,0,54,-100
08/03/2018 10:42,2017,2,WESTERN EUROPE-OTHER,TURKEY,2,BIRMINGHAM,DALAMAN,128529,97032,31497,114486,85200,29286,12.26613
08/03/2018 10:42,2017,2,WESTERN EUROPE-OTHER,TURKEY,2,BIRMINGHAM,ISTANBUL,133434,133434,0,138778,138613,165,-3.85075
08/03/2018 10:42,2017,2,WESTERN EUROPE-OTHER,TURKEY,2,BIRMINGHAM,IZMIR (ADNAN MENDERES),6985,6985,0,7966,7966,0,-12.31484
08/03/2018 10:42,2017,2,WESTERN EUROPE-OTHER,TURKEY,2,BOURNEMOUTH,DALAMAN,6080,0,6080,15929,0,15929,-61.83062
08/03/2018 10:42,2017,2,WESTERN EUROPE-OTHER,TURKEY,2,BRISTOL,ANTALYA,28472,22600,5872,28598,22188,6410,-0.44059
08/03/2018 10:42,2017,2,WESTERN EUROPE-OTHER,TURKEY,2,BRISTOL,BODRUM (MILAS),26611,21682,4929,27630,22484,5146,-3.68802
08/03/2018 10:42,2017,2,WESTERN EUROPE-OTHER,TURKEY,2,BRISTOL,DALAMAN,70522,59938,10584,66407,56595,9812,6.19664
08/03/2018 10:42,2017,2,WESTERN EUROPE-OTHER,TURKEY,2,CARDIFF WALES,DALAMAN,25219,0,25219,20869,0,20869,20.84431
08/03/2018 10:42,2017,2,WESTERN EUROPE-OTHER,TURKEY,2,DONCASTER SHEFFIELD,DALAMAN,7505,0,7505,17823,0,17823,-57.89149
08/03/2018 10:42,2017,2,WESTERN EUROPE-OTHER,TURKEY,2,EAST MIDLANDS INTERNATIONAL,ANTALYA,23080,23080,0,33492,20992,12500,-31.08802
08/03/2018 10:42,2017,2,WESTERN EUROPE-OTHER,TURKEY,2,EAST MIDLANDS INTERNATIONAL,BODRUM (MILAS),0,0,0,8616,8616,0,-100
08/03/2018 10:42,2017,2,WESTERN EUROPE-OTHER,TURKEY,2,EAST MIDLANDS INTERNATIONAL,DALAMAN,35636,26300,9336,45712,36286,9426,-22.04235
08/03/2018 10:42,2017,2,WESTERN EUROPE-OTHER,TURKEY,2,EDINBURGH,ANTALYA,0,0,0,7303,0,7303,-100
08/03/2018 10:42,2017,2,WESTERN EUROPE-OTHER,TURKEY,2,EDINBURGH,BODRUM (MILAS),19982,19982,0,19602,19602,0,1.93858
08/03/2018 10:42,2017,2,WESTERN EUROPE-OTHER,TURKEY,2,EDINBURGH,DALAMAN,30020,21075,8945,42869,26171,16698,-29.97271
08/03/2018 10:42,2017,2,WESTERN EUROPE-OTHER,TURKEY,2,EDINBURGH,ISTANBUL,77494,77494,0,94899,94899,0,-18.34055
08/03/2018 10:42,2017,2,WESTERN EUROPE-OTHER,TURKEY,2,EXETER,DALAMAN,5898,0,5898,14960,0,14960,-60.57487
08/03/2018 10:42,2017,2,WESTERN EUROPE-OTHER,TURKEY,2,GLASGOW,ANTALYA,54322,32092,22230,53194,34988,18206,2.12054
08/03/2018 10:42,2017,2,WESTERN EUROPE-OTHER,TURKEY,2,GLASGOW,BODRUM (MILAS),0,0,0,8458,8458,0,-100
08/03/2018 10:42,2017,2,WESTERN EUROPE-OTHER,TURKEY,2,GLASGOW,DALAMAN,70528,43523,27005,85983,49906,36077,-17.97448
08/03/2018 10:42,2017,2,WESTERN EUROPE-OTHER,TURKEY,2,LEEDS BRADFORD,ANTALYA,20647,20647,0,18305,18305,0,12.79432
08/03/2018 10:42,2017,2,WESTERN EUROPE-OTHER,TURKEY,2,LEEDS BRADFORD,BODRUM (MILAS),10556,10556,0,14852,14852,0,-28.9254
08/03/2018 10:42,2017,2,WESTERN EUROPE-OTHER,TURKEY,2,LEEDS BRADFORD,DALAMAN,41588,41009,579,44166,44166,0,-5.83707
08/03/2018 10:42,2017,2,WESTERN EUROPE-OTHER,TURKEY,2,LIVERPOOL (JOHN LENNON),ANTALYA,212,0,212,0,0,0,0
08/03/2018 10:42,2017,2,WESTERN EUROPE-OTHER,TURKEY,2,LIVERPOOL (JOHN LENNON),BODRUM (MILAS),9986,9986,0,18563,18563,0,-46.20482
08/03/2018 10:42,2017,2,WESTERN EUROPE-OTHER,TURKEY,2,MANCHESTER,ANKARA (ESENBOGA),0,0,0,2,2,0,-100
08/03/2018 10:42,2017,2,WESTERN EUROPE-OTHER,TURKEY,2,MANCHESTER,ANTALYA,214079,181535,32544,173934,129039,44895,23.08059
08/03/2018 10:42,2017,2,WESTERN EUROPE-OTHER,TURKEY,2,MANCHESTER,BODRUM (MILAS),57979,42514,15465,53452,34969,18483,8.46928
08/03/2018 10:42,2017,2,WESTERN EUROPE-OTHER,TURKEY,2,MANCHESTER,DALAMAN,272823,226034,46789,230097,184587,45510,18.56869
08/03/2018 10:42,2017,2,WESTERN EUROPE-OTHER,TURKEY,2,MANCHESTER,ISTANBUL,217528,216665,863,258276,258157,119,-15.77692
08/03/2018 10:42,2017,2,WESTERN EUROPE-OTHER,TURKEY,2,MANCHESTER,ISTANBUL (SABIHA GOKCEN),0,0,0,757,0,757,-100
08/03/2018 10:42,2017,2,WESTERN EUROPE-OTHER,TURKEY,2,MANCHESTER,IZMIR (ADNAN MENDERES),35360,24510,10850,33755,23877,9878,4.75485
08/03/2018 10:42,2017,2,WESTERN EUROPE-OTHER,TURKEY,2,NEWCASTLE,ANTALYA,36629,36629,0,31607,31607,0,15.88889
08/03/2018 10:42,2017,2,WESTERN EUROPE-OTHER,TURKEY,2,NEWCASTLE,BODRUM (MILAS),0,0,0,17251,17251,0,-100
08/03/2018 10:42,2017,2,WESTERN EUROPE-OTHER,TURKEY,2,NEWCASTLE,DALAMAN,76095,75862,233,78001,77527,474,-2.44356
08/03/2018 10:42,2017,3,EASTERN EUROPE-EU,BULGARIA,1,GATWICK,BURGAS,61937,24684,37253,50195,18908,31287,23.39277
08/03/2018 10:42,2017,3,EASTERN EUROPE-EU,BULGARIA,1,GATWICK,ROUSE,0,0,0,482,0,482,-100
08/03/2018 10:42,2017,3,EASTERN EUROPE-EU,BULGARIA,1,GATWICK,SOFIA,140255,131641,8614,131602,123751,7851,6.57513
08/03/2018 10:42,2017,3,EASTERN EUROPE-EU,BULGARIA,1,GATWICK,VARNA,16765,14462,2303,2865,0,2865,485.16579
08/03/2018 10:42,2017,3,EASTERN EUROPE-EU,BULGARIA,1,HEATHROW,SOFIA,157087,157087,0,163653,163653,0,-4.01215
08/03/2018 10:42,2017,3,EASTERN EUROPE-EU,BULGARIA,1,LUTON,BURGAS,87341,80153,7188,79124,72024,7100,10.38497
08/03/2018 10:42,2017,3,EASTERN EUROPE-EU,BULGARIA,1,LUTON,SOFIA,288858,288858,0,279840,279840,0,3.22256
08/03/2018 10:42,2017,3,EASTERN EUROPE-EU,BULGARIA,1,LUTON,VARNA,115104,115104,0,89099,89099,0,29.18664
08/03/2018 10:42,2017,3,EASTERN EUROPE-EU,BULGARIA,1,STANSTED,BURGAS,1959,0,1959,4047,2116,1931,-51.59377
08/03/2018 10:42,2017,3,EASTERN EUROPE-EU,BULGARIA,1,STANSTED,PLOVDIV,53711,53711,0,54518,54518,0,-1.48025
08/03/2018 10:42,2017,3,EASTERN EUROPE-EU,BULGARIA,1,STANSTED,SOFIA,253261,253261,0,115885,115676,209,118.54511
08/03/2018 10:42,2017,3,EASTERN EUROPE-EU,BULGARIA,2,ABERDEEN,BURGAS,7343,0,7343,6793,0,6793,8.09657
08/03/2018 10:42,2017,3,EASTERN EUROPE-EU,BULGARIA,2,BELFAST INTERNATIONAL,BURGAS,18799,0,18799,15998,0,15998,17.50844
08/03/2018 10:42,2017,3,EASTERN EUROPE-EU,BULGARIA,2,BELFAST INTERNATIONAL,PLOVDIV,5128,0,5128,3494,0,3494,46.76588
08/03/2018 10:42,2017,3,EASTERN EUROPE-EU,BULGARIA,2,BELFAST INTERNATIONAL,SOFIA,0,0,0,264,0,264,-100
08/03/2018 10:42,2017,3,EASTERN EUROPE-EU,BULGARIA,2,BIRMINGHAM,BURGAS,32642,12676,19966,28538,7017,21521,14.38083
08/03/2018 10:42,2017,3,EASTERN EUROPE-EU,BULGARIA,2,BIRMINGHAM,SOFIA,102084,98231,3853,41985,38444,3541,143.14398
08/03/2018 10:42,2017,3,EASTERN EUROPE-EU,BULGARIA,2,BRISTOL,BURGAS,12355,0,12355,13155,0,13155,-6.08134
08/03/2018 10:42,2017,3,EASTERN EUROPE-EU,BULGARIA,2,BRISTOL,SOFIA,37851,33641,4210,35439,31181,4258,6.80606
08/03/2018 10:42,2017,3,EASTERN EUROPE-EU,BULGARIA,2,CARDIFF WALES,BURGAS,19101,0,19101,18199,0,18199,4.95632
08/03/2018 10:42,2017,3,EASTERN EUROPE-EU,BULGARIA,2,DONCASTER SHEFFIELD,BURGAS,12762,0,12762,5812,0,5812,119.58018
08/03/2018 10:42,2017,3,EASTERN EUROPE-EU,BULGARIA,2,DONCASTER SHEFFIELD,SOFIA,29028,29028,0,857,857,0,3287.16453
08/03/2018 10:42,2017,3,EASTERN EUROPE-EU,BULGARIA,2,EAST MIDLANDS INTERNATIONAL,BURGAS,23436,7182,16254,24327,7289,17038,-3.6626
08/03/2018 10:42,2017,3,EASTERN EUROPE-EU,BULGARIA,2,EAST MIDLANDS INTERNATIONAL,SOFIA,3061,0,3061,3087,69,3018,-0.84224
08/03/2018 10:42,2017,3,EASTERN EUROPE-EU,BULGARIA,2,EDINBURGH,BURGAS,11398,0,11398,10440,0,10440,9.17625
08/03/2018 10:42,2017,3,EASTERN EUROPE-EU,BULGARIA,2,EDINBURGH,SOFIA,1453,1453,0,127,0,127,1044.09449
08/03/2018 10:42,2017,3,EASTERN EUROPE-EU,BULGARIA,2,GLASGOW,BURGAS,17015,0,17015,20528,3062,17466,-17.11321
08/03/2018 10:42,2017,3,EASTERN EUROPE-EU,BULGARIA,2,GLASGOW,SOFIA,36383,36383,0,10534,10534,0,245.38637
08/03/2018 10:42,2017,3,EASTERN EUROPE-EU,BULGARIA,2,GLASGOW,VARNA,0,0,0,1224,0,1224,-100
08/03/2018 10:42,2017,3,EASTERN EUROPE-EU,BULGARIA,2,HUMBERSIDE,BURGAS,6083,0,6083,6195,0,6195,-1.80791
08/03/2018 10:42,2017,3,EASTERN EUROPE-EU,BULGARIA,2,LEEDS BRADFORD,BURGAS,5760,0,5760,5937,0,5937,-2.9813
08/03/2018 10:42,2017,3,EASTERN EUROPE-EU,BULGARIA,2,LEEDS BRADFORD,SOFIA,167,167,0,0,0,0,0
08/03/2018 10:42,2017,3,EASTERN EUROPE-EU,BULGARIA,2,LIVERPOOL (JOHN LENNON),SOFIA,34357,34357,0,10861,10861,0,216.33367
08/03/2018 10:42,2017,3,EASTERN EUROPE-EU,BULGARIA,2,MANCHESTER,BURGAS,91630,34840,56790,77221,27676,49545,18.65943
08/03/2018 10:42,2017,3,EASTERN EUROPE-EU,BULGARIA,2,MANCHESTER,SOFIA,79252,72454,6798,65037,57874,7163,21.85679
08/03/2018 10:42,2017,3,EASTERN EUROPE-EU,BULGARIA,2,MANCHESTER,VARNA,5911,0,5911,6013,0,6013,-1.69632
08/03/2018 10:42,2017,3,EASTERN EUROPE-EU,BULGARIA,2,NEWCASTLE,BURGAS,36628,36628,0,28222,28222,0,29.78527
08/03/2018 10:42,2017,3,EASTERN EUROPE-EU,BULGARIA,2,NEWCASTLE,SOFIA,3125,2954,171,2598,92,2506,20.28483
08/03/2018 10:42,2017,3,EASTERN EUROPE-EU,BULGARIA,2,NORWICH,BURGAS,5513,176,5337,0,0,0,0
08/03/2018 10:42,2017,3,EASTERN EUROPE-EU,CZECH REPUBLIC,1,GATWICK,PRAGUE,326578,326555,23,343771,343769,2,-5.00129
08/03/2018 10:42,2017,3,EASTERN EUROPE-EU,CZECH REPUBLIC,1,HEATHROW,PRAGUE,440166,440166,0,433214,433214,0,1.60475
08/03/2018 10:42,2017,3,EASTERN EUROPE-EU,CZECH REPUBLIC,1,LONDON CITY,PRAGUE,6532,6532,0,0,0,0,0
08/03/2018 10:42,2017,3,EASTERN EUROPE-EU,CZECH REPUBLIC,1,LUTON,BRNO (TURANY),47835,47835,0,46758,46758,0,2.30335
08/03/2018 10:42,2017,3,EASTERN EUROPE-EU,CZECH REPUBLIC,1,LUTON,PRAGUE,115157,115157,0,122408,122289,119,-5.92363
08/03/2018 10:42,2017,3,EASTERN EUROPE-EU,CZECH REPUBLIC,1,SOUTHEND,PRAGUE,27622,27622,0,0,0,0,0
08/03/2018 10:42,2017,3,EASTERN EUROPE-EU,CZECH REPUBLIC,1,STANSTED,BRNO (TURANY),108793,108793,0,113883,113883,0,-4.4695
08/03/2018 10:42,2017,3,EASTERN EUROPE-EU,CZECH REPUBLIC,1,STANSTED,OSTRAVA,60350,60350,0,61978,61978,0,-2.62674
08/03/2018 10:42,2017,3,EASTERN EUROPE-EU,CZECH REPUBLIC,1,STANSTED,PARDUBICE,15458,15458,0,0,0,0,0
08/03/2018 10:42,2017,3,EASTERN EUROPE-EU,CZECH REPUBLIC,1,STANSTED,PRAGUE,329285,329285,0,351882,351882,0,-6.42176
08/03/2018 10:42,2017,3,EASTERN EUROPE-EU,CZECH REPUBLIC,2,BELFAST INTERNATIONAL,PRAGUE,629,292,337,522,362,160,20.49808
08/03/2018 10:42,2017,3,EASTERN EUROPE-EU,CZECH REPUBLIC,2,BIRMINGHAM,PRAGUE,69569,69527,42,36908,36565,343,88.49301
08/03/2018 10:42,2017,3,EASTERN EUROPE-EU,CZECH REPUBLIC,2,BOURNEMOUTH,PRAGUE,0,0,0,720,0,720,-100
08/03/2018 10:42,2017,3,EASTERN EUROPE-EU,CZECH REPUBLIC,2,BRISTOL,PRAGUE,71643,71643,0,68100,68100,0,5.20264
08/03/2018 10:42,2017,3,EASTERN EUROPE-EU,CZECH REPUBLIC,2,CARDIFF WALES,PRAGUE,42,0,42,94,0,94,-55.31915
08/03/2018 10:42,2017,3,EASTERN EUROPE-EU,CZECH REPUBLIC,2,EAST MIDLANDS INTERNATIONAL,KARLOVY VARY,85,0,85,0,0,0,0
08/03/2018 10:42,2017,3,EASTERN EUROPE-EU,CZECH REPUBLIC,2,EAST MIDLANDS INTERNATIONAL,PRAGUE,25552,25358,194,23362,23362,0,9.3742
08/03/2018 10:42,2017,3,EASTERN EUROPE-EU,CZECH REPUBLIC,2,EDINBURGH,PRAGUE,92761,92761,0,71422,71101,321,29.87735
08/03/2018 10:42,2017,3,EASTERN EUROPE-EU,CZECH REPUBLIC,2,GLASGOW,PRAGUE,31852,31717,135,26487,26313,174,20.25522
08/03/2018 10:42,2017,3,EASTERN EUROPE-EU,CZECH REPUBLIC,2,LEEDS BRADFORD,PRAGUE,25971,25971,0,34145,34145,0,-23.93908
08/03/2018 10:42,2017,3,EASTERN EUROPE-EU,CZECH REPUBLIC,2,LIVERPOOL (JOHN LENNON),PRAGUE,55728,55728,0,12435,12435,0,348.1544
08/03/2018 10:42,2017,3,EASTERN EUROPE-EU,CZECH REPUBLIC,2,MANCHESTER,PRAGUE,173095,173095,0,151612,151612,0,14.16972
08/03/2018 10:42,2017,3,EASTERN EUROPE-EU,CZECH REPUBLIC,2,NEWCASTLE,PRAGUE,25451,25451,0,26194,26194,0,-2.83653
08/03/2018 10:42,2017,3,EASTERN EUROPE-EU,ESTONIA,1,GATWICK,TALLIN,34579,34579,0,31154,31154,0,10.99377
08/03/2018 10:42,2017,3,EASTERN EUROPE-EU,ESTONIA,1,HEATHROW,TALLIN,23662,23662,0,0,0,0,0
08/03/2018 10:42,2017,3,EASTERN EUROPE-EU,ESTONIA,1,STANSTED,TALLIN,74634,74634,0,75076,75076,0,-0.58874
08/03/2018 10:42,2017,3,EASTERN EUROPE-EU,ESTONIA,2,EDINBURGH,TALLIN,0,0,0,144,0,144,-100
08/03/2018 10:42,2017,3,EASTERN EUROPE-EU,ESTONIA,2,LIVERPOOL (JOHN LENNON),TALLIN,0,0,0,280,0,280,-100
08/03/2018 10:42,2017,3,EASTERN EUROPE-EU,HUNGARY,1,GATWICK,BUDAPEST,213527,213527,0,226442,225966,476,-5.70345
08/03/2018 10:42,2017,3,EASTERN EUROPE-EU,HUNGARY,1,HEATHROW,BUDAPEST,333843,333843,0,329022,329022,0,1.46525
08/03/2018 10:42,2017,3,EASTERN EUROPE-EU,HUNGARY,1,LUTON,BUDAPEST,574051,573843,208,572472,572472,0,0.27582
08/03/2018 10:42,2017,3,EASTERN EUROPE-EU,HUNGARY,1,LUTON,DEBRECEN,140778,140778,0,135199,135199,0,4.12651
08/03/2018 10:42,2017,3,EASTERN EUROPE-EU,HUNGARY,1,SOUTHEND,BUDAPEST,13299,13299,0,0,0,0,0
08/03/2018 10:42,2017,3,EASTERN EUROPE-EU,HUNGARY,1,STANSTED,BUDAPEST,390343,390343,0,369838,369838,0,5.54432
08/03/2018 10:42,2017,3,EASTERN EUROPE-EU,HUNGARY,2,ABERDEEN,BUDAPEST,0,0,0,175,175,0,-100
08/03/2018 10:42,2017,3,EASTERN EUROPE-EU,HUNGARY,2,BIRMINGHAM,BUDAPEST,48667,48345,322,45905,45905,0,6.01677
08/03/2018 10:42,2017,3,EASTERN EUROPE-EU,HUNGARY,2,BRISTOL,BUDAPEST,57859,57859,0,56541,56541,0,2.33105
08/03/2018 10:42,2017,3,EASTERN EUROPE-EU,HUNGARY,2,DONCASTER SHEFFIELD,BUDAPEST,382,382,0,135,135,0,182.96296
08/03/2018 10:42,2017,3,EASTERN EUROPE-EU,HUNGARY,2,EAST MIDLANDS INTERNATIONAL,BUDAPEST,64890,64890,0,20735,20735,0,212.94912
08/03/2018 10:42,2017,3,EASTERN EUROPE-EU,HUNGARY,2,EDINBURGH,BUDAPEST,50589,50589,0,44247,44247,0,14.33318
08/03/2018 10:42,2017,3,EASTERN EUROPE-EU,HUNGARY,2,GLASGOW,BUDAPEST,43550,43550,0,42434,42434,0,2.62997
08/03/2018 10:42,2017,3,EASTERN EUROPE-EU,HUNGARY,2,HUMBERSIDE,BUDAPEST,88,0,88,0,0,0,0
08/03/2018 10:42,2017,3,EASTERN EUROPE-EU,HUNGARY,2,LEEDS BRADFORD,BUDAPEST,27274,27274,0,27707,27707,0,-1.56278
08/03/2018 10:42,2017,3,EASTERN EUROPE-EU,HUNGARY,2,LIVERPOOL (JOHN LENNON),BUDAPEST,44200,44200,0,25368,25368,0,74.23526
08/03/2018 10:42,2017,3,EASTERN EUROPE-EU,HUNGARY,2,MANCHESTER,BUDAPEST,151844,151713,131,135779,135437,342,11.83173
08/03/2018 10:42,2017,3,EASTERN EUROPE-EU,LATVIA,1,GATWICK,RIGA,122332,122332,0,108894,108894,0,12.34044
08/03/2018 10:42,2017,3,EASTERN EUROPE-EU,LATVIA,1,LUTON,RIGA,196894,196894,0,171218,171218,0,14.99609
08/03/2018 10:42,2017,3,EASTERN EUROPE-EU,LATVIA,1,STANSTED,RIGA,257854,257854,0,258113,258113,0,-0.10034
08/03/2018 10:42,2017,3,EASTERN EUROPE-EU,LATVIA,2,ABERDEEN,RIGA,10833,10739,94,186,92,94,5724.19355
08/03/2018 10:42,2017,3,EASTERN EUROPE-EU,LATVIA,2,BIRMINGHAM,RIGA,138,138,0,0,0,0,0
08/03/2018 10:42,2017,3,EASTERN EUROPE-EU,LATVIA,2,DONCASTER SHEFFIELD,RIGA,43160,43160,0,38796,38796,0,11.24858
08/03/2018 10:42,2017,3,EASTERN EUROPE-EU,LATVIA,2,EAST MIDLANDS INTERNATIONAL,RIGA,55268,55268,0,58333,58333,0,-5.25432
08/03/2018 10:42,2017,3,EASTERN EUROPE-EU,LATVIA,2,GLASGOW,RIGA,32645,32645,0,29355,29355,0,11.20763
08/03/2018 10:42,2017,3,EASTERN EUROPE-EU,LATVIA,2,LEEDS BRADFORD,RIGA,36265,36265,0,35635,35635,0,1.76792
08/03/2018 10:42,2017,3,EASTERN EUROPE-EU,LATVIA,2,LIVERPOOL (JOHN LENNON),RIGA,32437,32437,0,30712,30712,0,5.6167
08/03/2018 10:42,2017,3,EASTERN EUROPE-EU,LATVIA,2,MANCHESTER,RIGA,53591,53591,0,55687,55687,0,-3.76389
08/03/2018 10:42,2017,3,EASTERN EUROPE-EU,LITHUANIA,1,GATWICK,KAUNAS,0,0,0,46823,46823,0,-100
08/03/2018 10:42,2017,3,EASTERN EUROPE-EU,LITHUANIA,1,GATWICK,VILNIUS,1,0,1,25,0,25,-96
08/03/2018 10:42,2017,3,EASTERN EUROPE-EU,LITHUANIA,1,LUTON,KAUNAS,251071,251046,25,177131,177131,0,41.74312
08/03/2018 10:42,2017,3,EASTERN EUROPE-EU,LITHUANIA,1,LUTON,PALANGA,56109,56109,0,36263,36263,0,54.72796
08/03/2018 10:42,2017,3,EASTERN EUROPE-EU,LITHUANIA,1,LUTON,VILNIUS,247669,247669,0,297840,297840,0,-16.84495
08/03/2018 10:42,2017,3,EASTERN EUROPE-EU,LITHUANIA,1,STANSTED,KAUNAS,82435,82435,0,47462,47462,0,73.68632
08/03/2018 10:42,2017,3,EASTERN EUROPE-EU,LITHUANIA,1,STANSTED,PALANGA,38045,38045,0,29129,29129,0,30.60867
08/03/2018 10:42,2017,3,EASTERN EUROPE-EU,LITHUANIA,1,STANSTED,VILNIUS,107636,107636,0,129487,129487,0,-16.87505
08/03/2018 10:42,2017,3,EASTERN EUROPE-EU,LITHUANIA,2,BELFAST CITY (GEORGE BEST),PALANGA,226,0,226,0,0,0,0
08/03/2018 10:42,2017,3,EASTERN EUROPE-EU,LITHUANIA,2,BELFAST INTERNATIONAL,KAUNAS,3491,3491,0,0,0,0,0
08/03/2018 10:42,2017,3,EASTERN EUROPE-EU,LITHUANIA,2,BELFAST INTERNATIONAL,VILNIUS,31068,31068,0,29897,29897,0,3.91678
08/03/2018 10:42,2017,3,EASTERN EUROPE-EU,LITHUANIA,2,BIRMINGHAM,KAUNAS,521,521,0,8321,8321,0,-93.73873
08/03/2018 10:42,2017,3,EASTERN EUROPE-EU,LITHUANIA,2,BIRMINGHAM,VILNIUS,29915,29915,0,27694,27694,0,8.01979
08/03/2018 10:42,2017,3,EASTERN EUROPE-EU,LITHUANIA,2,BRISTOL,KAUNAS,46861,46861,0,37947,37947,0,23.49066
08/03/2018 10:42,2017,3,EASTERN EUROPE-EU,LITHUANIA,2,DONCASTER SHEFFIELD,KAUNAS,5236,5236,0,0,0,0,0
08/03/2018 10:42,2017,3,EASTERN EUROPE-EU,LITHUANIA,2,DONCASTER SHEFFIELD,PALANGA,7,7,0,0,0,0,0
08/03/2018 10:42,2017,3,EASTERN EUROPE-EU,LITHUANIA,2,DONCASTER SHEFFIELD,VILNIUS,41027,41027,0,41795,41795,0,-1.83754
08/03/2018 10:42,2017,3,EASTERN EUROPE-EU,LITHUANIA,2,EDINBURGH,KAUNAS,22075,22075,0,21099,21099,0,4.62581
08/03/2018 10:42,2017,3,EASTERN EUROPE-EU,LITHUANIA,2,EDINBURGH,VILNIUS,160,0,160,0,0,0,0
08/03/2018 10:42,2017,3,EASTERN EUROPE-EU,LITHUANIA,2,GLASGOW,PALANGA,19980,19980,0,0,0,0,0
08/03/2018 10:42,2017,3,EASTERN EUROPE-EU,LITHUANIA,2,GLASGOW,VILNIUS,166,0,166,15084,14972,112,-98.8995
08/03/2018 10:42,2017,3,EASTERN EUROPE-EU,LITHUANIA,2,LEEDS BRADFORD,VILNIUS,28390,28390,0,5520,5520,0,414.31159
08/03/2018 10:42,2017,3,EASTERN EUROPE-EU,LITHUANIA,2,LIVERPOOL (JOHN LENNON),VILNIUS,30610,30610,0,36432,36432,0,-15.98046
08/03/2018 10:42,2017,3,EASTERN EUROPE-EU,LITHUANIA,2,NEWCASTLE,VILNIUS,179,0,179,0,0,0,0
08/03/2018 10:42,2017,3,EASTERN EUROPE-EU,POLAND,1,GATWICK,GDANSK,1,0,1,0,0,0,0
08/03/2018 10:42,2017,3,EASTERN EUROPE-EU,POLAND,1,GATWICK,KATOWICE,70,0,70,0,0,0,0
08/03/2018 10:42,2017,3,EASTERN EUROPE-EU,POLAND,1,GATWICK,KRAKOW,143924,143052,872,133952,133083,869,7.44446
08/03/2018 10:42,2017,3,EASTERN EUROPE-EU,POLAND,1,GATWICK,POZNAN,42,0,42,0,0,0,0
08/03/2018 10:42,2017,3,EASTERN EUROPE-EU,POLAND,1,GATWICK,RZESZOW,0,0,0,359,0,359,-100
08/03/2018 10:42,2017,3,EASTERN EUROPE-EU,POLAND,1,GATWICK,WARSAW (CHOPIN),15480,15479,1,66994,66994,0,-76.89345
08/03/2018 10:42,2017,3,EASTERN EUROPE-EU,POLAND,1,GATWICK,WROCLAW,0,0,0,107,0,107,-100
08/03/2018 10:42,2017,3,EASTERN EUROPE-EU,POLAND,1,HEATHROW,KRAKOW,96581,96581,0,84174,84174,0,14.73971
08/03/2018 10:42,2017,3,EASTERN EUROPE-EU,POLAND,1,HEATHROW,WARSAW (CHOPIN),444088,444088,0,408657,408657,0,8.67011
08/03/2018 10:42,2017,3,EASTERN EUROPE-EU,POLAND,1,LUTON,BYDGOSZCZ,8764,8764,0,145,145,0,5944.13793
08/03/2018 10:42,2017,3,EASTERN EUROPE-EU,POLAND,1,LUTON,GDANSK,304454,304454,0,268657,268643,14,13.32442
08/03/2018 10:42,2017,3,EASTERN EUROPE-EU,POLAND,1,LUTON,KATOWICE,318964,318964,0,314117,314117,0,1.54306
08/03/2018 10:42,2017,3,EASTERN EUROPE-EU,POLAND,1,LUTON,KRAKOW,459,0,459,808,0,808,-43.19307
08/03/2018 10:42,2017,3,EASTERN EUROPE-EU,POLAND,1,LUTON,LUBLIN (PORT LOTNICZY),113802,113802,0,106103,106103,0,7.25616
08/03/2018 10:42,2017,3,EASTERN EUROPE-EU,POLAND,1,LUTON,POZNAN,173603,173603,0,168258,168258,0,3.17667
08/03/2018 10:42,2017,3,EASTERN EUROPE-EU,POLAND,1,LUTON,RZESZOW,57699,57699,0,56588,56588,0,1.96331
08/03/2018 10:42,2017,3,EASTERN EUROPE-EU,POLAND,1,LUTON,SZCZECIN (GOLENOW),45526,45526,0,47079,47079,0,-3.29871
08/03/2018 10:42,2017,3,EASTERN EUROPE-EU,POLAND,1,LUTON,SZYMANY (MAZURY),41004,41004,0,22897,22897,0,79.08023
08/03/2018 10:42,2017,3,EASTERN EUROPE-EU,POLAND,1,LUTON,WARSAW (CHOPIN),447928,447900,28,400944,400736,208,11.71834
08/03/2018 10:42,2017,3,EASTERN EUROPE-EU,POLAND,1,LUTON,WROCLAW,118620,118620,0,116274,116274,0,2.01765
08/03/2018 10:42,2017,3,EASTERN EUROPE-EU,POLAND,1,STANSTED,BYDGOSZCZ,120524,120524,0,120188,120188,0,0.27956
08/03/2018 10:42,2017,3,EASTERN EUROPE-EU,POLAND,1,STANSTED,GDANSK,208935,208935,0,214893,214893,0,-2.77254
08/03/2018 10:42,2017,3,EASTERN EUROPE-EU,POLAND,1,STANSTED,KATOWICE,129993,129993,0,132021,132021,0,-1.53612
08/03/2018 10:42,2017,3,EASTERN EUROPE-EU,POLAND,1,STANSTED,KRAKOW,347441,346281,1160,352119,351737,382,-1.32853
08/03/2018 10:42,2017,3,EASTERN EUROPE-EU,POLAND,1,STANSTED,LODZ LUBLINEK,110052,110052,0,109484,109484,0,0.5188
08/03/2018 10:42,2017,3,EASTERN EUROPE-EU,POLAND,1,STANSTED,LUBLIN (PORT LOTNICZY),70119,70119,0,69556,69556,0,0.80942
08/03/2018 10:42,2017,3,EASTERN EUROPE-EU,POLAND,1,STANSTED,POZNAN,136055,136055,0,131277,131277,0,3.63963
08/03/2018 10:42,2017,3,EASTERN EUROPE-EU,POLAND,1,STANSTED,RZESZOW,141221,140959,262,144844,144844,0,-2.50131
08/03/2018 10:42,2017,3,EASTERN EUROPE-EU,POLAND,1,STANSTED,SZCZECIN (GOLENOW),108181,108181,0,111168,111168,0,-2.68692
08/03/2018 10:42,2017,3,EASTERN EUROPE-EU,POLAND,1,STANSTED,SZYMANY (MAZURY),51129,51129,0,7262,7262,0,604.06224
08/03/2018 10:42,2017,3,EASTERN EUROPE-EU,POLAND,1,STANSTED,WARSAW (CHOPIN),0,0,0,150,150,0,-100
08/03/2018 10:42,2017,3,EASTERN EUROPE-EU,POLAND,1,STANSTED,WARSAW (MODLIN MASOVIA),412432,412432,0,432509,432509,0,-4.64198
08/03/2018 10:42,2017,3,EASTERN EUROPE-EU,POLAND,1,STANSTED,WROCLAW,223185,223185,0,224462,224462,0,-0.56892
08/03/2018 10:42,2017,3,EASTERN EUROPE-EU,POLAND,2,ABERDEEN,GDANSK,39586,39586,0,36826,36826,0,7.4947
08/03/2018 10:42,2017,3,EASTERN EUROPE-EU,POLAND,2,ABERDEEN,WARSAW (CHOPIN),33282,33282,0,21470,21470,0,55.0163
08/03/2018 10:42,2017,3,EASTERN EUROPE-EU,POLAND,2,BELFAST INTERNATIONAL,GDANSK,34163,34163,0,5004,5004,0,582.71383
08/03/2018 10:42,2017,3,EASTERN EUROPE-EU,POLAND,2,BELFAST INTERNATIONAL,KATOWICE,19259,19259,0,27851,27851,0,-30.84988
08/03/2018 10:42,2017,3,EASTERN EUROPE-EU,POLAND,2,BELFAST INTERNATIONAL,KRAKOW,99585,99145,440,54580,54580,0,82.45694
08/03/2018 10:42,2017,3,EASTERN EUROPE-EU,POLAND,2,BELFAST INTERNATIONAL,WARSAW (MODLIN MASOVIA),33732,33732,0,5761,5761,0,485.52335
08/03/2018 10:42,2017,3,EASTERN EUROPE-EU,POLAND,2,BELFAST INTERNATIONAL,WROCLAW,32386,32386,0,4986,4986,0,549.53871
08/03/2018 10:42,2017,3,EASTERN EUROPE-EU,POLAND,2,BIRMINGHAM,BYDGOSZCZ,54922,54922,0,55647,55647,0,-1.30286
08/03/2018 10:42,2017,3,EASTERN EUROPE-EU,POLAND,2,BIRMINGHAM,GDANSK,37013,37013,0,36874,36874,0,0.37696
08/03/2018 10:42,2017,3,EASTERN EUROPE-EU,POLAND,2,BIRMINGHAM,KATOWICE,36320,36320,0,37018,37018,0,-1.88557
08/03/2018 10:42,2017,3,EASTERN EUROPE-EU,POLAND,2,BIRMINGHAM,KRAKOW,45064,44162,902,39234,38027,1207,14.85956
08/03/2018 10:42,2017,3,EASTERN EUROPE-EU,POLAND,2,BIRMINGHAM,POZNAN,32471,32471,0,31333,31333,0,3.63195
08/03/2018 10:42,2017,3,EASTERN EUROPE-EU,POLAND,2,BIRMINGHAM,RZESZOW,353,353,0,0,0,0,0
08/03/2018 10:42,2017,3,EASTERN EUROPE-EU,POLAND,2,BIRMINGHAM,WARSAW (CHOPIN),49221,49221,0,41967,41967,0,17.28501
08/03/2018 10:42,2017,3,EASTERN EUROPE-EU,POLAND,2,BIRMINGHAM,WARSAW (MODLIN MASOVIA),52167,52167,0,7862,7862,0,563.53345
08/03/2018 10:42,2017,3,EASTERN EUROPE-EU,POLAND,2,BIRMINGHAM,WROCLAW,32257,32257,0,25303,25303,0,27.48291
08/03/2018 10:42,2017,3,EASTERN EUROPE-EU,POLAND,2,BOURNEMOUTH,KRAKOW,33259,33259,0,6234,6234,0,433.50979
08/03/2018 10:42,2017,3,EASTERN EUROPE-EU,POLAND,2,BRISTOL,GDANSK,39456,39456,0,39397,39397,0,0.14976
08/03/2018 10:42,2017,3,EASTERN EUROPE-EU,POLAND,2,BRISTOL,KATOWICE,41759,41759,0,42789,42789,0,-2.40716
08/03/2018 10:42,2017,3,EASTERN EUROPE-EU,POLAND,2,BRISTOL,KRAKOW,126866,126866,0,112119,112119,0,13.15299
08/03/2018 10:42,2017,3,EASTERN EUROPE-EU,POLAND,2,BRISTOL,POZNAN,37584,37584,0,37686,37686,0,-0.27066
08/03/2018 10:42,2017,3,EASTERN EUROPE-EU,POLAND,2,BRISTOL,RZESZOW,37912,37912,0,37904,37904,0,0.02111
08/03/2018 10:42,2017,3,EASTERN EUROPE-EU,POLAND,2,BRISTOL,WARSAW (CHOPIN),28607,28607,0,20217,20217,0,41.49973
08/03/2018 10:42,2017,3,EASTERN EUROPE-EU,POLAND,2,BRISTOL,WARSAW (MODLIN MASOVIA),73841,73841,0,59307,59307,0,24.50638
08/03/2018 10:42,2017,3,EASTERN EUROPE-EU,POLAND,2,BRISTOL,WROCLAW,39225,39225,0,43137,43137,0,-9.06878
08/03/2018 10:42,2017,3,EASTERN EUROPE-EU,POLAND,2,CARDIFF WALES,GDANSK,0,0,0,367,367,0,-100
08/03/2018 10:42,2017,3,EASTERN EUROPE-EU,POLAND,2,CARDIFF WALES,KRAKOW,712,335,377,369,0,369,92.95393
08/03/2018 10:42,2017,3,EASTERN EUROPE-EU,POLAND,2,CARDIFF WALES,WARSAW (MODLIN MASOVIA),305,305,0,0,0,0,0
08/03/2018 10:42,2017,3,EASTERN EUROPE-EU,POLAND,2,DONCASTER SHEFFIELD,GDANSK,83251,83251,0,81458,81458,0,2.20113
08/03/2018 10:42,2017,3,EASTERN EUROPE-EU,POLAND,2,DONCASTER SHEFFIELD,KATOWICE,79937,79937,0,94917,94917,0,-15.78221
08/03/2018 10:42,2017,3,EASTERN EUROPE-EU,POLAND,2,DONCASTER SHEFFIELD,KRAKOW,6,6,0,0,0,0,0
08/03/2018 10:42,2017,3,EASTERN EUROPE-EU,POLAND,2,DONCASTER SHEFFIELD,LUBLIN (PORT LOTNICZY),41032,41032,0,40241,40241,0,1.96566
08/03/2018 10:42,2017,3,EASTERN EUROPE-EU,POLAND,2,DONCASTER SHEFFIELD,POZNAN,71448,71448,0,75906,75906,0,-5.87305
08/03/2018 10:42,2017,3,EASTERN EUROPE-EU,POLAND,2,DONCASTER SHEFFIELD,WARSAW (CHOPIN),62523,62523,0,57298,57298,0,9.11899
08/03/2018 10:42,2017,3,EASTERN EUROPE-EU,POLAND,2,DONCASTER SHEFFIELD,WROCLAW,45745,45745,0,51969,51969,0,-11.97637
08/03/2018 10:42,2017,3,EASTERN EUROPE-EU,POLAND,2,EAST MIDLANDS INTERNATIONAL,GDANSK,185,185,0,0,0,0,0
08/03/2018 10:42,2017,3,EASTERN EUROPE-EU,POLAND,2,EAST MIDLANDS INTERNATIONAL,KRAKOW,57089,56657,432,56202,55769,433,1.57824
08/03/2018 10:42,2017,3,EASTERN EUROPE-EU,POLAND,2,EAST MIDLANDS INTERNATIONAL,LODZ LUBLINEK,37053,37053,0,37846,37846,0,-2.09533
08/03/2018 10:42,2017,3,EASTERN EUROPE-EU,POLAND,2,EAST MIDLANDS INTERNATIONAL,RZESZOW,56476,56476,0,54402,54402,0,3.81236
08/03/2018 10:42,2017,3,EASTERN EUROPE-EU,POLAND,2,EAST MIDLANDS INTERNATIONAL,WARSAW (CHOPIN),0,0,0,161,161,0,-100
08/03/2018 10:42,2017,3,EASTERN EUROPE-EU,POLAND,2,EAST MIDLANDS INTERNATIONAL,WARSAW (MODLIN MASOVIA),50962,50962,0,53702,53702,0,-5.10223
08/03/2018 10:42,2017,3,EASTERN EUROPE-EU,POLAND,2,EAST MIDLANDS INTERNATIONAL,WROCLAW,84643,84643,0,83116,83116,0,1.83719
08/03/2018 10:42,2017,3,EASTERN EUROPE-EU,POLAND,2,EDINBURGH,GDANSK,56604,56604,0,56269,56086,183,0.59535
08/03/2018 10:42,2017,3,EASTERN EUROPE-EU,POLAND,2,EDINBURGH,KATOWICE,6077,6077,0,0,0,0,0
08/03/2018 10:42,2017,3,EASTERN EUROPE-EU,POLAND,2,EDINBURGH,KRAKOW,139227,138764,463,138180,137711,469,0.75771
08/03/2018 10:42,2017,3,EASTERN EUROPE-EU,POLAND,2,EDINBURGH,POZNAN,37863,37863,0,30078,29927,151,25.8827
08/03/2018 10:42,2017,3,EASTERN EUROPE-EU,POLAND,2,EDINBURGH,RZESZOW,0,0,0,375,375,0,-100
08/03/2018 10:42,2017,3,EASTERN EUROPE-EU,POLAND,2,EDINBURGH,WARSAW (CHOPIN),0,0,0,345,0,345,-100
08/03/2018 10:42,2017,3,EASTERN EUROPE-EU,POLAND,2,EDINBURGH,WARSAW (MODLIN MASOVIA),55875,55875,0,9192,9192,0,507.86554
08/03/2018 10:42,2017,3,EASTERN EUROPE-EU,POLAND,2,EDINBURGH,WROCLAW,6552,6552,0,0,0,0,0
08/03/2018 10:42,2017,3,EASTERN EUROPE-EU,POLAND,2,EXETER,KRAKOW,435,0,435,431,0,431,0.92807
08/03/2018 10:42,2017,3,EASTERN EUROPE-EU,POLAND,2,GLASGOW,BYDGOSZCZ,22291,22291,0,29145,29145,0,-23.5169
08/03/2018 10:42,2017,3,EASTERN EUROPE-EU,POLAND,2,GLASGOW,GDANSK,36276,36276,0,33135,33135,0,9.4794
08/03/2018 10:42,2017,3,EASTERN EUROPE-EU,POLAND,2,GLASGOW,KATOWICE,41165,41165,0,38243,38243,0,7.64061
08/03/2018 10:42,2017,3,EASTERN EUROPE-EU,POLAND,2,GLASGOW,KRAKOW,6767,6302,465,467,0,467,1349.0364
08/03/2018 10:42,2017,3,EASTERN EUROPE-EU,POLAND,2,GLASGOW,LUBLIN (PORT LOTNICZY),12496,12496,0,29772,29772,0,-58.02768
08/03/2018 10:42,2017,3,EASTERN EUROPE-EU,POLAND,2,GLASGOW,POZNAN,3490,3490,0,30969,30969,0,-88.73067
08/03/2018 10:42,2017,3,EASTERN EUROPE-EU,POLAND,2,GLASGOW,WARSAW (CHOPIN),29660,29660,0,41970,41970,0,-29.33047
08/03/2018 10:42,2017,3,EASTERN EUROPE-EU,POLAND,2,GLASGOW,WARSAW (MODLIN MASOVIA),54171,54011,160,55198,55198,0,-1.86057
08/03/2018 10:42,2017,3,EASTERN EUROPE-EU,POLAND,2,GLASGOW,WROCLAW,37541,37541,0,38175,38175,0,-1.66077
08/03/2018 10:42,2017,3,EASTERN EUROPE-EU,POLAND,2,LEEDS BRADFORD,GDANSK,66456,66456,0,67486,67486,0,-1.52624
08/03/2018 10:42,2017,3,EASTERN EUROPE-EU,POLAND,2,LEEDS BRADFORD,KRAKOW,74355,74355,0,58652,57953,699,26.77317
08/03/2018 10:42,2017,3,EASTERN EUROPE-EU,POLAND,2,LEEDS BRADFORD,WARSAW (CHOPIN),123,123,0,0,0,0,0
08/03/2018 10:42,2017,3,EASTERN EUROPE-EU,POLAND,2,LEEDS BRADFORD,WARSAW (MODLIN MASOVIA),35870,35870,0,5884,5884,0,509.61931
08/03/2018 10:42,2017,3,EASTERN EUROPE-EU,POLAND,2,LEEDS BRADFORD,WROCLAW,5601,5601,0,0,0,0,0
08/03/2018 10:42,2017,3,EASTERN EUROPE-EU,POLAND,2,LIVERPOOL (JOHN LENNON),GDANSK,59324,59324,0,57342,57342,0,3.45645
08/03/2018 10:42,2017,3,EASTERN EUROPE-EU,POLAND,2,LIVERPOOL (JOHN LENNON),KATOWICE,39524,39524,0,28997,28997,0,36.30376
08/03/2018 10:42,2017,3,EASTERN EUROPE-EU,POLAND,2,LIVERPOOL (JOHN LENNON),KRAKOW,101917,101917,0,101251,101251,0,0.65777
08/03/2018 10:42,2017,3,EASTERN EUROPE-EU,POLAND,2,LIVERPOOL (JOHN LENNON),LUBLIN (PORT LOTNICZY),18928,18928,0,0,0,0,0
08/03/2018 10:42,2017,3,EASTERN EUROPE-EU,POLAND,2,LIVERPOOL (JOHN LENNON),POZNAN,40265,40265,0,39307,39307,0,2.43722
08/03/2018 10:42,2017,3,EASTERN EUROPE-EU,POLAND,2,LIVERPOOL (JOHN LENNON),SZCZECIN (GOLENOW),35713,35713,0,27601,27601,0,29.39024
08/03/2018 10:42,2017,3,EASTERN EUROPE-EU,POLAND,2,LIVERPOOL (JOHN LENNON),WARSAW (CHOPIN),42723,42723,0,34305,34305,0,24.5387
08/03/2018 10:42,2017,3,EASTERN EUROPE-EU,POLAND,2,LIVERPOOL (JOHN LENNON),WARSAW (MODLIN MASOVIA),71456,71456,0,71247,71247,0,0.29335
08/03/2018 10:42,2017,3,EASTERN EUROPE-EU,POLAND,2,LIVERPOOL (JOHN LENNON),WROCLAW,51850,51850,0,58026,58026,0,-10.6435
08/03/2018 10:42,2017,3,EASTERN EUROPE-EU,POLAND,2,MANCHESTER,GDANSK,47818,47818,0,36737,36737,0,30.16305
08/03/2018 10:42,2017,3,EASTERN EUROPE-EU,POLAND,2,MANCHESTER,KRAKOW,159808,159048,760,88784,88324,460,79.9964
08/03/2018 10:42,2017,3,EASTERN EUROPE-EU,POLAND,2,MANCHESTER,RZESZOW,38747,38747,0,37993,37993,0,1.98458
08/03/2018 10:42,2017,3,EASTERN EUROPE-EU,POLAND,2,MANCHESTER,WARSAW (CHOPIN),178,178,0,0,0,0,0
08/03/2018 10:42,2017,3,EASTERN EUROPE-EU,POLAND,2,MANCHESTER,WARSAW (MODLIN MASOVIA),54394,54394,0,55814,55814,0,-2.54416
08/03/2018 10:42,2017,3,EASTERN EUROPE-EU,POLAND,2,MANCHESTER,WROCLAW,49992,49992,0,8943,8943,0,459.00704
08/03/2018 10:42,2017,3,EASTERN EUROPE-EU,POLAND,2,NEWCASTLE,GDANSK,27182,27182,0,4697,4697,0,478.70981
08/03/2018 10:42,2017,3,EASTERN EUROPE-EU,POLAND,2,NEWCASTLE,KRAKOW,27171,27171,0,27196,26800,396,-0.09193
08/03/2018 10:42,2017,3,EASTERN EUROPE-EU,POLAND,2,NEWCASTLE,WARSAW (MODLIN MASOVIA),32105,31931,174,4962,4962,0,547.01733
08/03/2018 10:42,2017,3,EASTERN EUROPE-EU,POLAND,2,NEWCASTLE,WROCLAW,32931,32931,0,5022,5022,0,555.73477
08/03/2018 10:42,2017,3,EASTERN EUROPE-EU,POLAND,2,PRESTWICK,RZESZOW,5985,5985,0,0,0,0,0
08/03/2018 10:42,2017,3,EASTERN EUROPE-EU,POLAND,2,PRESTWICK,WARSAW (MODLIN MASOVIA),161,0,161,0,0,0,0
08/03/2018 10:42,2017,3,EASTERN EUROPE-EU,POLAND,2,PRESTWICK,WROCLAW,166,166,0,0,0,0,0
08/03/2018 10:42,2017,3,EASTERN EUROPE-EU,POLAND,2,SOUTHAMPTON,KRAKOW,149,149,0,0,0,0,0
08/03/2018 10:42,2017,3,EASTERN EUROPE-EU,ROMANIA,1,GATWICK,BUCHAREST (OTOPENI),122456,122456,0,70183,70183,0,74.481
08/03/2018 10:42,2017,3,EASTERN EUROPE-EU,ROMANIA,1,HEATHROW,BUCHAREST (OTOPENI),260726,260726,0,263321,263321,0,-0.98549
08/03/2018 10:42,2017,3,EASTERN EUROPE-EU,ROMANIA,1,LUTON,BACAU,87117,87117,0,77591,77591,0,12.2772
08/03/2018 10:42,2017,3,EASTERN EUROPE-EU,ROMANIA,1,LUTON,BUCHAREST (OTOPENI),565616,565616,0,513647,513647,0,10.11765
08/03/2018 10:42,2017,3,EASTERN EUROPE-EU,ROMANIA,1,LUTON,CLUJ NAPOCA,327118,327091,27,240485,240465,20,36.02428
08/03/2018 10:42,2017,3,EASTERN EUROPE-EU,ROMANIA,1,LUTON,CONSTANTA,44127,44127,0,32844,32844,0,34.35331
08/03/2018 10:42,2017,3,EASTERN EUROPE-EU,ROMANIA,1,LUTON,CRAIOVA,109332,109332,0,79203,79203,0,38.04023
08/03/2018 10:42,2017,3,EASTERN EUROPE-EU,ROMANIA,1,LUTON,IASI,187463,187463,0,140416,140416,0,33.50544
08/03/2018 10:42,2017,3,EASTERN EUROPE-EU,ROMANIA,1,LUTON,SATU MARE,33967,33967,0,5328,5328,0,537.51877
08/03/2018 10:42,2017,3,EASTERN EUROPE-EU,ROMANIA,1,LUTON,SIBIU,76306,76306,0,60676,60676,0,25.75977
08/03/2018 10:42,2017,3,EASTERN EUROPE-EU,ROMANIA,1,LUTON,SUCEAVA,77703,77703,0,20364,20364,0,281.57042
08/03/2018 10:42,2017,3,EASTERN EUROPE-EU,ROMANIA,1,LUTON,TIMISOARA,114113,114113,0,106716,106603,113,6.93148
08/03/2018 10:42,2017,3,EASTERN EUROPE-EU,ROMANIA,1,LUTON,TIRGU MURES,0,0,0,62356,62356,0,-100
08/03/2018 10:42,2017,3,EASTERN EUROPE-EU,ROMANIA,1,STANSTED,BUCHAREST (BANEASA),0,0,0,59,0,59,-100
08/03/2018 10:42,2017,3,EASTERN EUROPE-EU,ROMANIA,1,STANSTED,BUCHAREST (OTOPENI),240103,240103,0,257720,257720,0,-6.83571
08/03/2018 10:42,2017,3,EASTERN EUROPE-EU,ROMANIA,1,STANSTED,ORADEA,16029,16029,0,0,0,0,0
08/03/2018 10:42,2017,3,EASTERN EUROPE-EU,ROMANIA,1,STANSTED,TIMISOARA,123389,123389,0,38818,38818,0,217.86542
08/03/2018 10:42,2017,3,EASTERN EUROPE-EU,ROMANIA,2,BIRMINGHAM,BUCHAREST (OTOPENI),55389,55389,0,22000,22000,0,151.76818
08/03/2018 10:42,2017,3,EASTERN EUROPE-EU,ROMANIA,2,BIRMINGHAM,CLUJ NAPOCA,4869,4869,0,0,0,0,0
08/03/2018 10:42,2017,3,EASTERN EUROPE-EU,ROMANIA,2,BIRMINGHAM,CONSTANTA,167,167,0,0,0,0,0
08/03/2018 10:42,2017,3,EASTERN EUROPE-EU,ROMANIA,2,BRISTOL,BUCHAREST (OTOPENI),33890,33890,0,3601,3601,0,841.12746
08/03/2018 10:42,2017,3,EASTERN EUROPE-EU,ROMANIA,2,DONCASTER SHEFFIELD,BUCHAREST (OTOPENI),55155,55155,0,45818,45818,0,20.37845
08/03/2018 10:42,2017,3,EASTERN EUROPE-EU,ROMANIA,2,DONCASTER SHEFFIELD,CLUJ NAPOCA,33735,33735,0,13517,13517,0,149.57461
08/03/2018 10:42,2017,3,EASTERN EUROPE-EU,ROMANIA,2,DONCASTER SHEFFIELD,CRAIOVA,175,175,0,0,0,0,0
08/03/2018 10:42,2017,3,EASTERN EUROPE-EU,ROMANIA,2,EDINBURGH,BUCHAREST (OTOPENI),134,134,0,0,0,0,0
08/03/2018 10:42,2017,3,EASTERN EUROPE-EU,ROMANIA,2,GLASGOW,BUCHAREST (OTOPENI),65754,65754,0,58222,58222,0,12.93669
08/03/2018 10:42,2017,3,EASTERN EUROPE-EU,ROMANIA,2,GLASGOW,IASI,4937,4937,0,0,0,0,0
08/03/2018 10:42,2017,3,EASTERN EUROPE-EU,ROMANIA,2,LIVERPOOL (JOHN LENNON),BACAU,26180,26180,0,19715,19715,0,32.79229
08/03/2018 10:42,2017,3,EASTERN EUROPE-EU,ROMANIA,2,LIVERPOOL (JOHN LENNON),BUCHAREST (OTOPENI),63320,63320,0,50559,50559,0,25.23982
08/03/2018 10:42,2017,3,EASTERN EUROPE-EU,ROMANIA,2,LIVERPOOL (JOHN LENNON),CLUJ NAPOCA,23442,23442,0,14832,14832,0,58.05016
08/03/2018 10:42,2017,3,EASTERN EUROPE-EU,ROMANIA,2,LIVERPOOL (JOHN LENNON),CRAIOVA,23489,23489,0,0,0,0,0
08/03/2018 10:42,2017,3,EASTERN EUROPE-EU,ROMANIA,2,LIVERPOOL (JOHN LENNON),TIMISOARA,97,97,0,0,0,0,0
08/03/2018 10:42,2017,3,EASTERN EUROPE-EU,ROMANIA,2,MANCHESTER,BUCHAREST (OTOPENI),340,0,340,305,0,305,11.47541
08/03/2018 10:42,2017,3,EASTERN EUROPE-EU,SLOVAK REPUBLIC,1,GATWICK,BRATISLAVA,6,0,6,0,0,0,0
08/03/2018 10:42,2017,3,EASTERN EUROPE-EU,SLOVAK REPUBLIC,1,LUTON,BRATISLAVA,0,0,0,59167,58986,181,-100
08/03/2018 10:42,2017,3,EASTERN EUROPE-EU,SLOVAK REPUBLIC,1,LUTON,KOSICE,126078,126078,0,135116,135116,0,-6.68907
08/03/2018 10:42,2017,3,EASTERN EUROPE-EU,SLOVAK REPUBLIC,1,LUTON,TATRY-POPRAD,53970,53970,0,62002,62002,0,-12.95442
08/03/2018 10:42,2017,3,EASTERN EUROPE-EU,SLOVAK REPUBLIC,1,STANSTED,BRATISLAVA,195107,194703,404,236563,236563,0,-17.5243
08/03/2018 10:42,2017,3,EASTERN EUROPE-EU,SLOVAK REPUBLIC,2,BIRMINGHAM,BRATISLAVA,56782,55605,1177,55113,55113,0,3.02832
08/03/2018 10:42,2017,3,EASTERN EUROPE-EU,SLOVAK REPUBLIC,2,BRISTOL,KOSICE,12074,12074,0,29766,29766,0,-59.43694
08/03/2018 10:42,2017,3,EASTERN EUROPE-EU,SLOVAK REPUBLIC,2,CARDIFF WALES,BRATISLAVA,0,0,0,5,0,5,-100
08/03/2018 10:42,2017,3,EASTERN EUROPE-EU,SLOVAK REPUBLIC,2,DONCASTER SHEFFIELD,KOSICE,45491,45491,0,40533,40533,0,12.23201
08/03/2018 10:42,2017,3,EASTERN EUROPE-EU,SLOVAK REPUBLIC,2,EDINBURGH,BRATISLAVA,38610,38610,0,30771,30771,0,25.47529
08/03/2018 10:42,2017,3,EASTERN EUROPE-EU,SLOVAK REPUBLIC,2,GLASGOW,BRATISLAVA,724,0,724,152,0,152,376.31579
08/03/2018 10:42,2017,3,EASTERN EUROPE-EU,SLOVAK REPUBLIC,2,LEEDS BRADFORD,BRATISLAVA,34501,34501,0,4967,4967,0,594.60439
08/03/2018 10:42,2017,3,EASTERN EUROPE-EU,SLOVAK REPUBLIC,2,LIVERPOOL (JOHN LENNON),BRATISLAVA,0,0,0,12818,12818,0,-100
08/03/2018 10:42,2017,3,EASTERN EUROPE-EU,SLOVAK REPUBLIC,2,LIVERPOOL (JOHN LENNON),TATRY-POPRAD,131,0,131,0,0,0,0
08/03/2018 10:42,2017,3,EASTERN EUROPE-EU,SLOVAK REPUBLIC,2,MANCHESTER,BRATISLAVA,56268,56268,0,41912,41912,0,34.25272
08/03/2018 10:42,2017,4,EASTERN EUROPE -OTHER,ALBANIA,1,GATWICK,TIRANA,96156,84677,11479,84525,73389,11136,13.76043
08/03/2018 10:42,2017,4,EASTERN EUROPE -OTHER,ALBANIA,1,STANSTED,TIRANA,2031,0,2031,2468,0,2468,-17.70665
08/03/2018 10:42,2017,4,EASTERN EUROPE -OTHER,ALBANIA,2,DURHAM TEES VALLEY,TIRANA,1,0,1,0,0,0,0
08/03/2018 10:42,2017,4,EASTERN EUROPE -OTHER,AZERBAIJAN,1,GATWICK,BAKU (HEYDER ALIYEV INT'L),689,0,689,0,0,0,0
08/03/2018 10:42,2017,4,EASTERN EUROPE -OTHER,AZERBAIJAN,1,HEATHROW,BAKU (HEYDER ALIYEV INT'L),47985,47985,0,57801,57801,0,-16.98241
08/03/2018 10:42,2017,4,EASTERN EUROPE -OTHER,AZERBAIJAN,1,LUTON,BAKU (HEYDER ALIYEV INT'L),1011,0,1011,756,0,756,33.73016
08/03/2018 10:42,2017,4,EASTERN EUROPE -OTHER,AZERBAIJAN,2,BELFAST INTERNATIONAL,BAKU (HEYDER ALIYEV INT'L),39,0,39,168,0,168,-76.78571
08/03/2018 10:42,2017,4,EASTERN EUROPE -OTHER,BELARUS,1,GATWICK,MINSK INT'L ,28954,28835,119,24733,24733,0,17.06627
08/03/2018 10:42,2017,4,EASTERN EUROPE -OTHER,BELARUS,1,LUTON,MINSK INT'L ,141,0,141,0,0,0,0
08/03/2018 10:42,2017,4,EASTERN EUROPE -OTHER,BELARUS,2,BELFAST INTERNATIONAL,MINSK LOSHITSA,0,0,0,40,0,40,-100
08/03/2018 10:42,2017,4,EASTERN EUROPE -OTHER,BELARUS,2,MANCHESTER,MINSK INT'L ,2936,2936,0,2655,2655,0,10.5838
08/03/2018 10:42,2017,4,EASTERN EUROPE -OTHER,GEORGIA,1,GATWICK,TBILISI,7144,7144,0,0,0,0,0
08/03/2018 10:42,2017,4,EASTERN EUROPE -OTHER,GEORGIA,1,LUTON,KUTAISI,13992,13992,0,0,0,0,0
08/03/2018 10:42,2017,4,EASTERN EUROPE -OTHER,GEORGIA,1,LUTON,TBILISI,0,0,0,6,0,6,-100
08/03/2018 10:42,2017,4,EASTERN EUROPE -OTHER,GEORGIA,2,CARDIFF WALES,TBILISI,197,0,197,0,0,0,0
08/03/2018 10:42,2017,4,EASTERN EUROPE -OTHER,KAZAKHSTAN,1,HEATHROW,ALMATY,0,0,0,200,0,200,-100
08/03/2018 10:42,2017,4,EASTERN EUROPE -OTHER,KAZAKHSTAN,1,HEATHROW,ASTANA,41678,41678,0,32872,32872,0,26.78876
08/03/2018 10:42,2017,4,EASTERN EUROPE -OTHER,KAZAKHSTAN,1,LUTON,ALMATY,2,0,2,212,0,212,-99.0566
08/03/2018 10:42,2017,4,EASTERN EUROPE -OTHER,KAZAKHSTAN,2,GLASGOW,ASTANA,237,0,237,130,0,130,82.30769
08/03/2018 10:42,2017,4,EASTERN EUROPE -OTHER,REPUBLIC OF MOLDOVA,1,LUTON,CHISINAU (KISHINEV),83154,83154,0,61699,61699,0,34.77366
08/03/2018 10:42,2017,4,EASTERN EUROPE -OTHER,REPUBLIC OF MOLDOVA,1,STANSTED,CHISINAU (KISHINEV),60058,60058,0,43885,43885,0,36.85314
08/03/2018 10:42,2017,4,EASTERN EUROPE -OTHER,REPUBLIC OF MOLDOVA,2,BIRMINGHAM,CHISINAU (KISHINEV),0,0,0,172,172,0,-100
08/03/2018 10:42,2017,4,EASTERN EUROPE -OTHER,REPUBLIC OF MOLDOVA,2,CARDIFF WALES,CHISINAU (KISHINEV),120,0,120,74,0,74,62.16216
08/03/2018 10:42,2017,4,EASTERN EUROPE -OTHER,RUSSIA,1,GATWICK,ADLER / SOCHI,0,0,0,1160,0,1160,-100
08/03/2018 10:42,2017,4,EASTERN EUROPE -OTHER,RUSSIA,1,GATWICK,MOSCOW (DOMODEDOVO),0,0,0,19894,19894,0,-100
08/03/2018 10:42,2017,4,EASTERN EUROPE -OTHER,RUSSIA,1,GATWICK,MOSCOW (SHEREMETYEVO),81042,81042,0,8995,8995,0,800.9672
08/03/2018 10:42,2017,4,EASTERN EUROPE -OTHER,RUSSIA,1,HEATHROW,ADLER / SOCHI,119,0,119,0,0,0,0
08/03/2018 10:42,2017,4,EASTERN EUROPE -OTHER,RUSSIA,1,HEATHROW,KHANTY-MANSIYSK,0,0,0,184,184,0,-100
08/03/2018 10:42,2017,4,EASTERN EUROPE -OTHER,RUSSIA,1,HEATHROW,MOSCOW (DOMODEDOVO),261437,261311,126,247423,247423,0,5.66398
08/03/2018 10:42,2017,4,EASTERN EUROPE -OTHER,RUSSIA,1,HEATHROW,MOSCOW (SHEREMETYEVO),422025,422025,0,366209,366209,0,15.24157
08/03/2018 10:42,2017,4,EASTERN EUROPE -OTHER,RUSSIA,1,HEATHROW,MOSCOW (VNUKOVO),0,0,0,14,14,0,-100
08/03/2018 10:42,2017,4,EASTERN EUROPE -OTHER,RUSSIA,1,HEATHROW,ST PETERSBURG,93026,93026,0,86566,86566,0,7.46251
08/03/2018 10:42,2017,4,EASTERN EUROPE -OTHER,RUSSIA,1,LUTON,ADLER / SOCHI,918,0,918,172,0,172,433.72093
08/03/2018 10:42,2017,4,EASTERN EUROPE -OTHER,RUSSIA,1,LUTON,MOSCOW (SHEREMETYEVO),0,0,0,158,0,158,-100
08/03/2018 10:42,2017,4,EASTERN EUROPE -OTHER,RUSSIA,1,LUTON,MOSCOW (VNUKOVO),167,0,167,84,0,84,98.80952
08/03/2018 10:42,2017,4,EASTERN EUROPE -OTHER,RUSSIA,1,LUTON,NOVOSIBIRSK (TOLMACHEVO),0,0,0,1,0,1,-100
08/03/2018 10:42,2017,4,EASTERN EUROPE -OTHER,RUSSIA,1,LUTON,ST PETERSBURG,0,0,0,11,0,11,-100
08/03/2018 10:42,2017,4,EASTERN EUROPE -OTHER,RUSSIA,1,STANSTED,ST PETERSBURG,0,0,0,145,145,0,-100
08/03/2018 10:42,2017,4,EASTERN EUROPE -OTHER,RUSSIA,2,EDINBURGH,MOSCOW (VNUKOVO),0,0,0,26,0,26,-100
08/03/2018 10:42,2017,4,EASTERN EUROPE -OTHER,RUSSIA,2,GLASGOW,MOSCOW (SHEREMETYEVO),0,0,0,84,0,84,-100
08/03/2018 10:42,2017,4,EASTERN EUROPE -OTHER,RUSSIA,2,LIVERPOOL (JOHN LENNON),MOSCOW (SHEREMETYEVO),433,0,433,0,0,0,0
08/03/2018 10:42,2017,4,EASTERN EUROPE -OTHER,RUSSIA,2,MANCHESTER,BOLSHOYE SAVINO,0,0,0,66,0,66,-100
08/03/2018 10:42,2017,4,EASTERN EUROPE -OTHER,RUSSIA,2,MANCHESTER,MOSCOW (SHEREMETYEVO),398,0,398,0,0,0,0
08/03/2018 10:42,2017,4,EASTERN EUROPE -OTHER,RUSSIA,2,MANCHESTER,ROSTOV,133,0,133,0,0,0,0
08/03/2018 10:42,2017,4,EASTERN EUROPE -OTHER,RUSSIA,2,MANCHESTER,ST PETERSBURG,0,0,0,1,1,0,-100
08/03/2018 10:42,2017,4,EASTERN EUROPE -OTHER,TURKMENISTAN,1,HEATHROW,ASHKHABAD,9987,9987,0,12093,12093,0,-17.41503
08/03/2018 10:42,2017,4,EASTERN EUROPE -OTHER,TURKMENISTAN,2,BIRMINGHAM,ASHKHABAD,42756,42756,0,35474,35474,0,20.52771
08/03/2018 10:42,2017,4,EASTERN EUROPE -OTHER,UKRAINE,1,GATWICK,KIEV (BORISPOL),170437,170437,0,157426,157426,0,8.26484
08/03/2018 10:42,2017,4,EASTERN EUROPE -OTHER,UKRAINE,1,GATWICK,KIEV (ZHULYANY),0,0,0,147,147,0,-100
08/03/2018 10:42,2017,4,EASTERN EUROPE -OTHER,UKRAINE,1,HEATHROW,KIEV (BORISPOL),80344,80344,0,78349,78349,0,2.5463
08/03/2018 10:42,2017,4,EASTERN EUROPE -OTHER,UKRAINE,1,LUTON,KIEV (BORISPOL),926,926,0,246,244,2,276.42276
08/03/2018 10:42,2017,4,EASTERN EUROPE -OTHER,UKRAINE,1,LUTON,KIEV (ZHULYANY),41528,41528,0,31227,31208,19,32.98748
08/03/2018 10:42,2017,4,EASTERN EUROPE -OTHER,UKRAINE,1,LUTON,LVOV,0,0,0,3,0,3,-100
08/03/2018 10:42,2017,4,EASTERN EUROPE -OTHER,UKRAINE,1,LUTON,ODESSA,0,0,0,4,0,4,-100
08/03/2018 10:42,2017,4,EASTERN EUROPE -OTHER,UKRAINE,2,BIRMINGHAM,KIEV (ZHULYANY),110,0,110,0,0,0,0
08/03/2018 10:42,2017,4,EASTERN EUROPE -OTHER,UKRAINE,2,CARDIFF WALES,KIEV (ZHULYANY),0,0,0,139,0,139,-100
08/03/2018 10:42,2017,4,EASTERN EUROPE -OTHER,UKRAINE,2,LEEDS BRADFORD,KIEV (BORISPOL),80,80,0,0,0,0,0
08/03/2018 10:42,2017,4,EASTERN EUROPE -OTHER,UKRAINE,2,MANCHESTER,KHARKOV OSNOVA INTL,565,0,565,0,0,0,0
08/03/2018 10:42,2017,4,EASTERN EUROPE -OTHER,UKRAINE,2,MANCHESTER,KIEV (BORISPOL),210,0,210,0,0,0,0
08/03/2018 10:42,2017,4,EASTERN EUROPE -OTHER,UKRAINE,2,MANCHESTER,KIEV (ZHULYANY),0,0,0,595,0,595,-100
08/03/2018 10:42,2017,4,EASTERN EUROPE -OTHER,UKRAINE,2,MANCHESTER,ODESSA,0,0,0,571,0,571,-100
08/03/2018 10:42,2017,4,EASTERN EUROPE -OTHER,UKRAINE,2,MANCHESTER,ZAPOROZHYE,0,0,0,93,0,93,-100
08/03/2018 10:42,2017,4,EASTERN EUROPE -OTHER,UZBEKISTAN,1,HEATHROW,TASHKENT,26138,26138,0,23545,23545,0,11.01295
08/03/2018 10:42,2017,25,NEAR EAST,ISRAEL,1,GATWICK,TEL AVIV,34115,33744,371,44782,44782,0,-23.81984
08/03/2018 10:42,2017,25,NEAR EAST,ISRAEL,1,HEATHROW,TEL AVIV,607277,607277,0,568922,568664,258,6.7417
08/03/2018 10:42,2017,25,NEAR EAST,ISRAEL,1,LUTON,OVDA,3644,3255,389,4592,4293,299,-20.6446
08/03/2018 10:42,2017,25,NEAR EAST,ISRAEL,1,LUTON,TEL AVIV,417773,414376,3397,370135,366993,3142,12.87044
08/03/2018 10:42,2017,25,NEAR EAST,ISRAEL,1,STANSTED,TEL AVIV,19751,19657,94,0,0,0,0
08/03/2018 10:42,2017,25,NEAR EAST,ISRAEL,2,BIRMINGHAM,TEL AVIV,148,148,0,0,0,0,0
08/03/2018 10:42,2017,25,NEAR EAST,ISRAEL,2,BOURNEMOUTH,TEL AVIV,0,0,0,94,0,94,-100
08/03/2018 10:42,2017,25,NEAR EAST,ISRAEL,2,GLASGOW,TEL AVIV,0,0,0,321,0,321,-100
08/03/2018 10:42,2017,25,NEAR EAST,ISRAEL,2,MANCHESTER,TEL AVIV,68479,68479,0,59234,59234,0,15.60759
08/03/2018 10:42,2017,25,NEAR EAST,JORDAN,1,GATWICK,AQABA,568,0,568,340,120,220,67.05882
08/03/2018 10:42,2017,25,NEAR EAST,JORDAN,1,HEATHROW,AMMAN,219105,219105,0,209751,209751,0,4.45957
08/03/2018 10:42,2017,25,NEAR EAST,JORDAN,1,LUTON,AMMAN (KING HUSSEIN),0,0,0,4,0,4,-100
08/03/2018 10:42,2017,25,NEAR EAST,JORDAN,1,STANSTED,AMMAN,0,0,0,248,0,248,-100
08/03/2018 10:42,2017,25,NEAR EAST,JORDAN,2,BELFAST INTERNATIONAL,AMMAN,130,0,130,80,0,80,62.5
08/03/2018 10:42,2017,25,NEAR EAST,JORDAN,2,BIRMINGHAM,AQABA,570,0,570,576,0,576,-1.04167
08/03/2018 10:42,2017,25,NEAR EAST,JORDAN,2,GLASGOW,AQABA,578,0,578,496,0,496,16.53226
08/03/2018 10:42,2017,25,NEAR EAST,JORDAN,2,LEEDS BRADFORD,AMMAN,189,0,189,0,0,0,0
08/03/2018 10:42,2017,25,NEAR EAST,JORDAN,2,MANCHESTER,AMMAN,0,0,0,161,0,161,-100
08/03/2018 10:42,2017,25,NEAR EAST,JORDAN,2,MANCHESTER,AQABA,564,0,564,576,0,576,-2.08333
08/03/2018 10:42,2017,25,NEAR EAST,LEBANON,1,HEATHROW,BEIRUT,292894,292894,0,271359,271359,0,7.93598
08/03/2018 10:42,2017,25,NEAR EAST,LEBANON,2,BELFAST INTERNATIONAL,BEIRUT,91,0,91,61,0,61,49.18033
08/03/2018 10:42,2017,25,NEAR EAST,LEBANON,2,BIRMINGHAM,BEIRUT,239,0,239,0,0,0,0
08/03/2018 10:42,2017,25,NEAR EAST,LEBANON,2,CARDIFF WALES,BEIRUT,0,0,0,115,0,115,-100
08/03/2018 10:42,2017,25,NEAR EAST,LEBANON,2,GLASGOW,BEIRUT,0,0,0,123,0,123,-100
08/03/2018 10:42,2017,25,NEAR EAST,LEBANON,2,LEEDS BRADFORD,BEIRUT,189,0,189,230,0,230,-17.82609
08/03/2018 10:42,2017,25,NEAR EAST,LEBANON,2,NEWCASTLE,BEIRUT,0,0,0,178,0,178,-100
08/03/2018 10:42,2017,30,NORTH AFRICA,ALGERIA,1,GATWICK,ALGIERS,52299,52299,0,51063,51063,0,2.42054
08/03/2018 10:42,2017,30,NORTH AFRICA,ALGERIA,1,HEATHROW,ALGIERS,76544,76544,0,76807,76807,0,-0.34242
08/03/2018 10:42,2017,30,NORTH AFRICA,ALGERIA,1,LUTON,ALGIERS,0,0,0,6,0,6,-100
08/03/2018 10:42,2017,30,NORTH AFRICA,ALGERIA,1,STANSTED,HASSI MESSAOUD,0,0,0,5585,0,5585,-100
08/03/2018 10:42,2017,30,NORTH AFRICA,ALGERIA,2,BOURNEMOUTH,ALGIERS,1,1,0,0,0,0,0
08/03/2018 10:42,2017,30,NORTH AFRICA,EGYPT,1,GATWICK,HURGHADA,182655,139494,43161,133686,48278,85408,36.62986
08/03/2018 10:42,2017,30,NORTH AFRICA,EGYPT,1,GATWICK,LUXOR,0,0,0,3794,0,3794,-100
08/03/2018 10:42,2017,30,NORTH AFRICA,EGYPT,1,GATWICK,MARSA ALAM,21076,21076,0,16800,0,16800,25.45238
08/03/2018 10:42,2017,30,NORTH AFRICA,EGYPT,1,GATWICK,SHARM EL SHEIKH (OPHIRA),0,0,0,2,0,2,-100
08/03/2018 10:42,2017,30,NORTH AFRICA,EGYPT,1,HEATHROW,CAIRO,378097,378097,0,351703,351703,0,7.50463
08/03/2018 10:42,2017,30,NORTH AFRICA,EGYPT,1,HEATHROW,LUXOR,7167,7167,0,5105,5105,0,40.39177
08/03/2018 10:42,2017,30,NORTH AFRICA,EGYPT,1,LUTON,CAIRO,0,0,0,1,0,1,-100
08/03/2018 10:42,2017,30,NORTH AFRICA,EGYPT,1,LUTON,HURGHADA,0,0,0,18,0,18,-100
08/03/2018 10:42,2017,30,NORTH AFRICA,EGYPT,1,STANSTED,HURGHADA,135,0,135,0,0,0,0
08/03/2018 10:42,2017,30,NORTH AFRICA,EGYPT,2,BIRMINGHAM,HURGHADA,35136,16495,18641,19664,0,19664,78.68186
08/03/2018 10:42,2017,30,NORTH AFRICA,EGYPT,2,BIRMINGHAM,MARSA ALAM,3200,3200,0,0,0,0,0
08/03/2018 10:42,2017,30,NORTH AFRICA,EGYPT,2,EAST MIDLANDS INTERNATIONAL,HURGHADA,0,0,0,4300,0,4300,-100
08/03/2018 10:42,2017,30,NORTH AFRICA,EGYPT,2,GLASGOW,HURGHADA,3605,3605,0,0,0,0,0
08/03/2018 10:42,2017,30,NORTH AFRICA,EGYPT,2,MANCHESTER,HURGHADA,124993,81517,43476,79564,9531,70033,57.09743
08/03/2018 10:42,2017,30,NORTH AFRICA,EGYPT,2,NEWCASTLE,HURGHADA,11796,11796,0,0,0,0,0
08/03/2018 10:42,2017,30,NORTH AFRICA,MOROCCO,1,GATWICK,AGADIR (AL MASSIRA),92309,92229,80,85625,84144,1481,7.80613
08/03/2018 10:42,2017,30,NORTH AFRICA,MOROCCO,1,GATWICK,CASABLANCA MOHAMED V,55889,55889,0,46604,46604,0,19.92318
08/03/2018 10:42,2017,30,NORTH AFRICA,MOROCCO,1,GATWICK,FEZ,5298,5298,0,0,0,0,0
08/03/2018 10:42,2017,30,NORTH AFRICA,MOROCCO,1,GATWICK,MARRAKESH,327835,327833,2,303777,303666,111,7.91963
08/03/2018 10:42,2017,30,NORTH AFRICA,MOROCCO,1,GATWICK,OUARZAZATE,819,0,819,787,0,787,4.06607
08/03/2018 10:42,2017,30,NORTH AFRICA,MOROCCO,1,GATWICK,RABAT,6940,6647,293,21085,20850,235,-67.08561
08/03/2018 10:42,2017,30,NORTH AFRICA,MOROCCO,1,GATWICK,TANGIERS (IBN BATUTA),25428,25428,0,23589,23589,0,7.79601
08/03/2018 10:42,2017,30,NORTH AFRICA,MOROCCO,1,HEATHROW,CASABLANCA MOHAMED V,86369,86369,0,89851,89851,0,-3.8753
08/03/2018 10:42,2017,30,NORTH AFRICA,MOROCCO,1,HEATHROW,MARRAKESH,0,0,0,516,516,0,-100
08/03/2018 10:42,2017,30,NORTH AFRICA,MOROCCO,1,HEATHROW,RABAT,10292,10292,0,0,0,0,0
08/03/2018 10:42,2017,30,NORTH AFRICA,MOROCCO,1,LUTON,ESSAOUIRA,31249,31249,0,28147,28147,0,11.02071
08/03/2018 10:42,2017,30,NORTH AFRICA,MOROCCO,1,LUTON,MARRAKESH,59749,59749,0,69887,69738,149,-14.50627
08/03/2018 10:42,2017,30,NORTH AFRICA,MOROCCO,1,LUTON,RABAT,44,0,44,9,0,9,388.88889
08/03/2018 10:42,2017,30,NORTH AFRICA,MOROCCO,1,STANSTED,AGADIR (AL MASSIRA),37553,37553,0,5392,5392,0,596.45772
08/03/2018 10:42,2017,30,NORTH AFRICA,MOROCCO,1,STANSTED,FEZ,36425,36425,0,34475,34475,0,5.65627
08/03/2018 10:42,2017,30,NORTH AFRICA,MOROCCO,1,STANSTED,MARRAKESH,132231,128455,3776,127361,126506,855,3.82378
08/03/2018 10:42,2017,30,NORTH AFRICA,MOROCCO,1,STANSTED,RABAT,53775,53775,0,52542,52542,0,2.34669
08/03/2018 10:42,2017,30,NORTH AFRICA,MOROCCO,2,BIRMINGHAM,MARRAKESH,19381,19173,208,18588,18479,109,4.26619
08/03/2018 10:42,2017,30,NORTH AFRICA,MOROCCO,2,BRISTOL,AGADIR (AL MASSIRA),4,4,0,0,0,0,0
08/03/2018 10:42,2017,30,NORTH AFRICA,MOROCCO,2,BRISTOL,MARRAKESH,18989,18989,0,32601,32601,0,-41.75332
08/03/2018 10:42,2017,30,NORTH AFRICA,MOROCCO,2,GLASGOW,MARRAKESH,0,0,0,15753,15753,0,-100
08/03/2018 10:42,2017,30,NORTH AFRICA,MOROCCO,2,LEEDS BRADFORD,AGADIR (AL MASSIRA),18,0,18,0,0,0,0
08/03/2018 10:42,2017,30,NORTH AFRICA,MOROCCO,2,LEEDS BRADFORD,TANGIERS (IBN BATUTA),17,0,17,0,0,0,0
08/03/2018 10:42,2017,30,NORTH AFRICA,MOROCCO,2,LIVERPOOL (JOHN LENNON),MARRAKESH,35787,35787,0,5572,5484,88,542.2649
08/03/2018 10:42,2017,30,NORTH AFRICA,MOROCCO,2,MANCHESTER,AGADIR (AL MASSIRA),47662,47662,0,44716,44716,0,6.58825
08/03/2018 10:42,2017,30,NORTH AFRICA,MOROCCO,2,MANCHESTER,CASABLANCA MOHAMED V,21519,21519,0,0,0,0,0
08/03/2018 10:42,2017,30,NORTH AFRICA,MOROCCO,2,MANCHESTER,MARRAKESH,83727,81333,2394,86114,85791,323,-2.77191
08/03/2018 10:42,2017,30,NORTH AFRICA,TUNISIA,1,GATWICK,TUNIS,28758,28758,0,23703,23703,0,21.32641
08/03/2018 10:42,2017,30,NORTH AFRICA,TUNISIA,1,HEATHROW,TUNIS,45179,45179,0,43423,43423,0,4.04394
08/03/2018 10:42,2017,30,NORTH AFRICA,TUNISIA,1,STANSTED,TUNIS,29,0,29,0,0,0,0
08/03/2018 10:42,2017,35,EAST AFRICA,ETHIOPIA,1,HEATHROW,ADDIS ABABA,190483,190483,0,176975,176975,0,7.63272
08/03/2018 10:42,2017,35,EAST AFRICA,KENYA,1,HEATHROW,NAIROBI,337920,337920,0,310425,310425,0,8.85721
08/03/2018 10:42,2017,35,EAST AFRICA,RWANDA,1,GATWICK,KIGALI,14132,14132,0,0,0,0,0
08/03/2018 10:42,2017,35,EAST AFRICA,TANZANIA,2,LIVERPOOL (JOHN LENNON),DAR-ES-SALAAM,140,0,140,0,0,0,0
08/03/2018 10:42,2017,40,WEST AFRICA,GAMBIA,1,GATWICK,BANJUL,42775,21980,20795,49078,29033,20045,-12.84282
08/03/2018 10:42,2017,40,WEST AFRICA,GAMBIA,2,BIRMINGHAM,BANJUL,11480,11474,6,10749,10749,0,6.80063
08/03/2018 10:42,2017,40,WEST AFRICA,GAMBIA,2,MANCHESTER,BANJUL,18822,18605,217,27473,27473,0,-31.4891
08/03/2018 10:42,2017,40,WEST AFRICA,GHANA,1,GATWICK,ACCRA,460,0,460,534,0,534,-13.85768
08/03/2018 10:42,2017,40,WEST AFRICA,GHANA,1,HEATHROW,ACCRA,208615,208615,0,213543,213543,0,-2.30773
08/03/2018 10:42,2017,40,WEST AFRICA,NIGERIA,1,GATWICK,LAGOS,63944,63596,348,53618,53618,0,19.25846
08/03/2018 10:42,2017,40,WEST AFRICA,NIGERIA,1,HEATHROW,ABUJA,98457,98457,0,106766,106766,0,-7.78244
08/03/2018 10:42,2017,40,WEST AFRICA,NIGERIA,1,HEATHROW,LAGOS,340449,340449,0,393612,393612,0,-13.50645
08/03/2018 10:42,2017,40,WEST AFRICA,NIGERIA,1,LUTON,ABUJA,3,0,3,0,0,0,0
08/03/2018 10:42,2017,40,WEST AFRICA,NIGERIA,1,SOUTHEND,IBADAN,144,144,0,0,0,0,0
08/03/2018 10:42,2017,40,WEST AFRICA,SENEGAL,2,MANCHESTER,DAKAR,221,221,0,0,0,0,0
08/03/2018 10:42,2017,45,CENTRAL AFRICA,ANGOLA,1,HEATHROW,LUANDA,11122,11122,0,17449,17449,0,-36.25996
08/03/2018 10:42,2017,50,SOUTHERN AFRICA,REPUBLIC OF SOUTH AFRICA,1,GATWICK,CAPE TOWN,45188,45188,0,10164,10164,0,344.58874
08/03/2018 10:42,2017,50,SOUTHERN AFRICA,REPUBLIC OF SOUTH AFRICA,1,HEATHROW,CAPE TOWN,330897,330897,0,324307,324307,0,2.03203
08/03/2018 10:42,2017,50,SOUTHERN AFRICA,REPUBLIC OF SOUTH AFRICA,1,HEATHROW,JOHANNESBURG,954716,954716,0,966897,966897,0,-1.2598
08/03/2018 10:42,2017,50,SOUTHERN AFRICA,REPUBLIC OF SOUTH AFRICA,2,GLASGOW,JOHANNESBURG,0,0,0,5,0,5,-100
08/03/2018 10:42,2017,55,MIDDLE EAST,BAHRAIN,1,HEATHROW,BAHRAIN,328920,328920,0,284005,284005,0,15.81486
08/03/2018 10:42,2017,55,MIDDLE EAST,IRAN,1,HEATHROW,TEHRAN IMAM KHOMEINI,153207,153207,0,78027,78027,0,96.35126
08/03/2018 10:42,2017,55,MIDDLE EAST,IRAN,1,LUTON,TEHRAN,0,0,0,4,0,4,-100
08/03/2018 10:42,2017,55,MIDDLE EAST,IRAQ,1,GATWICK,BAGHDAD (GECA),7814,7784,30,6451,6392,59,21.12851
08/03/2018 10:42,2017,55,MIDDLE EAST,IRAQ,1,GATWICK,SULAYMANIYAH INT,7164,7164,0,8274,8274,0,-13.41552
08/03/2018 10:42,2017,55,MIDDLE EAST,IRAQ,2,MANCHESTER,BAGHDAD (GECA),9645,9645,0,781,781,0,1134.95519
08/03/2018 10:42,2017,55,MIDDLE EAST,KUWAIT,1,HEATHROW,KUWAIT,384392,384392,0,279983,279983,0,37.29119
08/03/2018 10:42,2017,55,MIDDLE EAST,KUWAIT,1,LUTON,KUWAIT,0,0,0,18,0,18,-100
08/03/2018 10:42,2017,55,MIDDLE EAST,KUWAIT,2,BIRMINGHAM,KUWAIT,0,0,0,220,220,0,-100
08/03/2018 10:42,2017,55,MIDDLE EAST,OMAN,1,HEATHROW,MUSCAT,331675,331675,0,252613,252613,0,31.29768
08/03/2018 10:42,2017,55,MIDDLE EAST,OMAN,2,MANCHESTER,MUSCAT,69078,69078,0,0,0,0,0
08/03/2018 10:42,2017,55,MIDDLE EAST,QATAR,1,HEATHROW,DOHA HAMAD,1287225,1287197,28,1206752,1206571,181,6.66856
08/03/2018 10:42,2017,55,MIDDLE EAST,QATAR,1,STANSTED,DOHA HAMAD,185,185,0,0,0,0,0
08/03/2018 10:42,2017,55,MIDDLE EAST,QATAR,2,BIRMINGHAM,DOHA HAMAD,126331,126331,0,110585,110585,0,14.23882
08/03/2018 10:42,2017,55,MIDDLE EAST,QATAR,2,EDINBURGH,DOHA HAMAD,132788,132788,0,133983,133983,0,-0.8919
08/03/2018 10:42,2017,55,MIDDLE EAST,QATAR,2,GLASGOW,DOHA HAMAD,496,496,0,0,0,0,0
08/03/2018 10:42,2017,55,MIDDLE EAST,QATAR,2,MANCHESTER,DOHA HAMAD,327247,327247,0,336461,336461,0,-2.7385
08/03/2018 10:42,2017,55,MIDDLE EAST,SAUDI ARABIA,1,HEATHROW,JEDDAH,230160,230160,0,248046,248046,0,-7.21076
08/03/2018 10:42,2017,55,MIDDLE EAST,SAUDI ARABIA,1,HEATHROW,MEDINA,2302,2302,0,3929,3929,0,-41.41003
08/03/2018 10:42,2017,55,MIDDLE EAST,SAUDI ARABIA,1,HEATHROW,RIYADH,250805,250805,0,253021,253021,0,-0.87582
08/03/2018 10:42,2017,55,MIDDLE EAST,SAUDI ARABIA,1,LUTON,DHAHRAN,0,0,0,4,0,4,-100
08/03/2018 10:42,2017,55,MIDDLE EAST,SAUDI ARABIA,1,LUTON,JEDDAH,0,0,0,3,0,3,-100
08/03/2018 10:42,2017,55,MIDDLE EAST,SAUDI ARABIA,1,LUTON,RIYADH,0,0,0,9,0,9,-100
08/03/2018 10:42,2017,55,MIDDLE EAST,SAUDI ARABIA,2,MANCHESTER,JEDDAH,91908,91908,0,86930,86930,0,5.72645
08/03/2018 10:42,2017,55,MIDDLE EAST,SAUDI ARABIA,2,MANCHESTER,MEDINA,187,187,0,186,186,0,0.53763
08/03/2018 10:42,2017,55,MIDDLE EAST,SAUDI ARABIA,2,MANCHESTER,RIYADH,9462,9462,0,0,0,0,0
08/03/2018 10:42,2017,55,MIDDLE EAST,UNITED ARAB EMIRATES,1,GATWICK,DUBAI,966466,966466,0,920462,920462,0,4.99792
08/03/2018 10:42,2017,55,MIDDLE EAST,UNITED ARAB EMIRATES,1,GATWICK,DUBAI (WORLD CENTRAL),7209,0,7209,1105,0,1105,552.39819
08/03/2018 10:42,2017,55,MIDDLE EAST,UNITED ARAB EMIRATES,1,HEATHROW,ABU DHABI INTERNATIONAL,1004473,1004473,0,929020,929020,0,8.12178
08/03/2018 10:42,2017,55,MIDDLE EAST,UNITED ARAB EMIRATES,1,HEATHROW,DUBAI,2873011,2873011,0,2651776,2651776,0,8.3429
08/03/2018 10:42,2017,55,MIDDLE EAST,UNITED ARAB EMIRATES,1,LUTON,ABU DHABI - BATEEN,0,0,0,33,0,33,-100
08/03/2018 10:42,2017,55,MIDDLE EAST,UNITED ARAB EMIRATES,1,LUTON,DUBAI,0,0,0,2,0,2,-100
08/03/2018 10:42,2017,55,MIDDLE EAST,UNITED ARAB EMIRATES,2,BIRMINGHAM,DUBAI,744477,744477,0,704632,704632,0,5.65472
08/03/2018 10:42,2017,55,MIDDLE EAST,UNITED ARAB EMIRATES,2,BIRMINGHAM,DUBAI (WORLD CENTRAL),6111,0,6111,1076,0,1076,467.9368
08/03/2018 10:42,2017,55,MIDDLE EAST,UNITED ARAB EMIRATES,2,CARDIFF WALES,DUBAI (WORLD CENTRAL),1136,0,1136,0,0,0,0
08/03/2018 10:42,2017,55,MIDDLE EAST,UNITED ARAB EMIRATES,2,EAST MIDLANDS INTERNATIONAL,DUBAI (WORLD CENTRAL),106,0,106,0,0,0,0
08/03/2018 10:42,2017,55,MIDDLE EAST,UNITED ARAB EMIRATES,2,EDINBURGH,ABU DHABI INTERNATIONAL,117646,117646,0,127346,127346,0,-7.61704
08/03/2018 10:42,2017,55,MIDDLE EAST,UNITED ARAB EMIRATES,2,GLASGOW,DUBAI,466953,466953,0,428098,428098,0,9.07619
08/03/2018 10:42,2017,55,MIDDLE EAST,UNITED ARAB EMIRATES,2,GLASGOW,DUBAI (WORLD CENTRAL),1146,0,1146,280,0,280,309.28571
08/03/2018 10:42,2017,55,MIDDLE EAST,UNITED ARAB EMIRATES,2,LIVERPOOL (JOHN LENNON),DUBAI (WORLD CENTRAL),99,0,99,0,0,0,0
08/03/2018 10:42,2017,55,MIDDLE EAST,UNITED ARAB EMIRATES,2,MANCHESTER,ABU DHABI INTERNATIONAL,429034,428835,199,436139,436139,0,-1.62907
08/03/2018 10:42,2017,55,MIDDLE EAST,UNITED ARAB EMIRATES,2,MANCHESTER,DUBAI,990269,990269,0,932315,932315,0,6.21614
08/03/2018 10:42,2017,55,MIDDLE EAST,UNITED ARAB EMIRATES,2,MANCHESTER,DUBAI (WORLD CENTRAL),7995,0,7995,1661,0,1661,381.33654
08/03/2018 10:42,2017,55,MIDDLE EAST,UNITED ARAB EMIRATES,2,NEWCASTLE,DUBAI,237856,237856,0,231047,231047,0,2.94702
08/03/2018 10:42,2017,55,MIDDLE EAST,UNITED ARAB EMIRATES,2,NEWCASTLE,DUBAI (WORLD CENTRAL),865,574,291,291,0,291,197.25086
08/03/2018 10:42,2017,60,INDIAN SUB-CONTINENT,BANGLADESH,1,HEATHROW,DHAKHA,73116,73116,0,71419,71419,0,2.37612
08/03/2018 10:42,2017,60,INDIAN SUB-CONTINENT,BANGLADESH,1,HEATHROW,SYLHET,48927,48927,0,52875,52875,0,-7.46667
08/03/2018 10:42,2017,60,INDIAN SUB-CONTINENT,INDIA,1,GATWICK,GOA,42331,25480,16851,39460,19102,20358,7.27572
08/03/2018 10:42,2017,60,INDIAN SUB-CONTINENT,INDIA,1,HEATHROW,AHMEDABAD,66719,66719,0,31524,31524,0,111.6451
08/03/2018 10:42,2017,60,INDIAN SUB-CONTINENT,INDIA,1,HEATHROW,AMRITSAR,5003,5003,0,6927,6927,0,-27.77537
08/03/2018 10:42,2017,60,INDIAN SUB-CONTINENT,INDIA,1,HEATHROW,BANGALORE (BENGALURU),171746,171746,0,167169,167169,0,2.73795
08/03/2018 10:42,2017,60,INDIAN SUB-CONTINENT,INDIA,1,HEATHROW,CHENNAI,132218,132218,0,131092,131092,0,0.85894
08/03/2018 10:42,2017,60,INDIAN SUB-CONTINENT,INDIA,1,HEATHROW,DELHI,1023509,1023509,0,1042532,1042532,0,-1.82469
08/03/2018 10:42,2017,60,INDIAN SUB-CONTINENT,INDIA,1,HEATHROW,HYDERABAD ( RAJIV GHANDI ),136468,136468,0,135936,135936,0,0.39136
08/03/2018 10:42,2017,60,INDIAN SUB-CONTINENT,INDIA,1,HEATHROW,MUMBAI,963977,963977,0,916714,916714,0,5.1557
08/03/2018 10:42,2017,60,INDIAN SUB-CONTINENT,INDIA,1,LUTON,JAIPUR,0,0,0,56,0,56,-100
08/03/2018 10:42,2017,60,INDIAN SUB-CONTINENT,INDIA,2,BIRMINGHAM,AMRITSAR,76931,76931,0,50591,50591,0,52.0646
08/03/2018 10:42,2017,60,INDIAN SUB-CONTINENT,INDIA,2,BIRMINGHAM,DELHI,78706,78706,0,89747,89747,0,-12.30236
08/03/2018 10:42,2017,60,INDIAN SUB-CONTINENT,INDIA,2,BIRMINGHAM,GOA,1662,0,1662,0,0,0,0
08/03/2018 10:42,2017,60,INDIAN SUB-CONTINENT,INDIA,2,MANCHESTER,GOA,46755,33761,12994,31184,26810,4374,49.93266
08/03/2018 10:42,2017,60,INDIAN SUB-CONTINENT,PAKISTAN,1,GATWICK,ISLAMABAD,1067,0,1067,650,80,570,64.15385
08/03/2018 10:42,2017,60,INDIAN SUB-CONTINENT,PAKISTAN,1,HEATHROW,ISLAMABAD,124286,124286,0,98916,98916,0,25.64802
08/03/2018 10:42,2017,60,INDIAN SUB-CONTINENT,PAKISTAN,1,HEATHROW,KARACHI,44720,44720,0,43763,43763,0,2.18678
08/03/2018 10:42,2017,60,INDIAN SUB-CONTINENT,PAKISTAN,1,HEATHROW,LAHORE,86623,86623,0,75075,75075,0,15.38195
08/03/2018 10:42,2017,60,INDIAN SUB-CONTINENT,PAKISTAN,2,BIRMINGHAM,ISLAMABAD,81275,81275,0,85642,85642,0,-5.09913
08/03/2018 10:42,2017,60,INDIAN SUB-CONTINENT,PAKISTAN,2,MANCHESTER,ISLAMABAD,186185,186185,0,218981,218981,0,-14.97664
08/03/2018 10:42,2017,60,INDIAN SUB-CONTINENT,PAKISTAN,2,MANCHESTER,KARACHI,1951,1951,0,2622,2622,0,-25.59115
08/03/2018 10:42,2017,60,INDIAN SUB-CONTINENT,PAKISTAN,2,MANCHESTER,LAHORE,50251,50251,0,44890,44890,0,11.94253
08/03/2018 10:42,2017,60,INDIAN SUB-CONTINENT,SRI LANKA,1,GATWICK,COLOMBO,10620,0,10620,3477,0,3477,205.43572
08/03/2018 10:42,2017,60,INDIAN SUB-CONTINENT,SRI LANKA,1,HEATHROW,COLOMBO,218075,218075,0,208816,208816,0,4.43405
08/03/2018 10:42,2017,60,INDIAN SUB-CONTINENT,SRI LANKA,1,HEATHROW,MATTALA RAJAPAKSA,3,3,0,0,0,0,0
08/03/2018 10:42,2017,65,FAR EAST,BRUNEI,1,HEATHROW,BANDAR SERI BEGAWAN,78340,78340,0,77577,77577,0,0.98354
08/03/2018 10:42,2017,65,FAR EAST,CHINA,1,GATWICK,CHONGQING JIANGBEI INTERNATIONAL,20795,20795,0,6719,6719,0,209.49546
08/03/2018 10:42,2017,65,FAR EAST,CHINA,1,GATWICK,SHANGHAI (PU DONG),198,198,0,0,0,0,0
08/03/2018 10:42,2017,65,FAR EAST,CHINA,1,GATWICK,TIANJIN,19441,19441,0,11587,11587,0,67.78286
08/03/2018 10:42,2017,65,FAR EAST,CHINA,1,GATWICK,XIAMEN,12,0,12,5,0,5,140
08/03/2018 10:42,2017,65,FAR EAST,CHINA,1,HEATHROW,BEIJING,485503,485061,442,494984,494984,0,-1.91542
08/03/2018 10:42,2017,65,FAR EAST,CHINA,1,HEATHROW,CHENGDU,1562,1562,0,57107,57107,0,-97.26478
08/03/2018 10:42,2017,65,FAR EAST,CHINA,1,HEATHROW,GUANGZHOU BAIYUN INTERNATIONAL,208653,208653,0,134854,134854,0,54.72511
08/03/2018 10:42,2017,65,FAR EAST,CHINA,1,HEATHROW,SHANGHAI (PU DONG),486159,486159,0,464022,464022,0,4.77068
08/03/2018 10:42,2017,65,FAR EAST,CHINA,1,STANSTED,BEIJING,258,0,258,0,0,0,0
08/03/2018 10:42,2017,65,FAR EAST,CHINA,2,BIRMINGHAM,BEIJING,209,209,0,0,0,0,0
08/03/2018 10:42,2017,65,FAR EAST,CHINA,2,MANCHESTER,BEIJING,90191,90191,0,54969,54860,109,64.07612
08/03/2018 10:42,2017,65,FAR EAST,CHINA,2,MANCHESTER,SHANGHAI (PU DONG),0,0,0,110,0,110,-100
08/03/2018 10:42,2017,65,FAR EAST,CHINA,2,MANCHESTER,SHENZHEN (HUANGTIAN),0,0,0,112,0,112,-100
08/03/2018 10:42,2017,65,FAR EAST,HONG KONG,1,GATWICK,HONG KONG (CHEK LAP KOK),145058,145058,0,33325,33325,0,335.28282
08/03/2018 10:42,2017,65,FAR EAST,HONG KONG,1,HEATHROW,HONG KONG (CHEK LAP KOK),1588805,1588805,0,1574741,1574741,0,0.8931
08/03/2018 10:42,2017,65,FAR EAST,HONG KONG,2,BIRMINGHAM,HONG KONG (CHEK LAP KOK),0,0,0,345,345,0,-100
08/03/2018 10:42,2017,65,FAR EAST,HONG KONG,2,MANCHESTER,HONG KONG (CHEK LAP KOK),131841,131639,202,121625,121625,0,8.39959
08/03/2018 10:42,2017,65,FAR EAST,INDONESIA,1,GATWICK,JAKARTA (SOEKARNO-HATTA INTNL),0,0,0,8323,8323,0,-100
08/03/2018 10:42,2017,65,FAR EAST,INDONESIA,1,HEATHROW,JAKARTA (SOEKARNO-HATTA INTNL),34893,34893,0,28052,28052,0,24.38685
08/03/2018 10:42,2017,65,FAR EAST,JAPAN,1,HEATHROW,TOKYO (HANEDA),487627,487627,0,458382,458382,0,6.38005
08/03/2018 10:42,2017,65,FAR EAST,JAPAN,1,HEATHROW,TOKYO (NARITA),137817,137817,0,149651,149651,0,-7.90773
08/03/2018 10:42,2017,65,FAR EAST,MALAYSIA,1,HEATHROW,KUALA LUMPUR (SEPANG),692039,692039,0,622852,622852,0,11.1081
08/03/2018 10:42,2017,65,FAR EAST,PHILIPPINES,1,HEATHROW,MANILA,130309,130309,0,108664,108664,0,19.9192
08/03/2018 10:42,2017,65,FAR EAST,REPUBLIC OF KOREA,1,HEATHROW,SEOUL (INCHEON),506857,506857,0,473602,473569,33,7.02172
08/03/2018 10:42,2017,65,FAR EAST,REPUBLIC OF KOREA,2,GLASGOW,SEOUL (INCHEON),985,0,985,0,0,0,0
08/03/2018 10:42,2017,65,FAR EAST,REPUBLIC OF KOREA,2,GLASGOW,SEOUL AFB,0,0,0,199,0,199,-100
08/03/2018 10:42,2017,65,FAR EAST,SINGAPORE,1,GATWICK,SINGAPORE,25548,25548,0,0,0,0,0
08/03/2018 10:42,2017,65,FAR EAST,SINGAPORE,1,HEATHROW,SINGAPORE,1234806,1234806,0,1198727,1198727,0,3.00978
08/03/2018 10:42,2017,65,FAR EAST,SINGAPORE,2,MANCHESTER,SINGAPORE,85443,85443,0,97512,97512,0,-12.37694
08/03/2018 10:42,2017,65,FAR EAST,TAIWAN,1,GATWICK,TAIPEI,9447,9447,0,0,0,0,0
08/03/2018 10:42,2017,65,FAR EAST,TAIWAN,1,HEATHROW,TAIPEI,35682,35682,0,44681,44681,0,-20.14055
08/03/2018 10:42,2017,65,FAR EAST,THAILAND,1,GATWICK,KRABI,1207,0,1207,0,0,0,0
08/03/2018 10:42,2017,65,FAR EAST,THAILAND,1,GATWICK,PHUKET,16469,0,16469,14543,0,14543,13.24348
08/03/2018 10:42,2017,65,FAR EAST,THAILAND,1,HEATHROW,BANGKOK SUVARNABHUMI ,850446,850446,0,773105,773105,0,10.00395
08/03/2018 10:42,2017,65,FAR EAST,THAILAND,2,BIRMINGHAM,PHUKET,1259,0,1259,0,0,0,0
08/03/2018 10:42,2017,65,FAR EAST,THAILAND,2,LIVERPOOL (JOHN LENNON),BANGKOK SUVARNABHUMI ,50,0,50,0,0,0,0
08/03/2018 10:42,2017,65,FAR EAST,THAILAND,2,MANCHESTER,PHUKET,6524,0,6524,2501,0,2501,160.85566
08/03/2018 10:42,2017,65,FAR EAST,VIETNAM,1,GATWICK,PHU QUOC INTERNATIONAL,3892,0,3892,0,0,0,0
08/03/2018 10:42,2017,65,FAR EAST,VIETNAM,1,HEATHROW,HANOI,84975,84975,0,72965,72965,0,16.45995
08/03/2018 10:42,2017,65,FAR EAST,VIETNAM,1,HEATHROW,HO CHI MINH CITY,65357,65357,0,59873,59873,0,9.15939
08/03/2018 10:42,2017,70,AUSTRALASIA,AUSTRALIA,1,HEATHROW,BRISBANE,335,0,335,332,0,332,0.90361
08/03/2018 10:42,2017,70,AUSTRALASIA,AUSTRALIA,1,HEATHROW,MELBOURNE,142615,142615,0,134547,134211,336,5.99642
08/03/2018 10:42,2017,70,AUSTRALASIA,AUSTRALIA,1,HEATHROW,SYDNEY,261176,260844,332,290552,289883,669,-10.11041
08/03/2018 10:42,2017,70,AUSTRALASIA,AUSTRALIA,1,STANSTED,SYDNEY,0,0,0,1042,0,1042,-100
08/03/2018 10:42,2017,70,AUSTRALASIA,AUSTRALIA,2,LIVERPOOL (JOHN LENNON),SYDNEY,60,0,60,0,0,0,0
08/03/2018 10:42,2017,70,AUSTRALASIA,NEW ZEALAND,1,HEATHROW,AUCKLAND INTERNATIONAL,17566,17566,0,36071,36071,0,-51.3016
08/03/2018 10:42,2017,75,CANADA,CANADA,1,GATWICK,CALGARY,131049,131049,0,99035,99035,0,32.32595
08/03/2018 10:42,2017,75,CANADA,CANADA,1,GATWICK,EDMONTON,10008,10008,0,22870,22870,0,-56.23962
08/03/2018 10:42,2017,75,CANADA,CANADA,1,GATWICK,MONTREAL (DORVAL),25624,25624,0,24304,24304,0,5.4312
08/03/2018 10:42,2017,75,CANADA,CANADA,1,GATWICK,OTTAWA INTERNATIONAL,38032,38032,0,36146,36146,0,5.21773
08/03/2018 10:42,2017,75,CANADA,CANADA,1,GATWICK,ST JOHNS,0,0,0,242,242,0,-100
08/03/2018 10:42,2017,75,CANADA,CANADA,1,GATWICK,TORONTO,429508,429508,0,387774,387774,0,10.76245
08/03/2018 10:42,2017,75,CANADA,CANADA,1,GATWICK,VANCOUVER,197016,197016,0,171121,171121,0,15.13257
08/03/2018 10:42,2017,75,CANADA,CANADA,1,GATWICK,WINNIPEG,4907,4907,0,10480,10480,0,-53.17748
08/03/2018 10:42,2017,75,CANADA,CANADA,1,HEATHROW,CALGARY,305003,305003,0,287730,287730,0,6.0032
08/03/2018 10:42,2017,75,CANADA,CANADA,1,HEATHROW,HALIFAX INT,78785,78785,0,77811,77811,0,1.25175
08/03/2018 10:42,2017,75,CANADA,CANADA,1,HEATHROW,MONTREAL (DORVAL),320668,320668,0,311076,311076,0,3.08349
08/03/2018 10:42,2017,75,CANADA,CANADA,1,HEATHROW,OTTAWA INTERNATIONAL,113286,113286,0,115498,115498,0,-1.91518
08/03/2018 10:42,2017,75,CANADA,CANADA,1,HEATHROW,ST JOHNS,33467,33467,0,35434,35434,0,-5.55117
08/03/2018 10:42,2017,75,CANADA,CANADA,1,HEATHROW,TORONTO,1047947,1047947,0,1053524,1053208,316,-0.52937
08/03/2018 10:42,2017,75,CANADA,CANADA,1,HEATHROW,VANCOUVER,504218,504218,0,567804,567804,0,-11.19858
08/03/2018 10:42,2017,75,CANADA,CANADA,1,LUTON,GANDER,0,0,0,6,0,6,-100
08/03/2018 10:42,2017,75,CANADA,CANADA,2,BIRMINGHAM,TORONTO,13734,13734,0,12302,12290,12,11.64038
08/03/2018 10:42,2017,75,CANADA,CANADA,2,EDINBURGH,TORONTO,27714,27714,0,25707,25707,0,7.80721
08/03/2018 10:42,2017,75,CANADA,CANADA,2,GLASGOW,HALIFAX INT,130,130,0,118,118,0,10.16949
08/03/2018 10:42,2017,75,CANADA,CANADA,2,GLASGOW,MONTREAL (DORVAL),0,0,0,4158,4158,0,-100
08/03/2018 10:42,2017,75,CANADA,CANADA,2,GLASGOW,ST JOHNS,134,134,0,0,0,0,0
08/03/2018 10:42,2017,75,CANADA,CANADA,2,GLASGOW,TORONTO,126888,126888,0,123313,123313,0,2.89913
08/03/2018 10:42,2017,75,CANADA,CANADA,2,GLASGOW,VANCOUVER,13137,13137,0,13213,13213,0,-0.57519
08/03/2018 10:42,2017,75,CANADA,CANADA,2,LEEDS BRADFORD,TORONTO,37,0,37,0,0,0,0
08/03/2018 10:42,2017,75,CANADA,CANADA,2,MANCHESTER,CALGARY,0,0,0,16637,16637,0,-100
08/03/2018 10:42,2017,75,CANADA,CANADA,2,MANCHESTER,EDMONTON,3,3,0,0,0,0,0
08/03/2018 10:42,2017,75,CANADA,CANADA,2,MANCHESTER,ST JOHNS,158,158,0,0,0,0,0
08/03/2018 10:42,2017,75,CANADA,CANADA,2,MANCHESTER,TORONTO,112321,112192,129,105480,105480,0,6.48559
08/03/2018 10:42,2017,75,CANADA,CANADA,2,MANCHESTER,VANCOUVER,30706,30706,0,27590,27590,0,11.29395
08/03/2018 10:42,2017,75,CANADA,CANADA,2,NEWCASTLE,HALIFAX INT,0,0,0,39,0,39,-100
08/03/2018 10:42,2017,75,CANADA,CANADA,2,PRESTWICK,TORONTO,0,0,0,93,0,93,-100
08/03/2018 10:42,2017,80,UNITED STATES OF AMERICA,USA,1,GATWICK,BOSTON,136407,136407,0,94713,94713,0,44.02141
08/03/2018 10:42,2017,80,UNITED STATES OF AMERICA,USA,1,GATWICK,CHARLOTTE,145,0,145,0,0,0,0
08/03/2018 10:42,2017,80,UNITED STATES OF AMERICA,USA,1,GATWICK,CHICAGO (O'HARE),1,0,1,0,0,0,0
08/03/2018 10:42,2017,80,UNITED STATES OF AMERICA,USA,1,GATWICK,DALLAS/FORT WORTH,13,0,13,0,0,0,0
08/03/2018 10:42,2017,80,UNITED STATES OF AMERICA,USA,1,GATWICK,DENVER INTERNATIONAL,18848,18848,0,0,0,0,0
08/03/2018 10:42,2017,80,UNITED STATES OF AMERICA,USA,1,GATWICK,DETROIT,0,0,0,65,65,0,-100
08/03/2018 10:42,2017,80,UNITED STATES OF AMERICA,USA,1,GATWICK,FORT LAUDERDALE,112394,112394,0,50383,50383,0,123.07921
08/03/2018 10:42,2017,80,UNITED STATES OF AMERICA,USA,1,GATWICK,INDIANAPOLIS,0,0,0,451,0,451,-100
08/03/2018 10:42,2017,80,UNITED STATES OF AMERICA,USA,1,GATWICK,LAS VEGAS,257297,257297,0,284941,284941,0,-9.70166
08/03/2018 10:42,2017,80,UNITED STATES OF AMERICA,USA,1,GATWICK,LOS ANGELES INTERNATIONAL,213673,213673,0,141341,141252,89,51.17553
08/03/2018 10:42,2017,80,UNITED STATES OF AMERICA,USA,1,GATWICK,MINNEAPOLIS-ST PAUL,0,0,0,86,0,86,-100
08/03/2018 10:42,2017,80,UNITED STATES OF AMERICA,USA,1,GATWICK,NEW ORLEANS,0,0,0,1142,0,1142,-100
08/03/2018 10:42,2017,80,UNITED STATES OF AMERICA,USA,1,GATWICK,NEW YORK (JF KENNEDY),450820,450820,0,330755,330755,0,36.30028
08/03/2018 10:42,2017,80,UNITED STATES OF AMERICA,USA,1,GATWICK,OAKLAND,190032,190032,0,55917,55917,0,239.84656
08/03/2018 10:42,2017,80,UNITED STATES OF AMERICA,USA,1,GATWICK,ORLANDO,826319,825642,677,791669,791668,1,4.37683
08/03/2018 10:42,2017,80,UNITED STATES OF AMERICA,USA,1,GATWICK,PHOENIX,168,0,168,0,0,0,0
08/03/2018 10:42,2017,80,UNITED STATES OF AMERICA,USA,1,GATWICK,SAN BERNARDINO (NORTON AFB),1,0,1,0,0,0,0
08/03/2018 10:42,2017,80,UNITED STATES OF AMERICA,USA,1,GATWICK,SANFORD,39862,0,39862,41493,0,41493,-3.93078
08/03/2018 10:42,2017,80,UNITED STATES OF AMERICA,USA,1,GATWICK,SEATTLE (TACOMA),27745,27745,0,0,0,0,0
08/03/2018 10:42,2017,80,UNITED STATES OF AMERICA,USA,1,GATWICK,TAMPA,141000,141000,0,156276,156276,0,-9.77501
08/03/2018 10:42,2017,80,UNITED STATES OF AMERICA,USA,1,HEATHROW,ATLANTA,644081,644081,0,638995,638995,0,0.79594
08/03/2018 10:42,2017,80,UNITED STATES OF AMERICA,USA,1,HEATHROW,AUSTIN (BERGSTROM),128887,128887,0,130614,130614,0,-1.32222
08/03/2018 10:42,2017,80,UNITED STATES OF AMERICA,USA,1,HEATHROW,BALTIMORE,124756,124423,333,120460,120460,0,3.56633
08/03/2018 10:42,2017,80,UNITED STATES OF AMERICA,USA,1,HEATHROW,BOSTON,814124,813880,244,798119,798119,0,2.00534
08/03/2018 10:42,2017,80,UNITED STATES OF AMERICA,USA,1,HEATHROW,CHARLOTTE,303240,303240,0,301682,301682,0,0.51644
08/03/2018 10:42,2017,80,UNITED STATES OF AMERICA,USA,1,HEATHROW,CHICAGO (O'HARE),1062328,1062328,0,1072875,1072875,0,-0.98306
08/03/2018 10:42,2017,80,UNITED STATES OF AMERICA,USA,1,HEATHROW,CINCINNATI,0,0,0,336,0,336,-100
08/03/2018 10:42,2017,80,UNITED STATES OF AMERICA,USA,1,HEATHROW,CLEVELAND,787,0,787,0,0,0,0
08/03/2018 10:42,2017,80,UNITED STATES OF AMERICA,USA,1,HEATHROW,DALLAS/FORT WORTH,677113,677113,0,655590,655590,0,3.283
08/03/2018 10:42,2017,80,UNITED STATES OF AMERICA,USA,1,HEATHROW,DENVER INTERNATIONAL,195398,195206,192,192441,192441,0,1.53657
08/03/2018 10:42,2017,80,UNITED STATES OF AMERICA,USA,1,HEATHROW,DETROIT,188797,188797,0,215904,215742,162,-12.55512
08/03/2018 10:42,2017,80,UNITED STATES OF AMERICA,USA,1,HEATHROW,FORT LAUDERDALE,176,0,176,0,0,0,0
08/03/2018 10:42,2017,80,UNITED STATES OF AMERICA,USA,1,HEATHROW,HOUSTON,474976,474976,0,515278,515278,0,-7.82141
08/03/2018 10:42,2017,80,UNITED STATES OF AMERICA,USA,1,HEATHROW,INDIANAPOLIS,243,243,0,336,0,336,-27.67857
08/03/2018 10:42,2017,80,UNITED STATES OF AMERICA,USA,1,HEATHROW,JACKSONVILLE,553,0,553,404,0,404,36.88119
08/03/2018 10:42,2017,80,UNITED STATES OF AMERICA,USA,1,HEATHROW,LAS VEGAS,320674,320674,0,312708,312708,0,2.54742
08/03/2018 10:42,2017,80,UNITED STATES OF AMERICA,USA,1,HEATHROW,LOS ANGELES INTERNATIONAL,1600587,1600415,172,1529632,1529455,177,4.6387
08/03/2018 10:42,2017,80,UNITED STATES OF AMERICA,USA,1,HEATHROW,MIAMI INTERNATIONAL,985148,984961,187,1030483,1030483,0,-4.39939
08/03/2018 10:42,2017,80,UNITED STATES OF AMERICA,USA,1,HEATHROW,MINNEAPOLIS-ST PAUL,129130,128430,700,134659,134235,424,-4.10593
08/03/2018 10:42,2017,80,UNITED STATES OF AMERICA,USA,1,HEATHROW,NEW ORLEANS,56519,55994,525,0,0,0,0
08/03/2018 10:42,2017,80,UNITED STATES OF AMERICA,USA,1,HEATHROW,NEW YORK (JF KENNEDY),2945744,2945744,0,2934554,2934554,0,0.38132
08/03/2018 10:42,2017,80,UNITED STATES OF AMERICA,USA,1,HEATHROW,NEW YORK (NEWARK),1020678,1020678,0,944639,944225,414,8.04953
08/03/2018 10:42,2017,80,UNITED STATES OF AMERICA,USA,1,HEATHROW,ORLANDO,661,0,661,1004,0,1004,-34.16335
08/03/2018 10:42,2017,80,UNITED STATES OF AMERICA,USA,1,HEATHROW,PHILADELPHIA INTERNATIONAL,485316,485316,0,457612,457612,0,6.05404
08/03/2018 10:42,2017,80,UNITED STATES OF AMERICA,USA,1,HEATHROW,PHOENIX,220180,220027,153,216995,216995,0,1.46778
08/03/2018 10:42,2017,80,UNITED STATES OF AMERICA,USA,1,HEATHROW,PORTLAND (OREGON),24421,24421,0,0,0,0,0
08/03/2018 10:42,2017,80,UNITED STATES OF AMERICA,USA,1,HEATHROW,RALEIGH,125410,125410,0,111152,111152,0,12.82748
08/03/2018 10:42,2017,80,UNITED STATES OF AMERICA,USA,1,HEATHROW,SALT LAKE CITY,83169,83169,0,63606,63606,0,30.75653
08/03/2018 10:42,2017,80,UNITED STATES OF AMERICA,USA,1,HEATHROW,SAN DIEGO,174586,174586,0,196067,196067,0,-10.95595
08/03/2018 10:42,2017,80,UNITED STATES OF AMERICA,USA,1,HEATHROW,SAN FRANCISCO,1009584,1009584,0,1016616,1016616,0,-0.69171
08/03/2018 10:42,2017,80,UNITED STATES OF AMERICA,USA,1,HEATHROW,SAN JOSE,113463,113463,0,76302,76302,0,48.70252
08/03/2018 10:42,2017,80,UNITED STATES OF AMERICA,USA,1,HEATHROW,SEATTLE (TACOMA),384596,384596,0,370113,370113,0,3.91313
08/03/2018 10:42,2017,80,UNITED STATES OF AMERICA,USA,1,HEATHROW,TAMPA,2,2,0,0,0,0,0
08/03/2018 10:42,2017,80,UNITED STATES OF AMERICA,USA,1,HEATHROW,WASHINGTON (DULLES),845634,845634,0,849690,849381,309,-0.47735
08/03/2018 10:42,2017,80,UNITED STATES OF AMERICA,USA,1,LONDON CITY,NEW YORK (JF KENNEDY),11966,11966,0,18850,18850,0,-36.51989
08/03/2018 10:42,2017,80,UNITED STATES OF AMERICA,USA,1,LUTON,BOSTON,0,0,0,7,0,7,-100
08/03/2018 10:42,2017,80,UNITED STATES OF AMERICA,USA,1,LUTON,DALLAS,0,0,0,9,0,9,-100
08/03/2018 10:42,2017,80,UNITED STATES OF AMERICA,USA,1,LUTON,INDIANAPOLIS,0,0,0,8,0,8,-100
08/03/2018 10:42,2017,80,UNITED STATES OF AMERICA,USA,1,LUTON,LOS ANGELES INTERNATIONAL,0,0,0,6,0,6,-100
08/03/2018 10:42,2017,80,UNITED STATES OF AMERICA,USA,1,LUTON,MIAMI INTERNATIONAL,11,0,11,0,0,0,0
08/03/2018 10:42,2017,80,UNITED STATES OF AMERICA,USA,1,LUTON,MINNEAPOLIS-ST PAUL,0,0,0,4,0,4,-100
08/03/2018 10:42,2017,80,UNITED STATES OF AMERICA,USA,1,LUTON,NEW YORK (NEWARK),0,0,0,16333,16323,10,-100
08/03/2018 10:42,2017,80,UNITED STATES OF AMERICA,USA,1,LUTON,WASHINGTON (DULLES),0,0,0,4,0,4,-100
08/03/2018 10:42,2017,80,UNITED STATES OF AMERICA,USA,1,STANSTED,FORT LAUDERDALE,0,0,0,321,321,0,-100
08/03/2018 10:42,2017,80,UNITED STATES OF AMERICA,USA,1,STANSTED,LAS VEGAS,6507,6507,0,3515,3515,0,85.12091
08/03/2018 10:42,2017,80,UNITED STATES OF AMERICA,USA,1,STANSTED,LOS ANGELES INTERNATIONAL,347,347,0,0,0,0,0
08/03/2018 10:42,2017,80,UNITED STATES OF AMERICA,USA,1,STANSTED,NEW YORK (NEWARK),1742,1742,0,0,0,0,0
08/03/2018 10:42,2017,80,UNITED STATES OF AMERICA,USA,1,STANSTED,ORLANDO,28314,28314,0,39819,39819,0,-28.89324
08/03/2018 10:42,2017,80,UNITED STATES OF AMERICA,USA,1,STANSTED,SANFORD,3462,0,3462,11365,0,11365,-69.53806
08/03/2018 10:42,2017,80,UNITED STATES OF AMERICA,USA,2,BELFAST INTERNATIONAL,LAS VEGAS,631,0,631,0,0,0,0
08/03/2018 10:42,2017,80,UNITED STATES OF AMERICA,USA,2,BELFAST INTERNATIONAL,NEW YORK (NEWARK),2924,2924,0,79042,79042,0,-96.3007
08/03/2018 10:42,2017,80,UNITED STATES OF AMERICA,USA,2,BELFAST INTERNATIONAL,NEWBURGH/USA,16676,16676,0,0,0,0,0
08/03/2018 10:42,2017,80,UNITED STATES OF AMERICA,USA,2,BELFAST INTERNATIONAL,ORLANDO,9176,6117,3059,5508,3095,2413,66.59405
08/03/2018 10:42,2017,80,UNITED STATES OF AMERICA,USA,2,BELFAST INTERNATIONAL,PROVIDENCE,6518,6518,0,0,0,0,0
08/03/2018 10:42,2017,80,UNITED STATES OF AMERICA,USA,2,BIRMINGHAM,NEW ORLEANS,0,0,0,574,0,574,-100
08/03/2018 10:42,2017,80,UNITED STATES OF AMERICA,USA,2,BIRMINGHAM,NEW YORK (JF KENNEDY),1656,1656,0,69526,69526,0,-97.61816
08/03/2018 10:42,2017,80,UNITED STATES OF AMERICA,USA,2,BIRMINGHAM,NEW YORK (NEWARK),65510,65510,0,78469,78469,0,-16.5148
08/03/2018 10:42,2017,80,UNITED STATES OF AMERICA,USA,2,BIRMINGHAM,ORLANDO,624,624,0,0,0,0,0
08/03/2018 10:42,2017,80,UNITED STATES OF AMERICA,USA,2,BIRMINGHAM,SANFORD,16021,0,16021,17190,0,17190,-6.80047
08/03/2018 10:42,2017,80,UNITED STATES OF AMERICA,USA,2,BRISTOL,SANFORD,11458,0,11458,0,0,0,0
08/03/2018 10:42,2017,80,UNITED STATES OF AMERICA,USA,2,CARDIFF WALES,FORT LAUDERDALE,0,0,0,44,0,44,-100
08/03/2018 10:42,2017,80,UNITED STATES OF AMERICA,USA,2,CARDIFF WALES,ORLANDO,1260,0,1260,617,0,617,104.21394
08/03/2018 10:42,2017,80,UNITED STATES OF AMERICA,USA,2,EAST MIDLANDS INTERNATIONAL,NEW YORK (NEWARK),874,874,0,880,880,0,-0.68182
08/03/2018 10:42,2017,80,UNITED STATES OF AMERICA,USA,2,EAST MIDLANDS INTERNATIONAL,SANFORD,10908,0,10908,12060,293,11767,-9.55224
08/03/2018 10:42,2017,80,UNITED STATES OF AMERICA,USA,2,EDINBURGH,ATLANTA,73,0,73,0,0,0,0
08/03/2018 10:42,2017,80,UNITED STATES OF AMERICA,USA,2,EDINBURGH,CHICAGO (O'HARE),36668,36668,0,31868,31868,0,15.06213
08/03/2018 10:42,2017,80,UNITED STATES OF AMERICA,USA,2,EDINBURGH,LOS ANGELES INTERNATIONAL,185,185,0,0,0,0,0
08/03/2018 10:42,2017,80,UNITED STATES OF AMERICA,USA,2,EDINBURGH,NEW YORK (JF KENNEDY),127570,127570,0,117128,117128,0,8.91503
08/03/2018 10:42,2017,80,UNITED STATES OF AMERICA,USA,2,EDINBURGH,NEW YORK (NEWARK),139111,139042,69,133650,133650,0,4.08605
08/03/2018 10:42,2017,80,UNITED STATES OF AMERICA,USA,2,EDINBURGH,NEWBURGH/USA,44445,44385,60,0,0,0,0
08/03/2018 10:42,2017,80,UNITED STATES OF AMERICA,USA,2,EDINBURGH,OAKLAND,2,2,0,0,0,0,0
08/03/2018 10:42,2017,80,UNITED STATES OF AMERICA,USA,2,EDINBURGH,PROVIDENCE,20749,20749,0,0,0,0,0
08/03/2018 10:42,2017,80,UNITED STATES OF AMERICA,USA,2,EDINBURGH,SANFORD,2305,0,2305,2328,0,2328,-0.98797
08/03/2018 10:42,2017,80,UNITED STATES OF AMERICA,USA,2,EDINBURGH,WINDSOR LOCKS BRADLEY INTL,18644,18644,0,0,0,0,0
08/03/2018 10:42,2017,80,UNITED STATES OF AMERICA,USA,2,GLASGOW,LAS VEGAS,25078,16035,9043,22156,8263,13893,13.1883
08/03/2018 10:42,2017,80,UNITED STATES OF AMERICA,USA,2,GLASGOW,NEW YORK (JF KENNEDY),31702,31702,0,0,0,0,0
08/03/2018 10:42,2017,80,UNITED STATES OF AMERICA,USA,2,GLASGOW,NEW YORK (NEWARK),69881,69881,0,99975,99975,0,-30.10153
08/03/2018 10:42,2017,80,UNITED STATES OF AMERICA,USA,2,GLASGOW,ORLANDO,98136,81286,16850,98805,81199,17606,-0.67709
08/03/2018 10:42,2017,80,UNITED STATES OF AMERICA,USA,2,GLASGOW,PHILADELPHIA INTERNATIONAL,39691,39691,0,36292,36292,0,9.3657
08/03/2018 10:42,2017,80,UNITED STATES OF AMERICA,USA,2,GLASGOW,SANFORD,21755,0,21755,16530,0,16530,31.6092
08/03/2018 10:42,2017,80,UNITED STATES OF AMERICA,USA,2,LEEDS BRADFORD,NEW YORK (NEWARK),3067,3067,0,2873,2873,0,6.75252
08/03/2018 10:42,2017,80,UNITED STATES OF AMERICA,USA,2,LIVERPOOL (JOHN LENNON),OMAHA,165,165,0,0,0,0,0
08/03/2018 10:42,2017,80,UNITED STATES OF AMERICA,USA,2,LIVERPOOL (JOHN LENNON),SAN JOSE,0,0,0,86,0,86,-100
08/03/2018 10:42,2017,80,UNITED STATES OF AMERICA,USA,2,LIVERPOOL (JOHN LENNON),ST LOUIS (LAMBERT),0,0,0,95,0,95,-100
08/03/2018 10:42,2017,80,UNITED STATES OF AMERICA,USA,2,MANCHESTER,ATLANTA,130007,130007,0,152368,152368,0,-14.67565
08/03/2018 10:42,2017,80,UNITED STATES OF AMERICA,USA,2,MANCHESTER,BOSTON,53829,53829,0,15843,15843,0,239.7652
08/03/2018 10:42,2017,80,UNITED STATES OF AMERICA,USA,2,MANCHESTER,CHICAGO (O'HARE),77784,77784,0,76214,76214,0,2.05999
08/03/2018 10:42,2017,80,UNITED STATES OF AMERICA,USA,2,MANCHESTER,HOUSTON,60292,60206,86,5603,5603,0,976.06639
08/03/2018 10:42,2017,80,UNITED STATES OF AMERICA,USA,2,MANCHESTER,LAS VEGAS,156302,156302,0,138335,138335,0,12.98804
08/03/2018 10:42,2017,80,UNITED STATES OF AMERICA,USA,2,MANCHESTER,LOS ANGELES INTERNATIONAL,44108,43983,125,28791,28791,0,53.20065
08/03/2018 10:42,2017,80,UNITED STATES OF AMERICA,USA,2,MANCHESTER,MIAMI INTERNATIONAL,27417,27417,0,35715,35371,344,-23.23394
08/03/2018 10:42,2017,80,UNITED STATES OF AMERICA,USA,2,MANCHESTER,MOLINE (QUAD CITY),69,0,69,0,0,0,0
08/03/2018 10:42,2017,80,UNITED STATES OF AMERICA,USA,2,MANCHESTER,NASHVILLE METROPOLITAN,96,0,96,0,0,0,0
08/03/2018 10:42,2017,80,UNITED STATES OF AMERICA,USA,2,MANCHESTER,NEW ORLEANS,0,0,0,1138,0,1138,-100
08/03/2018 10:42,2017,80,UNITED STATES OF AMERICA,USA,2,MANCHESTER,NEW YORK (JF KENNEDY),317553,317553,0,321887,321887,0,-1.34644
08/03/2018 10:42,2017,80,UNITED STATES OF AMERICA,USA,2,MANCHESTER,NEW YORK (NEWARK),108496,108496,0,104148,104148,0,4.17483
08/03/2018 10:42,2017,80,UNITED STATES OF AMERICA,USA,2,MANCHESTER,ORLANDO,479902,479902,0,490439,490439,0,-2.14848
08/03/2018 10:42,2017,80,UNITED STATES OF AMERICA,USA,2,MANCHESTER,PHILADELPHIA INTERNATIONAL,126438,126438,0,120330,120330,0,5.07604
08/03/2018 10:42,2017,80,UNITED STATES OF AMERICA,USA,2,MANCHESTER,SAN FRANCISCO,55695,55695,0,235,235,0,23600
08/03/2018 10:42,2017,80,UNITED STATES OF AMERICA,USA,2,MANCHESTER,SANFORD,48150,293,47857,52582,0,52582,-8.42874
08/03/2018 10:42,2017,80,UNITED STATES OF AMERICA,USA,2,MANCHESTER,WASHINGTON (DULLES),0,0,0,46574,46574,0,-100
08/03/2018 10:42,2017,80,UNITED STATES OF AMERICA,USA,2,NEWCASTLE,NEW YORK (NEWARK),3303,3303,0,20497,20497,0,-83.88545
08/03/2018 10:42,2017,80,UNITED STATES OF AMERICA,USA,2,NEWCASTLE,SANFORD,23073,23073,0,17435,17135,300,32.33725
08/03/2018 10:42,2017,80,UNITED STATES OF AMERICA,USA,2,PRESTWICK,PHILADELPHIA INTERNATIONAL,0,0,0,54,0,54,-100
08/03/2018 10:42,2017,80,UNITED STATES OF AMERICA,USA,2,PRESTWICK,SEATTLE (TACOMA),0,0,0,4,4,0,-100
08/03/2018 10:42,2017,85,CENTRAL AMERICA,COSTA RICA,1,GATWICK,LIBERIA,30443,0,30443,29193,0,29193,4.28185
08/03/2018 10:42,2017,85,CENTRAL AMERICA,COSTA RICA,1,GATWICK,SAN JOSE COST RICA,55360,55360,0,31391,31391,0,76.35628
08/03/2018 10:42,2017,85,CENTRAL AMERICA,CUBA,1,GATWICK,CUNAGUA (CAYO COCO),13056,13056,0,16624,16624,0,-21.46295
08/03/2018 10:42,2017,85,CENTRAL AMERICA,CUBA,1,GATWICK,HAVANA,78831,78831,0,92242,92242,0,-14.53893
08/03/2018 10:42,2017,85,CENTRAL AMERICA,CUBA,1,GATWICK,HOLGUIN (FRANK PAIS),31699,31699,0,30091,30091,0,5.34379
08/03/2018 10:42,2017,85,CENTRAL AMERICA,CUBA,1,GATWICK,VARADERO,44043,14317,29726,20131,0,20131,118.78198
08/03/2018 10:42,2017,85,CENTRAL AMERICA,CUBA,2,BELFAST INTERNATIONAL,VARADERO,567,0,567,467,0,467,21.41328
08/03/2018 10:42,2017,85,CENTRAL AMERICA,CUBA,2,GLASGOW,CUNAGUA (CAYO COCO),614,308,306,1237,622,615,-50.36378
08/03/2018 10:42,2017,85,CENTRAL AMERICA,CUBA,2,GLASGOW,HOLGUIN (FRANK PAIS),0,0,0,1449,558,891,-100
08/03/2018 10:42,2017,85,CENTRAL AMERICA,CUBA,2,GLASGOW,VARADERO,0,0,0,205,205,0,-100
08/03/2018 10:42,2017,85,CENTRAL AMERICA,CUBA,2,MANCHESTER,CUNAGUA (CAYO COCO),34508,34508,0,31646,31646,0,9.0438
08/03/2018 10:42,2017,85,CENTRAL AMERICA,CUBA,2,MANCHESTER,HOLGUIN (FRANK PAIS),56145,56145,0,51380,43388,7992,9.27404
08/03/2018 10:42,2017,85,CENTRAL AMERICA,CUBA,2,MANCHESTER,SANTA CLARA,11085,0,11085,0,0,0,0
08/03/2018 10:42,2017,85,CENTRAL AMERICA,CUBA,2,MANCHESTER,VARADERO,30763,30520,243,31482,31482,0,-2.28384
08/03/2018 10:42,2017,85,CENTRAL AMERICA,DOMINICAN REPUBLIC,1,GATWICK,LA ROMANA,3236,0,3236,0,0,0,0
08/03/2018 10:42,2017,85,CENTRAL AMERICA,DOMINICAN REPUBLIC,1,GATWICK,PUERTO PLATA,30566,0,30566,31292,0,31292,-2.32008
08/03/2018 10:42,2017,85,CENTRAL AMERICA,DOMINICAN REPUBLIC,1,GATWICK,PUNTA CANA,157638,71457,86181,132532,52149,80383,18.94335
08/03/2018 10:42,2017,85,CENTRAL AMERICA,DOMINICAN REPUBLIC,2,BIRMINGHAM,LA ROMANA,3525,0,3525,0,0,0,0
08/03/2018 10:42,2017,85,CENTRAL AMERICA,DOMINICAN REPUBLIC,2,BIRMINGHAM,PUNTA CANA,41908,213,41695,20424,0,20424,105.18997
08/03/2018 10:42,2017,85,CENTRAL AMERICA,DOMINICAN REPUBLIC,2,MANCHESTER,LA ROMANA,4013,0,4013,0,0,0,0
08/03/2018 10:42,2017,85,CENTRAL AMERICA,DOMINICAN REPUBLIC,2,MANCHESTER,PUERTO PLATA,30494,0,30494,30849,0,30849,-1.15077
08/03/2018 10:42,2017,85,CENTRAL AMERICA,DOMINICAN REPUBLIC,2,MANCHESTER,PUNTA CANA,104856,13359,91497,107591,0,107591,-2.54203
08/03/2018 10:42,2017,85,CENTRAL AMERICA,MEXICO,1,GATWICK,ACAPULCO,0,0,0,993,0,993,-100
08/03/2018 10:42,2017,85,CENTRAL AMERICA,MEXICO,1,GATWICK,CANCUN,403490,371732,31758,410685,245481,165204,-1.75195
08/03/2018 10:42,2017,85,CENTRAL AMERICA,MEXICO,1,GATWICK,COZUMEL,0,0,0,964,0,964,-100
08/03/2018 10:42,2017,85,CENTRAL AMERICA,MEXICO,1,GATWICK,PUERTO VALLARTA,31446,0,31446,30987,0,30987,1.48127
08/03/2018 10:42,2017,85,CENTRAL AMERICA,MEXICO,1,HEATHROW,MEXICO CITY,278469,278469,0,252812,252812,0,10.14865
08/03/2018 10:42,2017,85,CENTRAL AMERICA,MEXICO,1,STANSTED,CANCUN,32645,25106,7539,20080,3697,16383,62.5747
08/03/2018 10:42,2017,85,CENTRAL AMERICA,MEXICO,2,BELFAST INTERNATIONAL,CANCUN,2849,0,2849,0,0,0,0
08/03/2018 10:42,2017,85,CENTRAL AMERICA,MEXICO,2,BIRMINGHAM,CANCUN,60486,45549,14937,57164,0,57164,5.81135
08/03/2018 10:42,2017,85,CENTRAL AMERICA,MEXICO,2,BRISTOL,CANCUN,11843,9571,2272,0,0,0,0
08/03/2018 10:42,2017,85,CENTRAL AMERICA,MEXICO,2,CARDIFF WALES,CANCUN,0,0,0,521,0,521,-100
08/03/2018 10:42,2017,85,CENTRAL AMERICA,MEXICO,2,EAST MIDLANDS INTERNATIONAL,CANCUN,12055,12055,0,11891,0,11891,1.37919
08/03/2018 10:42,2017,85,CENTRAL AMERICA,MEXICO,2,EDINBURGH,CANCUN,2334,2334,0,2328,0,2328,0.25773
08/03/2018 10:42,2017,85,CENTRAL AMERICA,MEXICO,2,GLASGOW,CANCUN,37209,8612,28597,36334,5440,30894,2.40821
08/03/2018 10:42,2017,85,CENTRAL AMERICA,MEXICO,2,MANCHESTER,CANCUN,231560,205831,25729,219452,101000,118452,5.51738
08/03/2018 10:42,2017,85,CENTRAL AMERICA,MEXICO,2,MANCHESTER,PUERTO VALLARTA,30757,0,30757,30096,0,30096,2.19631
08/03/2018 10:42,2017,85,CENTRAL AMERICA,MEXICO,2,NEWCASTLE,CANCUN,23876,23876,0,24326,24029,297,-1.84987
08/03/2018 10:42,2017,90,SOUTH AMERICA,ARGENTINA,1,HEATHROW,BUENOS AIRES,177065,177065,0,177238,177238,0,-0.09761
08/03/2018 10:42,2017,90,SOUTH AMERICA,BRAZIL,1,HEATHROW,RIO DE JANEIRO (GALEAO),105685,105685,0,138704,138080,624,-23.80537
08/03/2018 10:42,2017,90,SOUTH AMERICA,BRAZIL,1,HEATHROW,SAO PAULO (GUARULHOS),406101,406101,0,422422,422422,0,-3.86367
08/03/2018 10:42,2017,90,SOUTH AMERICA,CHILE,1,HEATHROW,SANTIAGO DE CHILE,71817,71817,0,0,0,0,0
08/03/2018 10:42,2017,90,SOUTH AMERICA,COLOMBIA,1,GATWICK,CARTAGENA,0,0,0,1470,0,1470,-100
08/03/2018 10:42,2017,90,SOUTH AMERICA,COLOMBIA,1,HEATHROW,BOGOTA,158548,158548,0,149723,149723,0,5.89422
08/03/2018 10:42,2017,90,SOUTH AMERICA,COLOMBIA,2,MANCHESTER,BOGOTA,1,1,0,0,0,0,0
08/03/2018 10:42,2017,90,SOUTH AMERICA,ECUADOR,1,GATWICK,GUAYAQUIL,0,0,0,868,0,868,-100
08/03/2018 10:42,2017,90,SOUTH AMERICA,PERU,1,GATWICK,LIMA,47807,47807,0,36744,36744,0,30.10832
08/03/2018 10:42,2017,90,SOUTH AMERICA,PERU,1,HEATHROW,LIMA,274,274,0,0,0,0,0
08/03/2018 10:42,2017,95,CARIBBEAN AREA,ANTIGUA AND BARBUDA,1,GATWICK,ANTIGUA,158955,158955,0,152851,152851,0,3.99343
08/03/2018 10:42,2017,95,CARIBBEAN AREA,ANTIGUA AND BARBUDA,2,MANCHESTER,ANTIGUA,3314,3314,0,4898,4898,0,-32.33973
08/03/2018 10:42,2017,95,CARIBBEAN AREA,BAHAMAS,1,GATWICK,NASSAU,0,0,0,312,0,312,-100
08/03/2018 10:42,2017,95,CARIBBEAN AREA,BAHAMAS,1,HEATHROW,NASSAU,55580,55580,0,51108,51108,0,8.7501
08/03/2018 10:42,2017,95,CARIBBEAN AREA,BARBADOS,1,GATWICK,BRIDGETOWN,450836,383946,66890,447003,383182,63821,0.85749
08/03/2018 10:42,2017,95,CARIBBEAN AREA,BARBADOS,1,HEATHROW,BRIDGETOWN,4988,2438,2550,454,454,0,998.67841
08/03/2018 10:42,2017,95,CARIBBEAN AREA,BARBADOS,1,STANSTED,BRIDGETOWN,0,0,0,584,0,584,-100
08/03/2018 10:42,2017,95,CARIBBEAN AREA,BARBADOS,2,BELFAST INTERNATIONAL,BRIDGETOWN,564,0,564,0,0,0,0
08/03/2018 10:42,2017,95,CARIBBEAN AREA,BARBADOS,2,BIRMINGHAM,BRIDGETOWN,35686,278,35408,35517,0,35517,0.47583
08/03/2018 10:42,2017,95,CARIBBEAN AREA,BARBADOS,2,BOURNEMOUTH,BRIDGETOWN,2159,0,2159,2226,0,2226,-3.00988
08/03/2018 10:42,2017,95,CARIBBEAN AREA,BARBADOS,2,BRISTOL,BRIDGETOWN,576,0,576,0,0,0,0
08/03/2018 10:42,2017,95,CARIBBEAN AREA,BARBADOS,2,CARDIFF WALES,BRIDGETOWN,4490,0,4490,2303,0,2303,94.96309
08/03/2018 10:42,2017,95,CARIBBEAN AREA,BARBADOS,2,DONCASTER SHEFFIELD,BRIDGETOWN,597,0,597,0,0,0,0
08/03/2018 10:42,2017,95,CARIBBEAN AREA,BARBADOS,2,EAST MIDLANDS INTERNATIONAL,BRIDGETOWN,854,0,854,593,0,593,44.01349
08/03/2018 10:42,2017,95,CARIBBEAN AREA,BARBADOS,2,GLASGOW,BRIDGETOWN,7824,0,7824,5127,589,4538,52.60386
08/03/2018 10:42,2017,95,CARIBBEAN AREA,BARBADOS,2,MANCHESTER,BRIDGETOWN,139204,75848,63356,143975,73275,70700,-3.31377
08/03/2018 10:42,2017,95,CARIBBEAN AREA,BARBADOS,2,NEWCASTLE,BRIDGETOWN,2728,2728,0,2816,242,2574,-3.125
08/03/2018 10:42,2017,95,CARIBBEAN AREA,BERMUDA,1,GATWICK,BERMUDA,98227,98227,0,91856,91856,0,6.93586
08/03/2018 10:42,2017,95,CARIBBEAN AREA,BERMUDA,2,MANCHESTER,BERMUDA,0,0,0,135,135,0,-100
08/03/2018 10:42,2017,95,CARIBBEAN AREA,CAYMAN ISLANDS,1,HEATHROW,GRAND CAYMAN,34935,34935,0,33570,33570,0,4.06613
08/03/2018 10:42,2017,95,CARIBBEAN AREA,GRENADA,1,GATWICK,GRENADA,35848,35848,0,64571,64571,0,-44.48282
08/03/2018 10:42,2017,95,CARIBBEAN AREA,ISLE OF CURACAO NETH.ANTILLES,1,GATWICK,ARUBA,16627,0,16627,17137,0,17137,-2.97602
08/03/2018 10:42,2017,95,CARIBBEAN AREA,ISLE OF CURACAO NETH.ANTILLES,2,MANCHESTER,ARUBA,16122,0,16122,14904,0,14904,8.1723
08/03/2018 10:42,2017,95,CARIBBEAN AREA,JAMAICA,1,GATWICK,KINGSTON,97512,97362,150,84898,84898,0,14.85783
08/03/2018 10:42,2017,95,CARIBBEAN AREA,JAMAICA,1,GATWICK,MONTEGO BAY,220936,104708,116228,216862,116924,99938,1.87861
08/03/2018 10:42,2017,95,CARIBBEAN AREA,JAMAICA,1,STANSTED,MONTEGO BAY,10243,0,10243,571,0,571,1693.8704
08/03/2018 10:42,2017,95,CARIBBEAN AREA,JAMAICA,2,BIRMINGHAM,MONTEGO BAY,38189,0,38189,38298,0,38298,-0.28461
08/03/2018 10:42,2017,95,CARIBBEAN AREA,JAMAICA,2,CARDIFF WALES,MONTEGO BAY,298,0,298,1768,0,1768,-83.1448
08/03/2018 10:42,2017,95,CARIBBEAN AREA,JAMAICA,2,DONCASTER SHEFFIELD,MONTEGO BAY,609,0,609,0,0,0,0
08/03/2018 10:42,2017,95,CARIBBEAN AREA,JAMAICA,2,GLASGOW,MONTEGO BAY,2965,0,2965,821,0,821,261.14495
08/03/2018 10:42,2017,95,CARIBBEAN AREA,JAMAICA,2,MANCHESTER,MONTEGO BAY,75872,0,75872,68651,0,68651,10.51842
08/03/2018 10:42,2017,95,CARIBBEAN AREA,JAMAICA,2,NEWCASTLE,MONTEGO BAY,0,0,0,2275,0,2275,-100
08/03/2018 10:42,2017,95,CARIBBEAN AREA,PUERTO RICO,1,GATWICK,SAN JUAN (PUERTO RICO),14756,14756,0,24748,24748,0,-40.37498
08/03/2018 10:42,2017,95,CARIBBEAN AREA,SAINT KITTS AND NEVIS,1,GATWICK,ST KITTS,17673,17673,0,29936,29936,0,-40.96406
08/03/2018 10:42,2017,95,CARIBBEAN AREA,ST LUCIA,1,GATWICK,ST LUCIA (HEWANORRA),184235,160432,23803,120632,118191,2441,52.72482
08/03/2018 10:42,2017,95,CARIBBEAN AREA,ST LUCIA,2,MANCHESTER,ST LUCIA (HEWANORRA),6804,6804,0,5517,5517,0,23.3279
08/03/2018 10:42,2017,95,CARIBBEAN AREA,TRINIDAD AND TOBAGO,1,GATWICK,PORT OF SPAIN,61697,61697,0,86121,86121,0,-28.3601
08/03/2018 10:42,2017,95,CARIBBEAN AREA,TRINIDAD AND TOBAGO,1,GATWICK,TOBAGO,35267,35267,0,55973,55973,0,-36.99284
08/03/2018 10:42,2017,95,CARIBBEAN AREA,TRINIDAD AND TOBAGO,2,MANCHESTER,TOBAGO,5447,5447,0,2105,2105,0,158.76485
08/03/2018 10:42,2017,95,CARIBBEAN AREA,TURKS AND CAICOS ISLANDS,1,GATWICK,PROVIDENCIALES,14369,14369,0,27283,27283,0,-47.3335
08/03/2018 10:42,2017,100,INDIAN OCEAN ISLANDS,MALDIVE ISLANDS,1,GATWICK,MALE INTERNATIONAL,27798,27798,0,29485,29485,0,-5.72155
08/03/2018 10:42,2017,100,INDIAN OCEAN ISLANDS,MALDIVE ISLANDS,1,HEATHROW,MALE INTERNATIONAL,2118,2118,0,0,0,0,0
08/03/2018 10:42,2017,100,INDIAN OCEAN ISLANDS,MAURITIUS,1,GATWICK,MAURITIUS,120673,118731,1942,111819,111819,0,7.91815
08/03/2018 10:42,2017,100,INDIAN OCEAN ISLANDS,MAURITIUS,1,HEATHROW,MAURITIUS,94101,94101,0,87081,87081,0,8.06146
08/03/2018 10:42,2017,100,INDIAN OCEAN ISLANDS,MAURITIUS,2,MANCHESTER,MAURITIUS,6196,4440,1756,1958,1958,0,216.44535
08/03/2018 10:42,2017,105,ATLANTIC OCEAN ISLANDS,ASCENSION ISLAND,1,STANSTED,ASCENSION ISLAND,32,0,32,0,0,0,0
08/03/2018 10:42,2017,105,ATLANTIC OCEAN ISLANDS,CAPE VERDE ISLANDS,1,GATWICK,BOA VISTA (RABIL),66384,59064,7320,62052,55734,6318,6.98124
08/03/2018 10:42,2017,105,ATLANTIC OCEAN ISLANDS,CAPE VERDE ISLANDS,1,GATWICK,ILHA DO SAL C.VERDE,86475,81215,5260,69502,66396,3106,24.42088
08/03/2018 10:42,2017,105,ATLANTIC OCEAN ISLANDS,CAPE VERDE ISLANDS,1,STANSTED,BOA VISTA (RABIL),0,0,0,201,201,0,-100
08/03/2018 10:42,2017,105,ATLANTIC OCEAN ISLANDS,CAPE VERDE ISLANDS,2,BIRMINGHAM,BOA VISTA (RABIL),21764,21764,0,21411,21411,0,1.64869
08/03/2018 10:42,2017,105,ATLANTIC OCEAN ISLANDS,CAPE VERDE ISLANDS,2,BIRMINGHAM,ILHA DO SAL C.VERDE,34050,34050,0,24495,24495,0,39.00796
08/03/2018 10:42,2017,105,ATLANTIC OCEAN ISLANDS,CAPE VERDE ISLANDS,2,BRISTOL,ILHA DO SAL C.VERDE,21693,21693,0,21971,21971,0,-1.2653
08/03/2018 10:42,2017,105,ATLANTIC OCEAN ISLANDS,CAPE VERDE ISLANDS,2,EDINBURGH,ILHA DO SAL C.VERDE,0,0,0,199,199,0,-100
08/03/2018 10:42,2017,105,ATLANTIC OCEAN ISLANDS,CAPE VERDE ISLANDS,2,GLASGOW,ILHA DO SAL C.VERDE,20772,1037,19735,3064,0,3064,577.93734
08/03/2018 10:42,2017,105,ATLANTIC OCEAN ISLANDS,CAPE VERDE ISLANDS,2,MANCHESTER,BOA VISTA (RABIL),65677,65677,0,46573,46573,0,41.01947
08/03/2018 10:42,2017,105,ATLANTIC OCEAN ISLANDS,CAPE VERDE ISLANDS,2,MANCHESTER,ILHA DO SAL C.VERDE,71782,71573,209,57393,49532,7861,25.071
08/03/2018 10:42,2017,105,ATLANTIC OCEAN ISLANDS,FALKLAND ISLANDS,1,GATWICK,MOUNT PLEASANT,0,0,0,902,0,902,-100
08/03/2018 10:42,2017,115,OIL RIGS,OIL RIGS,2,ABERDEEN,OIL RIGS,364999,0,364999,400601,0,400601,-8.88715
08/03/2018 10:42,2017,115,OIL RIGS,OIL RIGS,2,BLACKPOOL,OIL RIGS,21485,0,21485,20489,12648,7841,4.86115
08/03/2018 10:42,2017,115,OIL RIGS,OIL RIGS,2,HUMBERSIDE,OIL RIGS,19684,0,19684,30227,19900,10327,-34.87941
08/03/2018 10:42,2017,115,OIL RIGS,OIL RIGS,2,INVERNESS,OIL RIGS,47,0,47,0,0,0,0
08/03/2018 10:42,2017,115,OIL RIGS,OIL RIGS,2,KIRKWALL,OIL RIGS,16,0,16,15,0,15,6.66667
08/03/2018 10:42,2017,115,OIL RIGS,OIL RIGS,2,NORWICH,OIL RIGS,105901,293,105608,110902,0,110902,-4.50939
08/03/2018 10:42,2017,115,OIL RIGS,OIL RIGS,2,SCATSTA,OIL RIGS,77901,0,77901,73276,0,73276,6.31175
08/03/2018 10:42,2017,115,OIL RIGS,OIL RIGS,2,SUMBURGH,OIL RIGS,26731,0,26731,65436,0,65436,-59.1494
08/03/2018 10:42,2017,115,OIL RIGS,OIL RIGS,2,WICK JOHN O GROATS,OIL RIGS,4,0,4,0,0,0,0

