rundate,this_period,last_period,reporting_airport_group_name,reporting_airport_name,total_atms_this_period,atms_passenger_aircraft_this_period,atms_cargo_aircraft_this_period,total_atms_last_period,atms_passenger_aircraft_last_period,atms_cargo_aircraft_last_period,total_atms_percent,atms_passenger_aircraft_percent,atms_cargo_aircraft_percent
03/03/2019 10:51,2018,2017,London Area Airports,GATWICK,283186,283186,0,283437,283436,1,-0.088556,-0.088203,-.000000
03/03/2019 10:51,2018,2017,London Area Airports,HEATHROW,480339,477367,2972,476186,473215,2971,0.872138,0.877402,0.033659
03/03/2019 10:51,2018,2017,London Area Airports,LONDON CITY,78036,78036,0,76612,76612,0,1.858717,1.858717,
03/03/2019 10:51,2018,2017,London Area Airports,LUTON,106666,105081,1585,106074,104584,1490,0.558101,0.475216,6.375839
03/03/2019 10:51,2018,2017,London Area Airports,SOUTHEND,17088,17088,0,11331,11331,0,50.807519,50.807519,
03/03/2019 10:51,2018,2017,London Area Airports,STANSTED,185077,175599,9478,172153,162027,10126,7.507276,8.376382,-6.399368
03/03/2019 10:51,2018,2017,Other UK Airports,ABERDEEN,81552,79943,1609,81928,80183,1745,-0.458940,-0.299315,-7.793696
03/03/2019 10:51,2018,2017,Other UK Airports,BARRA,1390,1389,1,1394,1392,2,-0.286944,-0.215517,-50.000000
03/03/2019 10:51,2018,2017,Other UK Airports,BELFAST CITY (GEORGE BEST),35845,35845,0,36891,36891,0,-2.835380,-2.835380,
03/03/2019 10:51,2018,2017,Other UK Airports,BELFAST INTERNATIONAL,46115,42747,3368,41692,40147,1545,10.608750,6.476200,117.993528
03/03/2019 10:51,2018,2017,Other UK Airports,BENBECULA,1960,1960,0,1827,1827,0,7.279693,7.279693,
03/03/2019 10:51,2018,2017,Other UK Airports,BIGGIN HILL,202,202,0,146,146,0,38.356164,38.356164,
03/03/2019 10:51,2018,2017,Other UK Airports,BIRMINGHAM,104553,101829,2724,112905,110357,2548,-7.397369,-7.727648,6.907378
03/03/2019 10:51,2018,2017,Other UK Airports,BLACKPOOL,4724,4724,0,5397,5397,0,-12.469891,-12.469891,
03/03/2019 10:51,2018,2017,Other UK Airports,BOURNEMOUTH,4096,4096,0,4251,4251,0,-3.646201,-3.646201,
03/03/2019 10:51,2018,2017,Other UK Airports,BRISTOL,66147,66147,0,63863,63863,0,3.576406,3.576406,
03/03/2019 10:51,2018,2017,Other UK Airports,CAMPBELTOWN,1069,1069,0,1074,1074,0,-0.465549,-0.465549,
03/03/2019 10:51,2018,2017,Other UK Airports,CARDIFF WALES,17009,17008,1,16947,16947,0,0.365846,0.359946,
03/03/2019 10:51,2018,2017,Other UK Airports,CITY OF DERRY (EGLINTON),2324,2324,0,1911,1911,0,21.611722,21.611722,
03/03/2019 10:51,2018,2017,Other UK Airports,DONCASTER SHEFFIELD,8797,8650,147,10042,9702,340,-12.397929,-10.843125,-56.764706
03/03/2019 10:51,2018,2017,Other UK Airports,DUNDEE,1215,1215,0,1174,1174,0,3.492334,3.492334,
03/03/2019 10:51,2018,2017,Other UK Airports,DURHAM TEES VALLEY,3802,3799,3,4118,4116,2,-7.673628,-7.701652,50.000000
03/03/2019 10:51,2018,2017,Other UK Airports,EAST MIDLANDS INTERNATIONAL,56947,34728,22219,56655,35369,21286,0.515400,-1.812322,4.383163
03/03/2019 10:51,2018,2017,Other UK Airports,EDINBURGH,125426,120395,5031,122710,117697,5013,2.213349,2.292327,0.359066
03/03/2019 10:51,2018,2017,Other UK Airports,EXETER,13512,13020,492,13779,13278,501,-1.937731,-1.943064,-1.796407
03/03/2019 10:51,2018,2017,Other UK Airports,GLASGOW,85877,85191,686,88861,88258,603,-3.358054,-3.475039,13.764511
03/03/2019 10:51,2018,2017,Other UK Airports,GLOUCESTERSHIRE,0,0,0,140,140,0,-.000000,-.000000,
03/03/2019 10:51,2018,2017,Other UK Airports,HUMBERSIDE,7618,7481,137,6803,6685,118,11.980009,11.907255,16.101695
03/03/2019 10:51,2018,2017,Other UK Airports,INVERNESS,12007,11896,111,12246,12220,26,-1.951658,-2.651391,326.923077
03/03/2019 10:51,2018,2017,Other UK Airports,ISLAY,1832,1831,1,1908,1907,1,-3.983229,-3.985317,0.000000
03/03/2019 10:51,2018,2017,Other UK Airports,ISLES OF SCILLY (ST.MARYS),10587,9771,816,10031,9195,836,5.542817,6.264274,-2.392344
03/03/2019 10:51,2018,2017,Other UK Airports,KIRKWALL,11840,11782,58,12008,11959,49,-1.399067,-1.480057,18.367347
03/03/2019 10:51,2018,2017,Other UK Airports,LANDS END (ST JUST),8587,7704,883,7312,6480,832,17.437090,18.888889,6.129808
03/03/2019 10:51,2018,2017,Other UK Airports,LEEDS BRADFORD,31525,31525,0,34549,34549,0,-8.752786,-8.752786,
03/03/2019 10:51,2018,2017,Other UK Airports,LERWICK (TINGWALL),955,955,0,1023,1023,0,-6.647116,-6.647116,
03/03/2019 10:51,2018,2017,Other UK Airports,LIVERPOOL (JOHN LENNON),35914,35886,28,35442,35437,5,1.331753,1.267037,460.000000
03/03/2019 10:51,2018,2017,Other UK Airports,LYDD,58,58,0,150,150,0,-61.333333,-61.333333,
03/03/2019 10:51,2018,2017,Other UK Airports,MANCHESTER,194131,193451,680,196527,195574,953,-1.219171,-1.085523,-28.646380
03/03/2019 10:51,2018,2017,Other UK Airports,NEWCASTLE,42412,42083,329,43917,43281,636,-3.426919,-2.767958,-48.270440
03/03/2019 10:51,2018,2017,Other UK Airports,NEWQUAY,7631,7631,0,8230,8230,0,-7.278250,-7.278250,
03/03/2019 10:51,2018,2017,Other UK Airports,NORWICH,20575,20575,0,23576,23576,0,-12.729046,-12.729046,
03/03/2019 10:51,2018,2017,Other UK Airports,OXFORD (KIDLINGTON),3,2,1,2,2,0,50.000000,0.000000,
03/03/2019 10:51,2018,2017,Other UK Airports,PRESTWICK,4760,4085,675,4931,4261,670,-3.467856,-4.130486,0.746269
03/03/2019 10:51,2018,2017,Other UK Airports,SCATSTA,8081,8081,0,7780,7780,0,3.868895,3.868895,
03/03/2019 10:51,2018,2017,Other UK Airports,SOUTHAMPTON,35750,35731,19,39285,39262,23,-8.998345,-8.993429,-17.391304
03/03/2019 10:51,2018,2017,Other UK Airports,STORNOWAY,6903,6903,0,6919,6917,2,-0.231247,-0.202400,-.000000
03/03/2019 10:51,2018,2017,Other UK Airports,SUMBURGH,10474,10474,0,11622,11621,1,-9.877818,-9.870063,-.000000
03/03/2019 10:51,2018,2017,Other UK Airports,TIREE,1769,1762,7,1764,1759,5,0.283447,0.170551,40.000000
03/03/2019 10:51,2018,2017,Other UK Airports,WICK JOHN O GROATS,1526,1526,0,1750,1750,0,-12.800000,-12.800000,
03/03/2019 10:51,2018,2017,Non UK Reporting Airports,ALDERNEY,4955,4934,21,5742,5709,33,-13.706026,-13.575057,-36.363636
03/03/2019 10:51,2018,2017,Non UK Reporting Airports,GUERNSEY,20930,19160,1770,22628,20865,1763,-7.503977,-8.171579,0.397050
03/03/2019 10:51,2018,2017,Non UK Reporting Airports,ISLE OF MAN,14097,13566,531,14930,14399,531,-5.579370,-5.785124,0.000000
03/03/2019 10:51,2018,2017,Non UK Reporting Airports,JERSEY,23804,22546,1258,23843,22690,1153,-0.163570,-0.634641,9.106678

