rundate,this_period,last_period,grp_cd,grp_name,apt1_apt_name,apt2_apt_name,total_pax_tp,total_pax_shd_tp,total_pax_cht_tp,total_pax_lp,total_pax_shd_lp,total_pax_cht_lp,total_pax_pc
03/03/2019 11:13,2018,2017,A,London Area Airports,GATWICK,ABERDEEN,150106,150106,0,156446,156446,0,-4.05252
03/03/2019 11:13,2018,2017,A,London Area Airports,GATWICK,BELFAST INTERNATIONAL,595943,595180,763,982928,982925,3,-39.37064
03/03/2019 11:13,2018,2017,A,London Area Airports,GATWICK,BIRMINGHAM,290,155,135,203,55,148,42.85714
03/03/2019 11:13,2018,2017,A,London Area Airports,GATWICK,BOURNEMOUTH,4,0,4,177,176,1,-97.74011
03/03/2019 11:13,2018,2017,A,London Area Airports,GATWICK,BRISTOL,158,158,0,1,0,1,15700
03/03/2019 11:13,2018,2017,A,London Area Airports,GATWICK,CARDIFF WALES,162,0,162,86,0,86,88.37209
03/03/2019 11:13,2018,2017,A,London Area Airports,GATWICK,DONCASTER SHEFFIELD,44,44,0,169,0,169,-73.9645
03/03/2019 11:13,2018,2017,A,London Area Airports,GATWICK,DURHAM TEES VALLEY,116,0,116,0,0,0,0
03/03/2019 11:13,2018,2017,A,London Area Airports,GATWICK,EAST MIDLANDS INTERNATIONAL,443,201,242,106,0,106,317.92453
03/03/2019 11:13,2018,2017,A,London Area Airports,GATWICK,EDINBURGH,740904,739985,919,737285,737285,0,0.49085
03/03/2019 11:13,2018,2017,A,London Area Airports,GATWICK,EXETER,0,0,0,189,189,0,-100
03/03/2019 11:13,2018,2017,A,London Area Airports,GATWICK,FARNBOROUGH,220,0,220,0,0,0,0
03/03/2019 11:13,2018,2017,A,London Area Airports,GATWICK,GLASGOW,620383,620337,46,618673,618423,250,0.2764
03/03/2019 11:13,2018,2017,A,London Area Airports,GATWICK,GUERNSEY,330263,330263,0,319573,319573,0,3.34509
03/03/2019 11:13,2018,2017,A,London Area Airports,GATWICK,HEATHROW,628,611,17,735,670,65,-14.55782
03/03/2019 11:13,2018,2017,A,London Area Airports,GATWICK,HUMBERSIDE,4,4,0,99,0,99,-95.9596
03/03/2019 11:13,2018,2017,A,London Area Airports,GATWICK,INVERNESS,262197,262197,0,263411,263411,0,-0.46088
03/03/2019 11:13,2018,2017,A,London Area Airports,GATWICK,ISLE OF MAN,176235,176137,98,171386,171386,0,2.82929
03/03/2019 11:13,2018,2017,A,London Area Airports,GATWICK,JERSEY,670763,670763,0,664879,664877,2,0.88497
03/03/2019 11:13,2018,2017,A,London Area Airports,GATWICK,LEEDS BRADFORD,122,0,122,190,1,189,-35.78947
03/03/2019 11:13,2018,2017,A,London Area Airports,GATWICK,LIVERPOOL (JOHN LENNON),430,7,423,219,0,219,96.34703
03/03/2019 11:13,2018,2017,A,London Area Airports,GATWICK,LONDON CITY,0,0,0,39,39,0,-100
03/03/2019 11:13,2018,2017,A,London Area Airports,GATWICK,LUTON,875,875,0,521,290,231,67.94626
03/03/2019 11:13,2018,2017,A,London Area Airports,GATWICK,MANCHESTER,2882,1156,1726,1190,239,951,142.18487
03/03/2019 11:13,2018,2017,A,London Area Airports,GATWICK,NEWCASTLE,275,0,275,232,0,232,18.53448
03/03/2019 11:13,2018,2017,A,London Area Airports,GATWICK,NEWQUAY,173446,173446,0,161614,161614,0,7.32115
03/03/2019 11:13,2018,2017,A,London Area Airports,GATWICK,NORWICH,37,0,37,107,0,107,-65.42056
03/03/2019 11:13,2018,2017,A,London Area Airports,GATWICK,PRESTWICK,0,0,0,13,0,13,-100
03/03/2019 11:13,2018,2017,A,London Area Airports,GATWICK,SOUTHEND,129,0,129,1,0,1,12800
03/03/2019 11:13,2018,2017,A,London Area Airports,GATWICK,STANSTED,320,320,0,790,643,147,-59.49367
03/03/2019 11:13,2018,2017,A,London Area Airports,HEATHROW,ABERDEEN,675816,675816,0,622034,622034,0,8.64615
03/03/2019 11:13,2018,2017,A,London Area Airports,HEATHROW,BELFAST CITY (GEORGE BEST),655338,655338,0,691552,691552,0,-5.23663
03/03/2019 11:13,2018,2017,A,London Area Airports,HEATHROW,BELFAST INTERNATIONAL,118,118,0,78,78,0,51.28205
03/03/2019 11:13,2018,2017,A,London Area Airports,HEATHROW,BIRMINGHAM,0,0,0,168,168,0,-100
03/03/2019 11:13,2018,2017,A,London Area Airports,HEATHROW,EDINBURGH,1198848,1198848,0,1179758,1179758,0,1.61813
03/03/2019 11:13,2018,2017,A,London Area Airports,HEATHROW,EXETER,0,0,0,71,0,71,-100
03/03/2019 11:13,2018,2017,A,London Area Airports,HEATHROW,GLASGOW,911191,911191,0,909117,909117,0,0.22813
03/03/2019 11:13,2018,2017,A,London Area Airports,HEATHROW,INVERNESS,97591,97591,0,79065,79065,0,23.43135
03/03/2019 11:13,2018,2017,A,London Area Airports,HEATHROW,LEEDS BRADFORD,103706,103706,0,162042,162042,0,-36.00054
03/03/2019 11:13,2018,2017,A,London Area Airports,HEATHROW,LIVERPOOL (JOHN LENNON),0,0,0,72,72,0,-100
03/03/2019 11:13,2018,2017,A,London Area Airports,HEATHROW,LONDON CITY,66,66,0,0,0,0,0
03/03/2019 11:13,2018,2017,A,London Area Airports,HEATHROW,MANCHESTER,654071,654071,0,665203,665203,0,-1.67347
03/03/2019 11:13,2018,2017,A,London Area Airports,HEATHROW,NEWCASTLE,496193,496193,0,491597,491597,0,0.93491
03/03/2019 11:13,2018,2017,A,London Area Airports,LONDON CITY,ABERDEEN,42249,42249,0,54350,54350,0,-22.26495
03/03/2019 11:13,2018,2017,A,London Area Airports,LONDON CITY,BELFAST CITY (GEORGE BEST),184881,184881,0,121019,121019,0,52.77023
03/03/2019 11:13,2018,2017,A,London Area Airports,LONDON CITY,BIRMINGHAM,70,70,0,55,55,0,27.27273
03/03/2019 11:13,2018,2017,A,London Area Airports,LONDON CITY,CARDIFF WALES,0,0,0,21273,21195,78,-100
03/03/2019 11:13,2018,2017,A,London Area Airports,LONDON CITY,EDINBURGH,496961,496961,0,484892,484892,0,2.48901
03/03/2019 11:13,2018,2017,A,London Area Airports,LONDON CITY,EXETER,38103,38103,0,33616,33616,0,13.34781
03/03/2019 11:13,2018,2017,A,London Area Airports,LONDON CITY,GLASGOW,230223,230223,0,231092,231092,0,-0.37604
03/03/2019 11:13,2018,2017,A,London Area Airports,LONDON CITY,GUERNSEY,0,0,0,21694,21694,0,-100
03/03/2019 11:13,2018,2017,A,London Area Airports,LONDON CITY,ISLE OF MAN,62036,62036,0,62061,62061,0,-0.04028
03/03/2019 11:13,2018,2017,A,London Area Airports,LONDON CITY,JERSEY,34995,34995,0,35150,35150,0,-0.44097
03/03/2019 11:13,2018,2017,A,London Area Airports,LONDON CITY,MANCHESTER,3891,3891,0,2266,2266,0,71.71227
03/03/2019 11:13,2018,2017,A,London Area Airports,LONDON CITY,NEWCASTLE,31,31,0,0,0,0,0
03/03/2019 11:13,2018,2017,A,London Area Airports,LONDON CITY,SOUTHAMPTON,0,0,0,203,203,0,-100
03/03/2019 11:13,2018,2017,A,London Area Airports,LONDON CITY,SOUTHEND,52,52,0,0,0,0,0
03/03/2019 11:13,2018,2017,A,London Area Airports,LUTON,ABERDEEN,72570,72570,0,75148,75148,0,-3.43056
03/03/2019 11:13,2018,2017,A,London Area Airports,LUTON,BELFAST CITY (GEORGE BEST),53,0,53,55,0,55,-3.63636
03/03/2019 11:13,2018,2017,A,London Area Airports,LUTON,BELFAST INTERNATIONAL,344372,344372,0,340072,340020,52,1.26444
03/03/2019 11:13,2018,2017,A,London Area Airports,LUTON,BIGGIN HILL,167,167,0,0,0,0,0
03/03/2019 11:13,2018,2017,A,London Area Airports,LUTON,BIRMINGHAM,0,0,0,525,525,0,-100
03/03/2019 11:13,2018,2017,A,London Area Airports,LUTON,BOURNEMOUTH,0,0,0,78,0,78,-100
03/03/2019 11:13,2018,2017,A,London Area Airports,LUTON,CARDIFF WALES,0,0,0,85,0,85,-100
03/03/2019 11:13,2018,2017,A,London Area Airports,LUTON,DONCASTER SHEFFIELD,179,179,0,0,0,0,0
03/03/2019 11:13,2018,2017,A,London Area Airports,LUTON,DURHAM TEES VALLEY,34,0,34,0,0,0,0
03/03/2019 11:13,2018,2017,A,London Area Airports,LUTON,EAST MIDLANDS INTERNATIONAL,0,0,0,181,181,0,-100
03/03/2019 11:13,2018,2017,A,London Area Airports,LUTON,EDINBURGH,315116,315116,0,309124,309124,0,1.93838
03/03/2019 11:13,2018,2017,A,London Area Airports,LUTON,FARNBOROUGH,0,0,0,8,0,8,-100
03/03/2019 11:13,2018,2017,A,London Area Airports,LUTON,GLASGOW,243728,243636,92,234768,234398,370,3.81653
03/03/2019 11:13,2018,2017,A,London Area Airports,LUTON,GUERNSEY,0,0,0,108,108,0,-100
03/03/2019 11:13,2018,2017,A,London Area Airports,LUTON,INVERNESS,147205,147030,175,136364,136282,82,7.95005
03/03/2019 11:13,2018,2017,A,London Area Airports,LUTON,ISLE OF MAN,23370,23370,0,16975,16969,6,37.67305
03/03/2019 11:13,2018,2017,A,London Area Airports,LUTON,JERSEY,49626,49626,0,46574,46574,0,6.55301
03/03/2019 11:13,2018,2017,A,London Area Airports,LUTON,LEEDS BRADFORD,0,0,0,113,113,0,-100
03/03/2019 11:13,2018,2017,A,London Area Airports,LUTON,LIVERPOOL (JOHN LENNON),0,0,0,112,0,112,-100
03/03/2019 11:13,2018,2017,A,London Area Airports,LUTON,MANCHESTER,680,442,238,372,155,217,82.7957
03/03/2019 11:13,2018,2017,A,London Area Airports,LUTON,SOUTHEND,0,0,0,134,134,0,-100
03/03/2019 11:13,2018,2017,A,London Area Airports,LUTON,STANSTED,0,0,0,777,777,0,-100
03/03/2019 11:13,2018,2017,A,London Area Airports,SOUTHEND,ABERDEEN,80,80,0,320,320,0,-75
03/03/2019 11:13,2018,2017,A,London Area Airports,SOUTHEND,BELFAST CITY (GEORGE BEST),0,0,0,506,506,0,-100
03/03/2019 11:13,2018,2017,A,London Area Airports,SOUTHEND,CARDIFF WALES,0,0,0,180,180,0,-100
03/03/2019 11:13,2018,2017,A,London Area Airports,SOUTHEND,EDINBURGH,69,69,0,671,671,0,-89.71684
03/03/2019 11:13,2018,2017,A,London Area Airports,SOUTHEND,EXETER,0,0,0,336,336,0,-100
03/03/2019 11:13,2018,2017,A,London Area Airports,SOUTHEND,GLASGOW,41979,41979,0,6360,6360,0,560.04717
03/03/2019 11:13,2018,2017,A,London Area Airports,SOUTHEND,GUERNSEY,0,0,0,18,18,0,-100
03/03/2019 11:13,2018,2017,A,London Area Airports,SOUTHEND,ISLE OF MAN,0,0,0,180,180,0,-100
03/03/2019 11:13,2018,2017,A,London Area Airports,SOUTHEND,JERSEY,30505,30505,0,25701,25701,0,18.69188
03/03/2019 11:13,2018,2017,A,London Area Airports,SOUTHEND,LIVERPOOL (JOHN LENNON),0,0,0,60,60,0,-100
03/03/2019 11:13,2018,2017,A,London Area Airports,SOUTHEND,MANCHESTER,51772,51772,0,7557,7557,0,585.08667
03/03/2019 11:13,2018,2017,A,London Area Airports,STANSTED,BELFAST INTERNATIONAL,677155,677001,154,375785,375785,0,80.19745
03/03/2019 11:13,2018,2017,A,London Area Airports,STANSTED,BIRMINGHAM,316,316,0,0,0,0,0
03/03/2019 11:13,2018,2017,A,London Area Airports,STANSTED,CITY OF DERRY (EGLINTON),47375,47375,0,54696,54696,0,-13.38489
03/03/2019 11:13,2018,2017,A,London Area Airports,STANSTED,DUNDEE,20534,20534,0,20652,20652,0,-0.57137
03/03/2019 11:13,2018,2017,A,London Area Airports,STANSTED,DURHAM TEES VALLEY,0,0,0,68,0,68,-100
03/03/2019 11:13,2018,2017,A,London Area Airports,STANSTED,EAST MIDLANDS INTERNATIONAL,235,235,0,0,0,0,0
03/03/2019 11:13,2018,2017,A,London Area Airports,STANSTED,EDINBURGH,732022,731885,137,720271,720271,0,1.63147
03/03/2019 11:13,2018,2017,A,London Area Airports,STANSTED,GLASGOW,432349,431914,435,527139,527139,0,-17.98197
03/03/2019 11:13,2018,2017,A,London Area Airports,STANSTED,GUERNSEY,27429,27429,0,25739,25739,0,6.56591
03/03/2019 11:13,2018,2017,A,London Area Airports,STANSTED,INVERNESS,92,0,92,410,150,260,-77.56098
03/03/2019 11:13,2018,2017,A,London Area Airports,STANSTED,MANCHESTER,299,238,61,24,0,24,1145.83333
03/03/2019 11:13,2018,2017,A,London Area Airports,STANSTED,NEWQUAY,5535,5535,0,21350,21350,0,-74.07494
03/03/2019 11:13,2018,2017,A,London Area Airports,STANSTED,NORWICH,20,20,0,0,0,0,0
03/03/2019 11:13,2018,2017,A,London Area Airports,STANSTED,PRESTWICK,0,0,0,112,112,0,-100
03/03/2019 11:13,2018,2017,A,London Area Airports,STANSTED,TOLLERTON NOTTINGHAM,177,177,0,0,0,0,0
03/03/2019 11:13,2018,2017,B,Other Reporting Airports,ABERDEEN,BELFAST CITY (GEORGE BEST),41903,41903,0,42806,42806,0,-2.10952
03/03/2019 11:13,2018,2017,B,Other Reporting Airports,ABERDEEN,BIRMINGHAM,112560,112505,55,131075,131020,55,-14.1255
03/03/2019 11:13,2018,2017,B,Other Reporting Airports,ABERDEEN,BRISTOL,13161,13161,0,16664,16664,0,-21.02136
03/03/2019 11:13,2018,2017,B,Other Reporting Airports,ABERDEEN,CARDIFF WALES,6782,6726,56,8363,8363,0,-18.9047
03/03/2019 11:13,2018,2017,B,Other Reporting Airports,ABERDEEN,CONINGSBY,3,3,0,0,0,0,0
03/03/2019 11:13,2018,2017,B,Other Reporting Airports,ABERDEEN,DONCASTER SHEFFIELD,0,0,0,12,12,0,-100
03/03/2019 11:13,2018,2017,B,Other Reporting Airports,ABERDEEN,DURHAM TEES VALLEY,21496,21428,68,17508,17493,15,22.77816
03/03/2019 11:13,2018,2017,B,Other Reporting Airports,ABERDEEN,EAST MIDLANDS INTERNATIONAL,22,22,0,44,44,0,-50
03/03/2019 11:13,2018,2017,B,Other Reporting Airports,ABERDEEN,EDINBURGH,42,42,0,119,119,0,-64.70588
03/03/2019 11:13,2018,2017,B,Other Reporting Airports,ABERDEEN,EXETER,0,0,0,53,53,0,-100
03/03/2019 11:13,2018,2017,B,Other Reporting Airports,ABERDEEN,FARNBOROUGH,22,0,22,0,0,0,0
03/03/2019 11:13,2018,2017,B,Other Reporting Airports,ABERDEEN,GLASGOW,49,17,32,313,313,0,-84.34505
03/03/2019 11:13,2018,2017,B,Other Reporting Airports,ABERDEEN,HUMBERSIDE,23143,23143,0,23615,23615,0,-1.99873
03/03/2019 11:13,2018,2017,B,Other Reporting Airports,ABERDEEN,INVERNESS,122,122,0,86,86,0,41.86047
03/03/2019 11:13,2018,2017,B,Other Reporting Airports,ABERDEEN,JERSEY,2529,2529,0,2759,2759,0,-8.33635
03/03/2019 11:13,2018,2017,B,Other Reporting Airports,ABERDEEN,KIRKWALL,57620,57212,408,54861,54753,108,5.02907
03/03/2019 11:13,2018,2017,B,Other Reporting Airports,ABERDEEN,LEEDS BRADFORD,2222,2222,0,5076,5063,13,-56.22537
03/03/2019 11:13,2018,2017,B,Other Reporting Airports,ABERDEEN,LIVERPOOL (JOHN LENNON),0,0,0,40,40,0,-100
03/03/2019 11:13,2018,2017,B,Other Reporting Airports,ABERDEEN,LOSSIEMOUTH,3,3,0,0,0,0,0
03/03/2019 11:13,2018,2017,B,Other Reporting Airports,ABERDEEN,MANCHESTER,218630,218289,341,208112,208112,0,5.05401
03/03/2019 11:13,2018,2017,B,Other Reporting Airports,ABERDEEN,NEWCASTLE,10923,10923,0,11410,11410,0,-4.26819
03/03/2019 11:13,2018,2017,B,Other Reporting Airports,ABERDEEN,NEWQUAY,1790,1790,0,1554,1554,0,15.18662
03/03/2019 11:13,2018,2017,B,Other Reporting Airports,ABERDEEN,NORWICH,41932,41932,0,45386,45386,0,-7.61028
03/03/2019 11:13,2018,2017,B,Other Reporting Airports,ABERDEEN,SCATSTA,94066,757,93309,94611,828,93783,-0.57604
03/03/2019 11:13,2018,2017,B,Other Reporting Airports,ABERDEEN,SOUTHAMPTON,7662,7662,0,14217,14217,0,-46.10677
03/03/2019 11:13,2018,2017,B,Other Reporting Airports,ABERDEEN,STORNOWAY,5961,5961,0,4806,4806,0,24.03246
03/03/2019 11:13,2018,2017,B,Other Reporting Airports,ABERDEEN,SUMBURGH,140667,99025,41642,155459,117200,38259,-9.51505
03/03/2019 11:13,2018,2017,B,Other Reporting Airports,ABERDEEN,WICK JOHN O GROATS,7775,7775,0,6883,6883,0,12.95947
03/03/2019 11:13,2018,2017,B,Other Reporting Airports,ALDERNEY,BOURNEMOUTH,17,17,0,0,0,0,0
03/03/2019 11:13,2018,2017,B,Other Reporting Airports,ALDERNEY,BRISTOL,5,5,0,0,0,0,0
03/03/2019 11:13,2018,2017,B,Other Reporting Airports,ALDERNEY,GUERNSEY,29746,29746,0,30870,30870,0,-3.64108
03/03/2019 11:13,2018,2017,B,Other Reporting Airports,ALDERNEY,JERSEY,0,0,0,198,198,0,-100
03/03/2019 11:13,2018,2017,B,Other Reporting Airports,ALDERNEY,SOUTHAMPTON,23580,23580,0,23692,23692,0,-0.47273
03/03/2019 11:13,2018,2017,B,Other Reporting Airports,ANGLESEY (VALLEY),CARDIFF WALES,14617,14617,0,13045,13045,0,12.05059
03/03/2019 11:13,2018,2017,B,Other Reporting Airports,ANGLESEY (VALLEY),HAWARDEN,12,12,0,0,0,0,0
03/03/2019 11:13,2018,2017,B,Other Reporting Airports,BARRA,BENBECULA,6,6,0,12,12,0,-50
03/03/2019 11:13,2018,2017,B,Other Reporting Airports,BARRA,GLASGOW,14700,14700,0,14890,14890,0,-1.27602
03/03/2019 11:13,2018,2017,B,Other Reporting Airports,BARRA,TIREE,0,0,0,11,11,0,-100
03/03/2019 11:13,2018,2017,B,Other Reporting Airports,BELFAST CITY (GEORGE BEST),BELFAST INTERNATIONAL,33,33,0,152,152,0,-78.28947
03/03/2019 11:13,2018,2017,B,Other Reporting Airports,BELFAST CITY (GEORGE BEST),BIRMINGHAM,275477,275260,217,269110,268715,395,2.36595
03/03/2019 11:13,2018,2017,B,Other Reporting Airports,BELFAST CITY (GEORGE BEST),BOURNEMOUTH,0,0,0,56,56,0,-100
03/03/2019 11:13,2018,2017,B,Other Reporting Airports,BELFAST CITY (GEORGE BEST),CARDIFF WALES,70784,70746,38,50909,50909,0,39.04025
03/03/2019 11:13,2018,2017,B,Other Reporting Airports,BELFAST CITY (GEORGE BEST),DONCASTER SHEFFIELD,16766,16766,0,0,0,0,0
03/03/2019 11:13,2018,2017,B,Other Reporting Airports,BELFAST CITY (GEORGE BEST),EAST MIDLANDS INTERNATIONAL,150497,150371,126,148988,148988,0,1.01283
03/03/2019 11:13,2018,2017,B,Other Reporting Airports,BELFAST CITY (GEORGE BEST),EDINBURGH,151147,150988,159,172135,171973,162,-12.19276
03/03/2019 11:13,2018,2017,B,Other Reporting Airports,BELFAST CITY (GEORGE BEST),EXETER,36722,36722,0,36249,36249,0,1.30486
03/03/2019 11:13,2018,2017,B,Other Reporting Airports,BELFAST CITY (GEORGE BEST),GLASGOW,148985,148907,78,163559,163371,188,-8.91055
03/03/2019 11:13,2018,2017,B,Other Reporting Airports,BELFAST CITY (GEORGE BEST),INVERNESS,35999,35999,0,33097,33019,78,8.76817
03/03/2019 11:13,2018,2017,B,Other Reporting Airports,BELFAST CITY (GEORGE BEST),ISLE OF MAN,3769,3769,0,10864,10864,0,-65.30744
03/03/2019 11:13,2018,2017,B,Other Reporting Airports,BELFAST CITY (GEORGE BEST),LEEDS BRADFORD,165858,165808,50,166872,166816,56,-0.60765
03/03/2019 11:13,2018,2017,B,Other Reporting Airports,BELFAST CITY (GEORGE BEST),LIVERPOOL (JOHN LENNON),28784,28784,0,35170,35170,0,-18.15752
03/03/2019 11:13,2018,2017,B,Other Reporting Airports,BELFAST CITY (GEORGE BEST),MANCHESTER,280250,280106,144,287251,287251,0,-2.43724
03/03/2019 11:13,2018,2017,B,Other Reporting Airports,BELFAST CITY (GEORGE BEST),NEWCASTLE,3021,3021,0,3633,3633,0,-16.84558
03/03/2019 11:13,2018,2017,B,Other Reporting Airports,BELFAST CITY (GEORGE BEST),NEWQUAY,3217,3217,0,3534,3534,0,-8.97001
03/03/2019 11:13,2018,2017,B,Other Reporting Airports,BELFAST CITY (GEORGE BEST),PRESTWICK,77,77,0,75,75,0,2.66667
03/03/2019 11:13,2018,2017,B,Other Reporting Airports,BELFAST CITY (GEORGE BEST),SOUTHAMPTON,128209,128138,71,118840,118840,0,7.88371
03/03/2019 11:13,2018,2017,B,Other Reporting Airports,BELFAST INTERNATIONAL,BIRMINGHAM,252079,251539,540,224393,224393,0,12.33817
03/03/2019 11:13,2018,2017,B,Other Reporting Airports,BELFAST INTERNATIONAL,BRISTOL,258128,258128,0,261739,261739,0,-1.37962
03/03/2019 11:13,2018,2017,B,Other Reporting Airports,BELFAST INTERNATIONAL,CARDIFF WALES,94,0,94,302,0,302,-68.87417
03/03/2019 11:13,2018,2017,B,Other Reporting Airports,BELFAST INTERNATIONAL,DONCASTER SHEFFIELD,0,0,0,133,0,133,-100
03/03/2019 11:13,2018,2017,B,Other Reporting Airports,BELFAST INTERNATIONAL,EAST MIDLANDS INTERNATIONAL,144,0,144,263,0,263,-45.24715
03/03/2019 11:13,2018,2017,B,Other Reporting Airports,BELFAST INTERNATIONAL,EDINBURGH,328320,328320,0,284833,284833,0,15.26754
03/03/2019 11:13,2018,2017,B,Other Reporting Airports,BELFAST INTERNATIONAL,EXETER,0,0,0,366,296,70,-100
03/03/2019 11:13,2018,2017,B,Other Reporting Airports,BELFAST INTERNATIONAL,GLASGOW,291253,291253,0,261020,260749,271,11.58264
03/03/2019 11:13,2018,2017,B,Other Reporting Airports,BELFAST INTERNATIONAL,INVERNESS,0,0,0,73,73,0,-100
03/03/2019 11:13,2018,2017,B,Other Reporting Airports,BELFAST INTERNATIONAL,ISLE OF MAN,12924,12924,0,0,0,0,0
03/03/2019 11:13,2018,2017,B,Other Reporting Airports,BELFAST INTERNATIONAL,JERSEY,21308,21308,0,20793,20793,0,2.4768
03/03/2019 11:13,2018,2017,B,Other Reporting Airports,BELFAST INTERNATIONAL,LEEDS BRADFORD,0,0,0,75,0,75,-100
03/03/2019 11:13,2018,2017,B,Other Reporting Airports,BELFAST INTERNATIONAL,LIVERPOOL (JOHN LENNON),498603,498603,0,490613,490576,37,1.62857
03/03/2019 11:13,2018,2017,B,Other Reporting Airports,BELFAST INTERNATIONAL,MANCHESTER,370731,370731,0,265670,265615,55,39.54568
03/03/2019 11:13,2018,2017,B,Other Reporting Airports,BELFAST INTERNATIONAL,NEWCASTLE,269945,269945,0,259775,259775,0,3.91493
03/03/2019 11:13,2018,2017,B,Other Reporting Airports,BELFAST INTERNATIONAL,PRESTWICK,0,0,0,50,0,50,-100
03/03/2019 11:13,2018,2017,B,Other Reporting Airports,BENBECULA,EDINBURGH,2,2,0,20,20,0,-90
03/03/2019 11:13,2018,2017,B,Other Reporting Airports,BENBECULA,GLASGOW,26054,26054,0,24143,24143,0,7.91534
03/03/2019 11:13,2018,2017,B,Other Reporting Airports,BENBECULA,INVERNESS,41,41,0,36,36,0,13.88889
03/03/2019 11:13,2018,2017,B,Other Reporting Airports,BENBECULA,ISLAY,9,9,0,0,0,0,0
03/03/2019 11:13,2018,2017,B,Other Reporting Airports,BENBECULA,MANCHESTER,0,0,0,211,211,0,-100
03/03/2019 11:13,2018,2017,B,Other Reporting Airports,BENBECULA,PRESTWICK,33,33,0,0,0,0,0
03/03/2019 11:13,2018,2017,B,Other Reporting Airports,BENBECULA,STORNOWAY,9259,9259,0,9048,9048,0,2.33201
03/03/2019 11:13,2018,2017,B,Other Reporting Airports,BIGGIN HILL,DURHAM TEES VALLEY,0,0,0,34,0,34,-100
03/03/2019 11:13,2018,2017,B,Other Reporting Airports,BIGGIN HILL,EAST MIDLANDS INTERNATIONAL,39,0,39,34,0,34,14.70588
03/03/2019 11:13,2018,2017,B,Other Reporting Airports,BIGGIN HILL,HUMBERSIDE,0,0,0,59,0,59,-100
03/03/2019 11:13,2018,2017,B,Other Reporting Airports,BIGGIN HILL,JERSEY,78,0,78,0,0,0,0
03/03/2019 11:13,2018,2017,B,Other Reporting Airports,BIGGIN HILL,LIVERPOOL (JOHN LENNON),70,0,70,271,0,271,-74.16974
03/03/2019 11:13,2018,2017,B,Other Reporting Airports,BIGGIN HILL,NEWCASTLE,41,0,41,0,0,0,0
03/03/2019 11:13,2018,2017,B,Other Reporting Airports,BIRMINGHAM,BRISTOL,67,67,0,37,37,0,81.08108
03/03/2019 11:13,2018,2017,B,Other Reporting Airports,BIRMINGHAM,DONCASTER SHEFFIELD,0,0,0,89,89,0,-100
03/03/2019 11:13,2018,2017,B,Other Reporting Airports,BIRMINGHAM,DURHAM TEES VALLEY,0,0,0,46,0,46,-100
03/03/2019 11:13,2018,2017,B,Other Reporting Airports,BIRMINGHAM,EAST MIDLANDS INTERNATIONAL,359,359,0,150,150,0,139.33333
03/03/2019 11:13,2018,2017,B,Other Reporting Airports,BIRMINGHAM,EDINBURGH,267695,266985,710,255142,254974,168,4.92001
03/03/2019 11:13,2018,2017,B,Other Reporting Airports,BIRMINGHAM,GLASGOW,234522,233965,557,221667,221471,196,5.79924
03/03/2019 11:13,2018,2017,B,Other Reporting Airports,BIRMINGHAM,GUERNSEY,29625,29546,79,34851,34851,0,-14.99527
03/03/2019 11:13,2018,2017,B,Other Reporting Airports,BIRMINGHAM,INVERNESS,45084,45084,0,44071,44071,0,2.29856
03/03/2019 11:13,2018,2017,B,Other Reporting Airports,BIRMINGHAM,ISLE OF MAN,42418,42418,0,44064,44064,0,-3.73548
03/03/2019 11:13,2018,2017,B,Other Reporting Airports,BIRMINGHAM,JERSEY,72126,72126,0,60251,60251,0,19.70922
03/03/2019 11:13,2018,2017,B,Other Reporting Airports,BIRMINGHAM,LEEDS BRADFORD,0,0,0,35,35,0,-100
03/03/2019 11:13,2018,2017,B,Other Reporting Airports,BIRMINGHAM,LIVERPOOL (JOHN LENNON),185,185,0,0,0,0,0
03/03/2019 11:13,2018,2017,B,Other Reporting Airports,BIRMINGHAM,MANCHESTER,188,188,0,351,351,0,-46.43875
03/03/2019 11:13,2018,2017,B,Other Reporting Airports,BIRMINGHAM,NEWCASTLE,104,72,32,191,29,162,-45.54974
03/03/2019 11:13,2018,2017,B,Other Reporting Airports,BIRMINGHAM,NEWQUAY,23521,23521,0,27041,27041,0,-13.01727
03/03/2019 11:13,2018,2017,B,Other Reporting Airports,BIRMINGHAM,NORWICH,120,0,120,0,0,0,0
03/03/2019 11:13,2018,2017,B,Other Reporting Airports,BIRMINGHAM,SOUTHAMPTON,112,112,0,179,179,0,-37.43017
03/03/2019 11:13,2018,2017,B,Other Reporting Airports,BLACKBUSHE,JERSEY,0,0,0,2,2,0,-100
03/03/2019 11:13,2018,2017,B,Other Reporting Airports,BLACKPOOL,CARDIFF WALES,36,0,36,81,0,81,-55.55556
03/03/2019 11:13,2018,2017,B,Other Reporting Airports,BLACKPOOL,EAST MIDLANDS INTERNATIONAL,1,0,1,0,0,0,0
03/03/2019 11:13,2018,2017,B,Other Reporting Airports,BLACKPOOL,ISLE OF MAN,0,0,0,1906,1906,0,-100
03/03/2019 11:13,2018,2017,B,Other Reporting Airports,BOURNEMOUTH,CARDIFF WALES,194,0,194,47,0,47,312.76596
03/03/2019 11:13,2018,2017,B,Other Reporting Airports,BOURNEMOUTH,DONCASTER SHEFFIELD,43,0,43,0,0,0,0
03/03/2019 11:13,2018,2017,B,Other Reporting Airports,BOURNEMOUTH,DURHAM TEES VALLEY,0,0,0,146,0,146,-100
03/03/2019 11:13,2018,2017,B,Other Reporting Airports,BOURNEMOUTH,EAST MIDLANDS INTERNATIONAL,80,0,80,38,0,38,110.52632
03/03/2019 11:13,2018,2017,B,Other Reporting Airports,BOURNEMOUTH,EDINBURGH,69,69,0,0,0,0,0
03/03/2019 11:13,2018,2017,B,Other Reporting Airports,BOURNEMOUTH,GLASGOW,0,0,0,25,25,0,-100
03/03/2019 11:13,2018,2017,B,Other Reporting Airports,BOURNEMOUTH,GUERNSEY,122,0,122,0,0,0,0
03/03/2019 11:13,2018,2017,B,Other Reporting Airports,BOURNEMOUTH,HUMBERSIDE,0,0,0,96,0,96,-100
03/03/2019 11:13,2018,2017,B,Other Reporting Airports,BOURNEMOUTH,JERSEY,232,232,0,9,9,0,2477.77778
03/03/2019 11:13,2018,2017,B,Other Reporting Airports,BOURNEMOUTH,LEEDS BRADFORD,83,0,83,267,193,74,-68.91386
03/03/2019 11:13,2018,2017,B,Other Reporting Airports,BOURNEMOUTH,LIVERPOOL (JOHN LENNON),206,0,206,556,0,556,-62.94964
03/03/2019 11:13,2018,2017,B,Other Reporting Airports,BOURNEMOUTH,MANCHESTER,498,0,498,849,42,807,-41.34276
03/03/2019 11:13,2018,2017,B,Other Reporting Airports,BOURNEMOUTH,NEWCASTLE,171,0,171,241,65,176,-29.04564
03/03/2019 11:13,2018,2017,B,Other Reporting Airports,BOURNEMOUTH,NORWICH,30,0,30,0,0,0,0
03/03/2019 11:13,2018,2017,B,Other Reporting Airports,BOURNEMOUTH,SOUTHAMPTON,35,35,0,0,0,0,0
03/03/2019 11:13,2018,2017,B,Other Reporting Airports,BRISTOL,CARDIFF WALES,798,798,0,808,808,0,-1.23762
03/03/2019 11:13,2018,2017,B,Other Reporting Airports,BRISTOL,DONCASTER SHEFFIELD,47,47,0,0,0,0,0
03/03/2019 11:13,2018,2017,B,Other Reporting Airports,BRISTOL,DURHAM TEES VALLEY,155,0,155,26,0,26,496.15385
03/03/2019 11:13,2018,2017,B,Other Reporting Airports,BRISTOL,EDINBURGH,400014,399971,43,393853,393808,45,1.56429
03/03/2019 11:13,2018,2017,B,Other Reporting Airports,BRISTOL,EXETER,0,0,0,425,425,0,-100
03/03/2019 11:13,2018,2017,B,Other Reporting Airports,BRISTOL,FARNBOROUGH,0,0,0,4,4,0,-100
03/03/2019 11:13,2018,2017,B,Other Reporting Airports,BRISTOL,GLASGOW,312051,311933,118,307010,306936,74,1.64197
03/03/2019 11:13,2018,2017,B,Other Reporting Airports,BRISTOL,GUERNSEY,27678,27678,0,24959,24959,0,10.89387
03/03/2019 11:13,2018,2017,B,Other Reporting Airports,BRISTOL,HAWARDEN,2877,73,2804,3235,45,3190,-11.06646
03/03/2019 11:13,2018,2017,B,Other Reporting Airports,BRISTOL,HUMBERSIDE,59,0,59,87,0,87,-32.18391
03/03/2019 11:13,2018,2017,B,Other Reporting Airports,BRISTOL,INVERNESS,92842,92842,0,96659,96659,0,-3.94893
03/03/2019 11:13,2018,2017,B,Other Reporting Airports,BRISTOL,ISLE OF MAN,29241,29241,0,26758,26758,0,9.27947
03/03/2019 11:13,2018,2017,B,Other Reporting Airports,BRISTOL,JERSEY,24447,24447,0,26579,26579,0,-8.02137
03/03/2019 11:13,2018,2017,B,Other Reporting Airports,BRISTOL,LEEDS BRADFORD,0,0,0,95,0,95,-100
03/03/2019 11:13,2018,2017,B,Other Reporting Airports,BRISTOL,LIVERPOOL (JOHN LENNON),149,149,0,219,219,0,-31.96347
03/03/2019 11:13,2018,2017,B,Other Reporting Airports,BRISTOL,MANCHESTER,376,35,341,811,612,199,-53.63748
03/03/2019 11:13,2018,2017,B,Other Reporting Airports,BRISTOL,NEWCASTLE,189534,189228,306,169962,169634,328,11.51552
03/03/2019 11:13,2018,2017,B,Other Reporting Airports,BRISTOL,NEWQUAY,5,5,0,2,2,0,150
03/03/2019 11:13,2018,2017,B,Other Reporting Airports,BRISTOL,NORWICH,0,0,0,121,23,98,-100
03/03/2019 11:13,2018,2017,B,Other Reporting Airports,BRISTOL,SOUTHAMPTON,5,5,0,0,0,0,0
03/03/2019 11:13,2018,2017,B,Other Reporting Airports,CAMBRIDGE,DURHAM TEES VALLEY,80,0,80,0,0,0,0
03/03/2019 11:13,2018,2017,B,Other Reporting Airports,CAMBRIDGE,MANCHESTER,4,4,0,0,0,0,0
03/03/2019 11:13,2018,2017,B,Other Reporting Airports,CAMPBELTOWN,FARNBOROUGH,0,0,0,4,4,0,-100
03/03/2019 11:13,2018,2017,B,Other Reporting Airports,CAMPBELTOWN,GLASGOW,8414,8414,0,8620,8620,0,-2.38979
03/03/2019 11:13,2018,2017,B,Other Reporting Airports,CAMPBELTOWN,ISLAY,14,14,0,15,15,0,-6.66667
03/03/2019 11:13,2018,2017,B,Other Reporting Airports,CAMPBELTOWN,TIREE,44,44,0,87,87,0,-49.42529
03/03/2019 11:13,2018,2017,B,Other Reporting Airports,CARDIFF WALES,DONCASTER SHEFFIELD,273,0,273,34,34,0,702.94118
03/03/2019 11:13,2018,2017,B,Other Reporting Airports,CARDIFF WALES,DURHAM TEES VALLEY,137,0,137,163,0,163,-15.95092
03/03/2019 11:13,2018,2017,B,Other Reporting Airports,CARDIFF WALES,EAST MIDLANDS INTERNATIONAL,154,0,154,139,0,139,10.79137
03/03/2019 11:13,2018,2017,B,Other Reporting Airports,CARDIFF WALES,EDINBURGH,102102,101671,431,99369,98597,772,2.75035
03/03/2019 11:13,2018,2017,B,Other Reporting Airports,CARDIFF WALES,EXETER,0,0,0,19,19,0,-100
03/03/2019 11:13,2018,2017,B,Other Reporting Airports,CARDIFF WALES,FARNBOROUGH,41,0,41,0,0,0,0
03/03/2019 11:13,2018,2017,B,Other Reporting Airports,CARDIFF WALES,GLASGOW,33261,33097,164,28919,28787,132,15.01435
03/03/2019 11:13,2018,2017,B,Other Reporting Airports,CARDIFF WALES,GUERNSEY,2035,2035,0,3264,3264,0,-37.65319
03/03/2019 11:13,2018,2017,B,Other Reporting Airports,CARDIFF WALES,HUMBERSIDE,114,0,114,233,0,233,-51.07296
03/03/2019 11:13,2018,2017,B,Other Reporting Airports,CARDIFF WALES,JERSEY,20095,20095,0,17134,17134,0,17.28143
03/03/2019 11:13,2018,2017,B,Other Reporting Airports,CARDIFF WALES,LEEDS BRADFORD,243,3,240,136,0,136,78.67647
03/03/2019 11:13,2018,2017,B,Other Reporting Airports,CARDIFF WALES,LIVERPOOL (JOHN LENNON),322,0,322,195,0,195,65.12821
03/03/2019 11:13,2018,2017,B,Other Reporting Airports,CARDIFF WALES,MANCHESTER,651,69,582,733,0,733,-11.1869
03/03/2019 11:13,2018,2017,B,Other Reporting Airports,CARDIFF WALES,NEWCASTLE,11522,11284,238,13855,13541,314,-16.83869
03/03/2019 11:13,2018,2017,B,Other Reporting Airports,CARDIFF WALES,NORWICH,153,0,153,163,0,163,-6.13497
03/03/2019 11:13,2018,2017,B,Other Reporting Airports,CARDIFF WALES,PRESTWICK,0,0,0,143,143,0,-100
03/03/2019 11:13,2018,2017,B,Other Reporting Airports,CARDIFF WALES,SOUTHAMPTON,75,0,75,76,0,76,-1.31579
03/03/2019 11:13,2018,2017,B,Other Reporting Airports,CITY OF DERRY (EGLINTON),DONCASTER SHEFFIELD,6,6,0,0,0,0,0
03/03/2019 11:13,2018,2017,B,Other Reporting Airports,CITY OF DERRY (EGLINTON),DUNDEE,0,0,0,16,0,16,-100
03/03/2019 11:13,2018,2017,B,Other Reporting Airports,CITY OF DERRY (EGLINTON),EDINBURGH,13402,13366,36,0,0,0,0
03/03/2019 11:13,2018,2017,B,Other Reporting Airports,CITY OF DERRY (EGLINTON),FARNBOROUGH,0,0,0,1,0,1,-100
03/03/2019 11:13,2018,2017,B,Other Reporting Airports,CITY OF DERRY (EGLINTON),GLASGOW,64736,64735,1,84968,84626,342,-23.81132
03/03/2019 11:13,2018,2017,B,Other Reporting Airports,CITY OF DERRY (EGLINTON),LIVERPOOL (JOHN LENNON),57792,57792,0,52354,52353,1,10.38698
03/03/2019 11:13,2018,2017,B,Other Reporting Airports,CITY OF DERRY (EGLINTON),NORWICH,61,61,0,0,0,0,0
03/03/2019 11:13,2018,2017,B,Other Reporting Airports,CITY OF DERRY (EGLINTON),SOUTHAMPTON,0,0,0,6,0,6,-100
03/03/2019 11:13,2018,2017,B,Other Reporting Airports,COLL,TIREE,489,489,0,155,155,0,215.48387
03/03/2019 11:13,2018,2017,B,Other Reporting Airports,COLONSAY,ISLAY,364,364,0,58,58,0,527.58621
03/03/2019 11:13,2018,2017,B,Other Reporting Airports,CONINGSBY,HUMBERSIDE,0,0,0,26,26,0,-100
03/03/2019 11:13,2018,2017,B,Other Reporting Airports,CONINGSBY,NORWICH,7,7,0,0,0,0,0
03/03/2019 11:13,2018,2017,B,Other Reporting Airports,COTSWOLD APT - KEMBLE,MANCHESTER,320,320,0,0,0,0,0
03/03/2019 11:13,2018,2017,B,Other Reporting Airports,CUMBERNAULD,LERWICK (TINGWALL),1,1,0,0,0,0,0
03/03/2019 11:13,2018,2017,B,Other Reporting Airports,DONCASTER SHEFFIELD,EAST MIDLANDS INTERNATIONAL,79,0,79,0,0,0,0
03/03/2019 11:13,2018,2017,B,Other Reporting Airports,DONCASTER SHEFFIELD,FARNBOROUGH,32,0,32,55,0,55,-41.81818
03/03/2019 11:13,2018,2017,B,Other Reporting Airports,DONCASTER SHEFFIELD,JERSEY,33032,33032,0,33096,33096,0,-0.19338
03/03/2019 11:13,2018,2017,B,Other Reporting Airports,DONCASTER SHEFFIELD,LEEDS BRADFORD,7,7,0,146,3,143,-95.20548
03/03/2019 11:13,2018,2017,B,Other Reporting Airports,DONCASTER SHEFFIELD,LIVERPOOL (JOHN LENNON),109,0,109,184,184,0,-40.76087
03/03/2019 11:13,2018,2017,B,Other Reporting Airports,DONCASTER SHEFFIELD,MANCHESTER,6,6,0,4,4,0,50
03/03/2019 11:13,2018,2017,B,Other Reporting Airports,DONCASTER SHEFFIELD,NEWQUAY,7502,7502,0,7101,7101,0,5.64709
03/03/2019 11:13,2018,2017,B,Other Reporting Airports,DONCASTER SHEFFIELD,SOUTHAMPTON,85,85,0,106,106,0,-19.81132
03/03/2019 11:13,2018,2017,B,Other Reporting Airports,DUNDEE,EDINBURGH,9,9,0,0,0,0,0
03/03/2019 11:13,2018,2017,B,Other Reporting Airports,DUNDEE,GLASGOW,12,12,0,0,0,0,0
03/03/2019 11:13,2018,2017,B,Other Reporting Airports,DUNDEE,GUERNSEY,0,0,0,3,0,3,-100
03/03/2019 11:13,2018,2017,B,Other Reporting Airports,DUNDEE,KIRKWALL,0,0,0,29,29,0,-100
03/03/2019 11:13,2018,2017,B,Other Reporting Airports,DUNDEE,NORWICH,32,32,0,0,0,0,0
03/03/2019 11:13,2018,2017,B,Other Reporting Airports,DUNDEE,SUMBURGH,0,0,0,17,17,0,-100
03/03/2019 11:13,2018,2017,B,Other Reporting Airports,DURHAM TEES VALLEY,EAST MIDLANDS INTERNATIONAL,0,0,0,104,39,65,-100
03/03/2019 11:13,2018,2017,B,Other Reporting Airports,DURHAM TEES VALLEY,FARNBOROUGH,129,63,66,65,65,0,98.46154
03/03/2019 11:13,2018,2017,B,Other Reporting Airports,DURHAM TEES VALLEY,HUMBERSIDE,189,189,0,941,941,0,-79.91498
03/03/2019 11:13,2018,2017,B,Other Reporting Airports,DURHAM TEES VALLEY,ISLE OF MAN,0,0,0,7,7,0,-100
03/03/2019 11:13,2018,2017,B,Other Reporting Airports,DURHAM TEES VALLEY,JERSEY,2556,2556,0,2558,2558,0,-0.07819
03/03/2019 11:13,2018,2017,B,Other Reporting Airports,DURHAM TEES VALLEY,LEEDS BRADFORD,6,6,0,17,17,0,-64.70588
03/03/2019 11:13,2018,2017,B,Other Reporting Airports,DURHAM TEES VALLEY,LIVERPOOL (JOHN LENNON),0,0,0,85,0,85,-100
03/03/2019 11:13,2018,2017,B,Other Reporting Airports,DURHAM TEES VALLEY,NEWCASTLE,72,72,0,41,41,0,75.60976
03/03/2019 11:13,2018,2017,B,Other Reporting Airports,DURHAM TEES VALLEY,NORWICH,122,50,72,678,606,72,-82.0059
03/03/2019 11:13,2018,2017,B,Other Reporting Airports,DURHAM TEES VALLEY,SOUTHAMPTON,9,9,0,151,0,151,-94.03974
03/03/2019 11:13,2018,2017,B,Other Reporting Airports,EAST MIDLANDS INTERNATIONAL,EDINBURGH,93215,93215,0,92883,92883,0,0.35744
03/03/2019 11:13,2018,2017,B,Other Reporting Airports,EAST MIDLANDS INTERNATIONAL,EXETER,0,0,0,72,72,0,-100
03/03/2019 11:13,2018,2017,B,Other Reporting Airports,EAST MIDLANDS INTERNATIONAL,GLASGOW,97143,97143,0,102712,102617,95,-5.42196
03/03/2019 11:13,2018,2017,B,Other Reporting Airports,EAST MIDLANDS INTERNATIONAL,GUERNSEY,19618,19553,65,23981,23981,0,-18.19357
03/03/2019 11:13,2018,2017,B,Other Reporting Airports,EAST MIDLANDS INTERNATIONAL,INVERNESS,77,77,0,0,0,0,0
03/03/2019 11:13,2018,2017,B,Other Reporting Airports,EAST MIDLANDS INTERNATIONAL,JERSEY,36225,36225,0,35646,35646,0,1.62431
03/03/2019 11:13,2018,2017,B,Other Reporting Airports,EAST MIDLANDS INTERNATIONAL,LIVERPOOL (JOHN LENNON),0,0,0,256,179,77,-100
03/03/2019 11:13,2018,2017,B,Other Reporting Airports,EAST MIDLANDS INTERNATIONAL,MANCHESTER,544,544,0,694,319,375,-21.61383
03/03/2019 11:13,2018,2017,B,Other Reporting Airports,EAST MIDLANDS INTERNATIONAL,NEWCASTLE,167,94,73,119,119,0,40.33613
03/03/2019 11:13,2018,2017,B,Other Reporting Airports,EAST MIDLANDS INTERNATIONAL,NEWQUAY,180,180,0,0,0,0,0
03/03/2019 11:13,2018,2017,B,Other Reporting Airports,EAST MIDLANDS INTERNATIONAL,NORWICH,0,0,0,135,0,135,-100
03/03/2019 11:13,2018,2017,B,Other Reporting Airports,EAST MIDLANDS INTERNATIONAL,SOUTHAMPTON,1,0,1,652,579,73,-99.84663
03/03/2019 11:13,2018,2017,B,Other Reporting Airports,EDAY,KIRKWALL,523,523,0,578,578,0,-9.51557
03/03/2019 11:13,2018,2017,B,Other Reporting Airports,EDINBURGH,EXETER,48076,48076,0,47587,47587,0,1.02759
03/03/2019 11:13,2018,2017,B,Other Reporting Airports,EDINBURGH,GLASGOW,277,277,0,741,741,0,-62.61808
03/03/2019 11:13,2018,2017,B,Other Reporting Airports,EDINBURGH,INVERNESS,0,0,0,168,168,0,-100
03/03/2019 11:13,2018,2017,B,Other Reporting Airports,EDINBURGH,ISLE OF MAN,6193,6193,0,3483,3483,0,77.80649
03/03/2019 11:13,2018,2017,B,Other Reporting Airports,EDINBURGH,JERSEY,20317,20317,0,5474,5474,0,271.15455
03/03/2019 11:13,2018,2017,B,Other Reporting Airports,EDINBURGH,KIRKWALL,46232,46232,0,45919,45919,0,0.68164
03/03/2019 11:13,2018,2017,B,Other Reporting Airports,EDINBURGH,LEEDS BRADFORD,0,0,0,20,20,0,-100
03/03/2019 11:13,2018,2017,B,Other Reporting Airports,EDINBURGH,LIVERPOOL (JOHN LENNON),172,172,0,2,2,0,8500
03/03/2019 11:13,2018,2017,B,Other Reporting Airports,EDINBURGH,MANCHESTER,116953,116953,0,117376,117376,0,-0.36038
03/03/2019 11:13,2018,2017,B,Other Reporting Airports,EDINBURGH,NEWCASTLE,140,140,0,82,82,0,70.73171
03/03/2019 11:13,2018,2017,B,Other Reporting Airports,EDINBURGH,NEWQUAY,4435,4435,0,5030,5030,0,-11.82903
03/03/2019 11:13,2018,2017,B,Other Reporting Airports,EDINBURGH,NORWICH,29840,29840,0,28608,28608,0,4.30649
03/03/2019 11:13,2018,2017,B,Other Reporting Airports,EDINBURGH,SOUTHAMPTON,183236,183236,0,208105,207982,123,-11.95022
03/03/2019 11:13,2018,2017,B,Other Reporting Airports,EDINBURGH,STORNOWAY,17861,17861,0,16934,16934,0,5.47419
03/03/2019 11:13,2018,2017,B,Other Reporting Airports,EDINBURGH,SUMBURGH,47554,47554,0,47131,47131,0,0.8975
03/03/2019 11:13,2018,2017,B,Other Reporting Airports,EDINBURGH,WICK JOHN O GROATS,9341,9341,0,11142,11142,0,-16.16406
03/03/2019 11:13,2018,2017,B,Other Reporting Airports,EXETER,GLASGOW,39905,39838,67,38773,38773,0,2.91956
03/03/2019 11:13,2018,2017,B,Other Reporting Airports,EXETER,GUERNSEY,29722,29722,0,31316,31144,172,-5.09005
03/03/2019 11:13,2018,2017,B,Other Reporting Airports,EXETER,HAWARDEN,0,0,0,14,10,4,-100
03/03/2019 11:13,2018,2017,B,Other Reporting Airports,EXETER,HUMBERSIDE,68,0,68,0,0,0,0
03/03/2019 11:13,2018,2017,B,Other Reporting Airports,EXETER,INVERNESS,0,0,0,138,138,0,-100
03/03/2019 11:13,2018,2017,B,Other Reporting Airports,EXETER,ISLES OF SCILLY (ST.MARYS),13445,13445,0,13759,13759,0,-2.28214
03/03/2019 11:13,2018,2017,B,Other Reporting Airports,EXETER,JERSEY,41240,41240,0,42709,42709,0,-3.43956
03/03/2019 11:13,2018,2017,B,Other Reporting Airports,EXETER,LEEDS BRADFORD,0,0,0,120,120,0,-100
03/03/2019 11:13,2018,2017,B,Other Reporting Airports,EXETER,LIVERPOOL (JOHN LENNON),0,0,0,80,0,80,-100
03/03/2019 11:13,2018,2017,B,Other Reporting Airports,EXETER,MANCHESTER,129947,129947,0,130428,130428,0,-0.36879
03/03/2019 11:13,2018,2017,B,Other Reporting Airports,EXETER,NEWCASTLE,45493,45140,353,42731,42468,263,6.46369
03/03/2019 11:13,2018,2017,B,Other Reporting Airports,EXETER,NEWQUAY,0,0,0,53,53,0,-100
03/03/2019 11:13,2018,2017,B,Other Reporting Airports,EXETER,NORWICH,30761,30761,0,27309,27309,0,12.64052
03/03/2019 11:13,2018,2017,B,Other Reporting Airports,EXETER,PRESTWICK,122,122,0,0,0,0,0
03/03/2019 11:13,2018,2017,B,Other Reporting Airports,EXETER,SOUTHAMPTON,0,0,0,596,596,0,-100
03/03/2019 11:13,2018,2017,B,Other Reporting Airports,FAIR ISLE,KIRKWALL,179,179,0,74,74,0,141.89189
03/03/2019 11:13,2018,2017,B,Other Reporting Airports,FAIR ISLE,LERWICK (TINGWALL),2670,2670,0,2774,2774,0,-3.7491
03/03/2019 11:13,2018,2017,B,Other Reporting Airports,FAIR ISLE,SUMBURGH,72,72,0,96,96,0,-25
03/03/2019 11:13,2018,2017,B,Other Reporting Airports,FARNBOROUGH,HUMBERSIDE,53,0,53,61,32,29,-13.11475
03/03/2019 11:13,2018,2017,B,Other Reporting Airports,FARNBOROUGH,ISLE OF MAN,0,0,0,145,0,145,-100
03/03/2019 11:13,2018,2017,B,Other Reporting Airports,FARNBOROUGH,LIVERPOOL (JOHN LENNON),101,0,101,190,0,190,-46.84211
03/03/2019 11:13,2018,2017,B,Other Reporting Airports,FARNBOROUGH,MANCHESTER,39,0,39,0,0,0,0
03/03/2019 11:13,2018,2017,B,Other Reporting Airports,FARNBOROUGH,NEWCASTLE,45,0,45,80,0,80,-43.75
03/03/2019 11:13,2018,2017,B,Other Reporting Airports,FARNBOROUGH,NORWICH,0,0,0,82,32,50,-100
03/03/2019 11:13,2018,2017,B,Other Reporting Airports,FARNBOROUGH,PRESTWICK,0,0,0,56,0,56,-100
03/03/2019 11:13,2018,2017,B,Other Reporting Airports,FOULA,LERWICK (TINGWALL),1176,1176,0,1298,1298,0,-9.39908
03/03/2019 11:13,2018,2017,B,Other Reporting Airports,GAMSTON,NORWICH,0,0,0,2,2,0,-100
03/03/2019 11:13,2018,2017,B,Other Reporting Airports,GLASGOW,GUERNSEY,1295,1295,0,0,0,0,0
03/03/2019 11:13,2018,2017,B,Other Reporting Airports,GLASGOW,INVERNESS,186,186,0,201,201,0,-7.46269
03/03/2019 11:13,2018,2017,B,Other Reporting Airports,GLASGOW,ISLAY,32763,32719,44,32594,32496,98,0.5185
03/03/2019 11:13,2018,2017,B,Other Reporting Airports,GLASGOW,ISLE OF MAN,1991,1991,0,5532,5489,43,-64.0094
03/03/2019 11:13,2018,2017,B,Other Reporting Airports,GLASGOW,JERSEY,54419,54419,0,56138,56138,0,-3.0621
03/03/2019 11:13,2018,2017,B,Other Reporting Airports,GLASGOW,KIRKWALL,22450,22429,21,19645,19645,0,14.27844
03/03/2019 11:13,2018,2017,B,Other Reporting Airports,GLASGOW,LEEDS BRADFORD,0,0,0,7011,7011,0,-100
03/03/2019 11:13,2018,2017,B,Other Reporting Airports,GLASGOW,LIVERPOOL (JOHN LENNON),0,0,0,2,2,0,-100
03/03/2019 11:13,2018,2017,B,Other Reporting Airports,GLASGOW,MANCHESTER,62533,62289,244,51199,51189,10,22.13715
03/03/2019 11:13,2018,2017,B,Other Reporting Airports,GLASGOW,NEWCASTLE,0,0,0,76,0,76,-100
03/03/2019 11:13,2018,2017,B,Other Reporting Airports,GLASGOW,NEWQUAY,2042,2042,0,3109,3109,0,-34.31972
03/03/2019 11:13,2018,2017,B,Other Reporting Airports,GLASGOW,NORWICH,624,624,0,2443,2443,0,-74.45763
03/03/2019 11:13,2018,2017,B,Other Reporting Airports,GLASGOW,PRESTWICK,172,172,0,72,72,0,138.88889
03/03/2019 11:13,2018,2017,B,Other Reporting Airports,GLASGOW,SOUTHAMPTON,186325,186325,0,197769,197708,61,-5.78655
03/03/2019 11:13,2018,2017,B,Other Reporting Airports,GLASGOW,STORNOWAY,75862,75837,25,74965,74965,0,1.19656
03/03/2019 11:13,2018,2017,B,Other Reporting Airports,GLASGOW,SUMBURGH,29237,29210,27,33009,33009,0,-11.42719
03/03/2019 11:13,2018,2017,B,Other Reporting Airports,GLASGOW,TIREE,11716,11716,0,11266,11266,0,3.99432
03/03/2019 11:13,2018,2017,B,Other Reporting Airports,GLOUCESTERSHIRE,ISLE OF MAN,0,0,0,1394,1394,0,-100
03/03/2019 11:13,2018,2017,B,Other Reporting Airports,GUERNSEY,JERSEY,101837,100950,887,100960,100643,317,0.86866
03/03/2019 11:13,2018,2017,B,Other Reporting Airports,GUERNSEY,LEEDS BRADFORD,5951,5951,0,10597,10597,0,-43.8426
03/03/2019 11:13,2018,2017,B,Other Reporting Airports,GUERNSEY,MANCHESTER,66760,66760,0,62826,62826,0,6.26174
03/03/2019 11:13,2018,2017,B,Other Reporting Airports,GUERNSEY,NEWQUAY,0,0,0,22,22,0,-100
03/03/2019 11:13,2018,2017,B,Other Reporting Airports,GUERNSEY,NORWICH,1133,1133,0,1218,1218,0,-6.97865
03/03/2019 11:13,2018,2017,B,Other Reporting Airports,GUERNSEY,SOUTHAMPTON,119533,119533,0,117244,117244,0,1.95234
03/03/2019 11:13,2018,2017,B,Other Reporting Airports,HUMBERSIDE,ISLE OF MAN,0,0,0,52,26,26,-100
03/03/2019 11:13,2018,2017,B,Other Reporting Airports,HUMBERSIDE,JERSEY,2263,337,1926,2236,2236,0,1.20751
03/03/2019 11:13,2018,2017,B,Other Reporting Airports,HUMBERSIDE,LEEDS BRADFORD,67,67,0,66,44,22,1.51515
03/03/2019 11:13,2018,2017,B,Other Reporting Airports,HUMBERSIDE,LIVERPOOL (JOHN LENNON),0,0,0,84,0,84,-100
03/03/2019 11:13,2018,2017,B,Other Reporting Airports,HUMBERSIDE,MARHAM(KINGS LYNN),63,63,0,61,61,0,3.27869
03/03/2019 11:13,2018,2017,B,Other Reporting Airports,HUMBERSIDE,NEWCASTLE,10,10,0,54,54,0,-81.48148
03/03/2019 11:13,2018,2017,B,Other Reporting Airports,HUMBERSIDE,NORWICH,28,28,0,139,38,101,-79.85612
03/03/2019 11:13,2018,2017,B,Other Reporting Airports,HUMBERSIDE,SOUTHAMPTON,123,58,65,131,95,36,-6.10687
03/03/2019 11:13,2018,2017,B,Other Reporting Airports,HUMBERSIDE,WADDINGTON,0,0,0,13,13,0,-100
03/03/2019 11:13,2018,2017,B,Other Reporting Airports,HUMBERSIDE,WARTON,229,229,0,384,361,23,-40.36458
03/03/2019 11:13,2018,2017,B,Other Reporting Airports,INVERNESS,ISLE OF MAN,91,0,91,0,0,0,0
03/03/2019 11:13,2018,2017,B,Other Reporting Airports,INVERNESS,JERSEY,1811,1811,0,2000,2000,0,-9.45
03/03/2019 11:13,2018,2017,B,Other Reporting Airports,INVERNESS,KIRKWALL,22634,22634,0,23681,23681,0,-4.42127
03/03/2019 11:13,2018,2017,B,Other Reporting Airports,INVERNESS,LEEDS BRADFORD,0,0,0,54,54,0,-100
03/03/2019 11:13,2018,2017,B,Other Reporting Airports,INVERNESS,LIVERPOOL (JOHN LENNON),0,0,0,22,2,20,-100
03/03/2019 11:13,2018,2017,B,Other Reporting Airports,INVERNESS,MANCHESTER,56693,56693,0,65629,65629,0,-13.61593
03/03/2019 11:13,2018,2017,B,Other Reporting Airports,INVERNESS,SCATSTA,0,0,0,29,29,0,-100
03/03/2019 11:13,2018,2017,B,Other Reporting Airports,INVERNESS,STORNOWAY,27574,27574,0,29223,29223,0,-5.64282
03/03/2019 11:13,2018,2017,B,Other Reporting Airports,INVERNESS,SUMBURGH,63,63,0,978,978,0,-93.55828
03/03/2019 11:13,2018,2017,B,Other Reporting Airports,ISLAY,OBAN (NORTH CONNEL),208,208,0,38,38,0,447.36842
03/03/2019 11:13,2018,2017,B,Other Reporting Airports,ISLAY,TIREE,25,25,0,38,38,0,-34.21053
03/03/2019 11:13,2018,2017,B,Other Reporting Airports,ISLE OF MAN,LEEDS BRADFORD,0,0,0,63,63,0,-100
03/03/2019 11:13,2018,2017,B,Other Reporting Airports,ISLE OF MAN,LIVERPOOL (JOHN LENNON),255659,255659,0,229510,229366,144,11.3934
03/03/2019 11:13,2018,2017,B,Other Reporting Airports,ISLE OF MAN,MANCHESTER,172822,172379,443,166142,166142,0,4.02066
03/03/2019 11:13,2018,2017,B,Other Reporting Airports,ISLE OF MAN,NEWCASTLE,227,227,0,3463,3463,0,-93.44499
03/03/2019 11:13,2018,2017,B,Other Reporting Airports,ISLE OF MAN,NORWICH,134,134,0,49,0,49,173.46939
03/03/2019 11:13,2018,2017,B,Other Reporting Airports,ISLE OF MAN,PRESTWICK,18,18,0,54,54,0,-66.66667
03/03/2019 11:13,2018,2017,B,Other Reporting Airports,ISLES OF SCILLY (ST.MARYS),NEWQUAY,18431,18431,0,20046,20046,0,-8.05647
03/03/2019 11:13,2018,2017,B,Other Reporting Airports,JERSEY,LEEDS BRADFORD,13897,13897,0,13426,13426,0,3.50812
03/03/2019 11:13,2018,2017,B,Other Reporting Airports,JERSEY,LIVERPOOL (JOHN LENNON),135030,135030,0,128627,128627,0,4.97796
03/03/2019 11:13,2018,2017,B,Other Reporting Airports,JERSEY,MANCHESTER,46744,46744,0,44705,44705,0,4.56101
03/03/2019 11:13,2018,2017,B,Other Reporting Airports,JERSEY,NEWCASTLE,26019,26019,0,23804,23804,0,9.30516
03/03/2019 11:13,2018,2017,B,Other Reporting Airports,JERSEY,NEWQUAY,0,0,0,301,301,0,-100
03/03/2019 11:13,2018,2017,B,Other Reporting Airports,JERSEY,NORWICH,6185,6185,0,6197,6197,0,-0.19364
03/03/2019 11:13,2018,2017,B,Other Reporting Airports,JERSEY,SOUTHAMPTON,169369,169369,0,167482,167482,0,1.12669
03/03/2019 11:13,2018,2017,B,Other Reporting Airports,KIRKWALL,MANCHESTER,1097,1097,0,0,0,0,0
03/03/2019 11:13,2018,2017,B,Other Reporting Airports,KIRKWALL,NORTH RONALDSAY,5953,5953,0,6285,6285,0,-5.28242
03/03/2019 11:13,2018,2017,B,Other Reporting Airports,KIRKWALL,PAPA WESTRAY,4885,4885,0,5115,5115,0,-4.49658
03/03/2019 11:13,2018,2017,B,Other Reporting Airports,KIRKWALL,PRESTWICK,13,13,0,0,0,0,0
03/03/2019 11:13,2018,2017,B,Other Reporting Airports,KIRKWALL,SANDAY,2994,2994,0,3083,3083,0,-2.8868
03/03/2019 11:13,2018,2017,B,Other Reporting Airports,KIRKWALL,STRONSAY,3527,3527,0,3324,3324,0,6.1071
03/03/2019 11:13,2018,2017,B,Other Reporting Airports,KIRKWALL,SUMBURGH,9611,9611,0,9885,9885,0,-2.77188
03/03/2019 11:13,2018,2017,B,Other Reporting Airports,KIRKWALL,WESTRAY,3542,3542,0,3615,3615,0,-2.01936
03/03/2019 11:13,2018,2017,B,Other Reporting Airports,KIRKWALL,WICK JOHN O GROATS,0,0,0,10,10,0,-100
03/03/2019 11:13,2018,2017,B,Other Reporting Airports,LANDS END (ST JUST),NEWQUAY,45,45,0,54,54,0,-16.66667
03/03/2019 11:13,2018,2017,B,Other Reporting Airports,LEEDS BRADFORD,LIVERPOOL (JOHN LENNON),0,0,0,178,178,0,-100
03/03/2019 11:13,2018,2017,B,Other Reporting Airports,LEEDS BRADFORD,MANCHESTER,45,45,0,425,425,0,-89.41176
03/03/2019 11:13,2018,2017,B,Other Reporting Airports,LEEDS BRADFORD,NEWCASTLE,10,10,0,168,168,0,-94.04762
03/03/2019 11:13,2018,2017,B,Other Reporting Airports,LEEDS BRADFORD,NEWQUAY,23034,23034,0,27294,27294,0,-15.60783
03/03/2019 11:13,2018,2017,B,Other Reporting Airports,LEEDS BRADFORD,NORTHOLT,0,0,0,14,0,14,-100
03/03/2019 11:13,2018,2017,B,Other Reporting Airports,LEEDS BRADFORD,NORWICH,46,26,20,50,37,13,-8
03/03/2019 11:13,2018,2017,B,Other Reporting Airports,LEEDS BRADFORD,SOUTHAMPTON,34354,34331,23,34803,34677,126,-1.29012
03/03/2019 11:13,2018,2017,B,Other Reporting Airports,LERWICK (TINGWALL),PAPA STOUR,30,30,0,65,65,0,-53.84615
03/03/2019 11:13,2018,2017,B,Other Reporting Airports,LERWICK (TINGWALL),SUMBURGH,4,4,0,2,2,0,100
03/03/2019 11:13,2018,2017,B,Other Reporting Airports,LIVERPOOL (JOHN LENNON),MANCHESTER,1,1,0,0,0,0,0
03/03/2019 11:13,2018,2017,B,Other Reporting Airports,LIVERPOOL (JOHN LENNON),NEWCASTLE,218,0,218,298,0,298,-26.84564
03/03/2019 11:13,2018,2017,B,Other Reporting Airports,LIVERPOOL (JOHN LENNON),NEWQUAY,1837,1837,0,1543,1543,0,19.05379
03/03/2019 11:13,2018,2017,B,Other Reporting Airports,LIVERPOOL (JOHN LENNON),NORWICH,71,0,71,0,0,0,0
03/03/2019 11:13,2018,2017,B,Other Reporting Airports,LIVERPOOL (JOHN LENNON),SOUTHAMPTON,226,0,226,505,96,409,-55.24752
03/03/2019 11:13,2018,2017,B,Other Reporting Airports,LYDD,MANCHESTER,0,0,0,59,0,59,-100
03/03/2019 11:13,2018,2017,B,Other Reporting Airports,MANCHESTER,NEWCASTLE,37,37,0,232,232,0,-84.05172
03/03/2019 11:13,2018,2017,B,Other Reporting Airports,MANCHESTER,NEWQUAY,83413,83413,0,85012,85012,0,-1.88091
03/03/2019 11:13,2018,2017,B,Other Reporting Airports,MANCHESTER,NORWICH,19940,19940,0,26450,26209,241,-24.61248
03/03/2019 11:13,2018,2017,B,Other Reporting Airports,MANCHESTER,PRESTWICK,101,41,60,39,39,0,158.97436
03/03/2019 11:13,2018,2017,B,Other Reporting Airports,MANCHESTER,SOUTHAMPTON,220742,220599,143,203162,202793,369,8.65319
03/03/2019 11:13,2018,2017,B,Other Reporting Airports,MANCHESTER,STORNOWAY,778,778,0,6613,6613,0,-88.23529
03/03/2019 11:13,2018,2017,B,Other Reporting Airports,MANCHESTER,SUMBURGH,802,802,0,414,414,0,93.71981
03/03/2019 11:13,2018,2017,B,Other Reporting Airports,NEWCASTLE,NEWQUAY,1976,1976,0,2038,2038,0,-3.0422
03/03/2019 11:13,2018,2017,B,Other Reporting Airports,NEWCASTLE,NORWICH,0,0,0,170,0,170,-100
03/03/2019 11:13,2018,2017,B,Other Reporting Airports,NEWCASTLE,OXFORD (KIDLINGTON),80,0,80,80,0,80,0
03/03/2019 11:13,2018,2017,B,Other Reporting Airports,NEWCASTLE,SOUTHAMPTON,116613,116513,100,130256,130054,202,-10.47399
03/03/2019 11:13,2018,2017,B,Other Reporting Airports,NEWQUAY,SOUTHAMPTON,50,50,0,0,0,0,0
03/03/2019 11:13,2018,2017,B,Other Reporting Airports,NORWICH,SOUTHAMPTON,0,0,0,152,0,152,-100
03/03/2019 11:13,2018,2017,B,Other Reporting Airports,NORWICH,WARTON,10,10,0,0,0,0,0
03/03/2019 11:13,2018,2017,B,Other Reporting Airports,OBAN (NORTH CONNEL),TIREE,469,469,0,138,138,0,239.85507
03/03/2019 11:13,2018,2017,B,Other Reporting Airports,PRESTWICK,STORNOWAY,148,0,148,0,0,0,0
03/03/2019 11:13,2018,2017,B,Other Reporting Airports,PRESTWICK,SUMBURGH,43,0,43,0,0,0,0
03/03/2019 11:13,2018,2017,B,Other Reporting Airports,PRESTWICK,TIREE,11,11,0,0,0,0,0
03/03/2019 11:13,2018,2017,B,Other Reporting Airports,STORNOWAY,WICK JOHN O GROATS,0,0,0,24,24,0,-100
03/03/2019 11:13,2018,2017,B,Other Reporting Airports,SUMBURGH,WICK JOHN O GROATS,0,0,0,1,1,0,-100

