rundate,this_period,last_period,grp_cd,grp_name,apt1_apt_name,apt2_apt_name,total_pax_tp,total_pax_shd_tp,total_pax_cht_tp,total_pax_lp,total_pax_shd_lp,total_pax_cht_lp,total_pax_pc
24/03/2016 19:19,2015,2014,A,London Area Airports,GATWICK,ABERDEEN,163184,163184,0,161816,161816,0,0.845404685
24/03/2016 19:19,2015,2014,A,London Area Airports,GATWICK,BELFAST CITY (GEORGE BEST),212897,212897,0,277800,277800,0,-23.36321068
24/03/2016 19:19,2015,2014,A,London Area Airports,GATWICK,BELFAST INTERNATIONAL,470344,470344,0,434305,434214,91,8.298085213
24/03/2016 19:19,2015,2014,A,London Area Airports,GATWICK,BIRMINGHAM,36,0,36,327,0,327,-88.99082947
24/03/2016 19:19,2015,2014,A,London Area Airports,GATWICK,BLACKPOOL,0,0,0,70,0,70,
24/03/2016 19:19,2015,2014,A,London Area Airports,GATWICK,BRISTOL,1,0,1,218,0,218,-99.54128265
24/03/2016 19:19,2015,2014,A,London Area Airports,GATWICK,CARDIFF WALES,38,0,38,228,0,228,-83.33333588
24/03/2016 19:19,2015,2014,A,London Area Airports,GATWICK,DONCASTER SHEFFIELD,37,0,37,71,0,71,-47.88732529
24/03/2016 19:19,2015,2014,A,London Area Airports,GATWICK,DURHAM TEES VALLEY,74,0,74,37,0,37,100
24/03/2016 19:19,2015,2014,A,London Area Airports,GATWICK,EAST MIDLANDS INTERNATIONAL,176,0,176,32,0,32,450
24/03/2016 19:19,2015,2014,A,London Area Airports,GATWICK,EDINBURGH,672948,672948,0,690363,690316,47,-2.522585869
24/03/2016 19:19,2015,2014,A,London Area Airports,GATWICK,GLASGOW,612497,612329,168,613254,613254,0,-0.123439878
24/03/2016 19:19,2015,2014,A,London Area Airports,GATWICK,GUERNSEY,317723,317723,0,314374,314374,0,1.065291643
24/03/2016 19:19,2015,2014,A,London Area Airports,GATWICK,HUMBERSIDE,209,0,209,35,0,35,497.1428528
24/03/2016 19:19,2015,2014,A,London Area Airports,GATWICK,INVERNESS,207074,207074,0,192924,192826,98,7.334494591
24/03/2016 19:19,2015,2014,A,London Area Airports,GATWICK,ISLE OF MAN,144654,144654,0,150062,150062,0,-3.603843689
24/03/2016 19:19,2015,2014,A,London Area Airports,GATWICK,JERSEY,649377,649377,0,605987,605987,0,7.160219669
24/03/2016 19:19,2015,2014,A,London Area Airports,GATWICK,LEEDS BRADFORD,141,0,141,67,0,67,110.4477615
24/03/2016 19:19,2015,2014,A,London Area Airports,GATWICK,LIVERPOOL (JOHN LENNON),225,0,225,851,606,245,-73.56051636
24/03/2016 19:19,2015,2014,A,London Area Airports,GATWICK,LUTON,0,0,0,115,115,0,
24/03/2016 19:19,2015,2014,A,London Area Airports,GATWICK,MANCHESTER,650,0,650,879,184,695,-26.05233192
24/03/2016 19:19,2015,2014,A,London Area Airports,GATWICK,NEWCASTLE,27699,27451,248,105336,105027,309,-73.70414734
24/03/2016 19:19,2015,2014,A,London Area Airports,GATWICK,NEWQUAY,115899,115899,0,103513,103513,0,11.96564674
24/03/2016 19:19,2015,2014,A,London Area Airports,GATWICK,STANSTED,0,0,0,150,150,0,
24/03/2016 19:19,2015,2014,A,London Area Airports,HEATHROW,ABERDEEN,726745,726745,0,776880,776880,0,-6.453377724
24/03/2016 19:19,2015,2014,A,London Area Airports,HEATHROW,BELFAST CITY (GEORGE BEST),684255,684145,110,674889,674889,0,1.387783766
24/03/2016 19:19,2015,2014,A,London Area Airports,HEATHROW,DURHAM TEES VALLEY,48,0,48,0,0,0,
24/03/2016 19:19,2015,2014,A,London Area Airports,HEATHROW,EDINBURGH,1383915,1383915,0,1472812,1472812,0,-6.035868645
24/03/2016 19:19,2015,2014,A,London Area Airports,HEATHROW,GLASGOW,907873,907873,0,870988,870988,0,4.234846115
24/03/2016 19:19,2015,2014,A,London Area Airports,HEATHROW,HUMBERSIDE,24,0,24,0,0,0,
24/03/2016 19:19,2015,2014,A,London Area Airports,HEATHROW,LEEDS BRADFORD,148796,148796,0,132325,132325,0,12.44738293
24/03/2016 19:19,2015,2014,A,London Area Airports,HEATHROW,LIVERPOOL (JOHN LENNON),155,0,155,78,0,78,98.71794891
24/03/2016 19:19,2015,2014,A,London Area Airports,HEATHROW,MANCHESTER,776369,776334,35,876597,876562,35,-11.43376064
24/03/2016 19:19,2015,2014,A,London Area Airports,HEATHROW,NEWCASTLE,513496,513321,175,478806,478510,296,7.245105743
24/03/2016 19:19,2015,2014,A,London Area Airports,LONDON CITY,ABERDEEN,63343,63343,0,72006,72006,0,-12.03094196
24/03/2016 19:19,2015,2014,A,London Area Airports,LONDON CITY,BELFAST CITY (GEORGE BEST),114940,114940,0,18599,18599,0,517.9902344
24/03/2016 19:19,2015,2014,A,London Area Airports,LONDON CITY,DUNDEE,0,0,0,4591,4591,0,
24/03/2016 19:19,2015,2014,A,London Area Airports,LONDON CITY,EDINBURGH,532857,532857,0,352313,352313,0,51.24534225
24/03/2016 19:19,2015,2014,A,London Area Airports,LONDON CITY,EXETER,49933,49933,0,10129,10129,0,392.9706726
24/03/2016 19:19,2015,2014,A,London Area Airports,LONDON CITY,GLASGOW,238413,238413,0,207856,207856,0,14.70104313
24/03/2016 19:19,2015,2014,A,London Area Airports,LONDON CITY,GUERNSEY,22338,22338,0,4721,4721,0,373.1624756
24/03/2016 19:19,2015,2014,A,London Area Airports,LONDON CITY,INVERNESS,4866,4866,0,7613,7613,0,-36.08301544
24/03/2016 19:19,2015,2014,A,London Area Airports,LONDON CITY,ISLE OF MAN,58709,58709,0,62307,62307,0,-5.774631977
24/03/2016 19:19,2015,2014,A,London Area Airports,LONDON CITY,JERSEY,43344,43344,0,35720,35720,0,21.34378433
24/03/2016 19:19,2015,2014,A,London Area Airports,LUTON,ABERDEEN,71254,71108,146,74541,74541,0,-4.409653664
24/03/2016 19:19,2015,2014,A,London Area Airports,LUTON,BELFAST CITY (GEORGE BEST),0,0,0,48,0,48,
24/03/2016 19:19,2015,2014,A,London Area Airports,LUTON,BELFAST INTERNATIONAL,295292,294894,398,240885,240838,47,22.58629608
24/03/2016 19:19,2015,2014,A,London Area Airports,LUTON,BIRMINGHAM,104,0,104,0,0,0,
24/03/2016 19:19,2015,2014,A,London Area Airports,LUTON,BLACKPOOL,0,0,0,71,0,71,
24/03/2016 19:19,2015,2014,A,London Area Airports,LUTON,BRISTOL,4,0,4,13,0,13,-69.2307663
24/03/2016 19:19,2015,2014,A,London Area Airports,LUTON,CARDIFF WALES,68,0,68,169,0,169,-59.76331329
24/03/2016 19:19,2015,2014,A,London Area Airports,LUTON,CITY OF DERRY (EGLINTON),31,0,31,0,0,0,
24/03/2016 19:19,2015,2014,A,London Area Airports,LUTON,DONCASTER SHEFFIELD,56,0,56,128,0,128,-56.25
24/03/2016 19:19,2015,2014,A,London Area Airports,LUTON,DUNDEE,73,0,73,0,0,0,
24/03/2016 19:19,2015,2014,A,London Area Airports,LUTON,DURHAM TEES VALLEY,407,0,407,104,0,104,291.3461609
24/03/2016 19:19,2015,2014,A,London Area Airports,LUTON,EDINBURGH,266562,266460,102,259670,259653,17,2.65413785
24/03/2016 19:19,2015,2014,A,London Area Airports,LUTON,EXETER,0,0,0,327,0,327,
24/03/2016 19:19,2015,2014,A,London Area Airports,LUTON,GLASGOW,215052,215010,42,270220,270119,101,-20.4159565
24/03/2016 19:19,2015,2014,A,London Area Airports,LUTON,HUMBERSIDE,63,0,63,139,0,139,-54.67625809
24/03/2016 19:19,2015,2014,A,London Area Airports,LUTON,INVERNESS,93517,93361,156,89630,89606,24,4.336717606
24/03/2016 19:19,2015,2014,A,London Area Airports,LUTON,JERSEY,80,0,80,11,0,11,627.2727051
24/03/2016 19:19,2015,2014,A,London Area Airports,LUTON,LEEDS BRADFORD,156,0,156,0,0,0,
24/03/2016 19:19,2015,2014,A,London Area Airports,LUTON,LIVERPOOL (JOHN LENNON),438,0,438,168,0,168,160.7142792
24/03/2016 19:19,2015,2014,A,London Area Airports,LUTON,MANCHESTER,696,0,696,337,0,337,106.5281906
24/03/2016 19:19,2015,2014,A,London Area Airports,LUTON,NEWCASTLE,674,0,674,723,155,568,-6.77731657
24/03/2016 19:19,2015,2014,A,London Area Airports,LUTON,NEWQUAY,31,0,31,0,0,0,
24/03/2016 19:19,2015,2014,A,London Area Airports,LUTON,NORWICH,61,0,61,73,0,73,-16.4383564
24/03/2016 19:19,2015,2014,A,London Area Airports,LUTON,PRESTWICK,10,0,10,0,0,0,
24/03/2016 19:19,2015,2014,A,London Area Airports,SOUTHEND,ABERDEEN,104,104,0,0,0,0,
24/03/2016 19:19,2015,2014,A,London Area Airports,SOUTHEND,BELFAST INTERNATIONAL,0,0,0,988,988,0,
24/03/2016 19:19,2015,2014,A,London Area Airports,SOUTHEND,BLACKPOOL,0,0,0,76,0,76,
24/03/2016 19:19,2015,2014,A,London Area Airports,SOUTHEND,EDINBURGH,0,0,0,23748,23748,0,
24/03/2016 19:19,2015,2014,A,London Area Airports,SOUTHEND,GLASGOW,0,0,0,27,0,27,
24/03/2016 19:19,2015,2014,A,London Area Airports,SOUTHEND,HUMBERSIDE,0,0,0,67,0,67,
24/03/2016 19:19,2015,2014,A,London Area Airports,SOUTHEND,ISLE OF MAN,0,0,0,32,32,0,
24/03/2016 19:19,2015,2014,A,London Area Airports,SOUTHEND,JERSEY,21669,21669,0,21743,21743,0,-0.340339422
24/03/2016 19:19,2015,2014,A,London Area Airports,SOUTHEND,MANCHESTER,287,0,287,0,0,0,
24/03/2016 19:19,2015,2014,A,London Area Airports,SOUTHEND,NEWQUAY,0,0,0,7142,7142,0,
24/03/2016 19:19,2015,2014,A,London Area Airports,STANSTED,ABERDEEN,0,0,0,528,0,528,
24/03/2016 19:19,2015,2014,A,London Area Airports,STANSTED,BELFAST INTERNATIONAL,323659,323659,0,306883,306867,16,5.466578484
24/03/2016 19:19,2015,2014,A,London Area Airports,STANSTED,BIRMINGHAM,36,0,36,0,0,0,
24/03/2016 19:19,2015,2014,A,London Area Airports,STANSTED,BOURNEMOUTH,177,0,177,0,0,0,
24/03/2016 19:19,2015,2014,A,London Area Airports,STANSTED,BRISTOL,0,0,0,21,0,21,
24/03/2016 19:19,2015,2014,A,London Area Airports,STANSTED,CARDIFF WALES,115,0,115,65,0,65,76.92308044
24/03/2016 19:19,2015,2014,A,London Area Airports,STANSTED,CITY OF DERRY (EGLINTON),126306,126306,0,126792,126792,0,-0.383304954
24/03/2016 19:19,2015,2014,A,London Area Airports,STANSTED,DUNDEE,20377,20377,0,15776,15776,0,29.1645546
24/03/2016 19:19,2015,2014,A,London Area Airports,STANSTED,EDINBURGH,622172,621689,483,360251,360251,0,72.70513916
24/03/2016 19:19,2015,2014,A,London Area Airports,STANSTED,GLASGOW,533327,533327,0,304154,304154,0,75.34768677
24/03/2016 19:19,2015,2014,A,London Area Airports,STANSTED,GUERNSEY,26901,26901,0,24468,24468,0,9.943599701
24/03/2016 19:19,2015,2014,A,London Area Airports,STANSTED,ISLE OF MAN,45973,45973,0,0,0,0,
24/03/2016 19:19,2015,2014,A,London Area Airports,STANSTED,JERSEY,0,0,0,9979,9979,0,
24/03/2016 19:19,2015,2014,A,London Area Airports,STANSTED,LEEDS BRADFORD,41,0,41,0,0,0,
24/03/2016 19:19,2015,2014,A,London Area Airports,STANSTED,LIVERPOOL (JOHN LENNON),38,0,38,0,0,0,
24/03/2016 19:19,2015,2014,A,London Area Airports,STANSTED,MANCHESTER,0,0,0,145,0,145,
24/03/2016 19:19,2015,2014,A,London Area Airports,STANSTED,NEWCASTLE,31392,30872,520,0,0,0,
24/03/2016 19:19,2015,2014,A,London Area Airports,STANSTED,NEWQUAY,14438,14438,0,0,0,0,
24/03/2016 19:19,2015,2014,B,Other Reporting Airports,ABERDEEN,BELFAST CITY (GEORGE BEST),40026,40026,0,37450,37450,0,6.878504753
24/03/2016 19:19,2015,2014,B,Other Reporting Airports,ABERDEEN,BIRMINGHAM,115812,115812,0,125059,124690,369,-7.394110203
24/03/2016 19:19,2015,2014,B,Other Reporting Airports,ABERDEEN,BRISTOL,26447,26447,0,31789,31753,36,-16.80455589
24/03/2016 19:19,2015,2014,B,Other Reporting Airports,ABERDEEN,CARDIFF WALES,10578,10578,0,12855,12855,0,-17.71295166
24/03/2016 19:19,2015,2014,B,Other Reporting Airports,ABERDEEN,DONCASTER SHEFFIELD,98,0,98,0,0,0,
24/03/2016 19:19,2015,2014,B,Other Reporting Airports,ABERDEEN,DURHAM TEES VALLEY,28224,28224,0,35034,35034,0,-19.43825912
24/03/2016 19:19,2015,2014,B,Other Reporting Airports,ABERDEEN,EAST MIDLANDS INTERNATIONAL,15480,15480,0,16702,16702,0,-7.31648922
24/03/2016 19:19,2015,2014,B,Other Reporting Airports,ABERDEEN,EDINBURGH,146,0,146,16,0,16,812.5
24/03/2016 19:19,2015,2014,B,Other Reporting Airports,ABERDEEN,FARNBOROUGH,3,0,3,0,0,0,
24/03/2016 19:19,2015,2014,B,Other Reporting Airports,ABERDEEN,GLASGOW,0,0,0,98,0,98,
24/03/2016 19:19,2015,2014,B,Other Reporting Airports,ABERDEEN,HUMBERSIDE,30097,30097,0,36595,36595,0,-17.75652504
24/03/2016 19:19,2015,2014,B,Other Reporting Airports,ABERDEEN,JERSEY,17896,17896,0,13009,13009,0,37.56629944
24/03/2016 19:19,2015,2014,B,Other Reporting Airports,ABERDEEN,KIRKWALL,48233,48189,44,49081,48799,282,-1.727756143
24/03/2016 19:19,2015,2014,B,Other Reporting Airports,ABERDEEN,LEEDS BRADFORD,9226,9226,0,7007,6937,70,31.66833115
24/03/2016 19:19,2015,2014,B,Other Reporting Airports,ABERDEEN,LIVERPOOL (JOHN LENNON),0,0,0,23,0,23,
24/03/2016 19:19,2015,2014,B,Other Reporting Airports,ABERDEEN,MANCHESTER,202623,201205,1418,226119,223968,2151,-10.39098835
24/03/2016 19:19,2015,2014,B,Other Reporting Airports,ABERDEEN,NEWCASTLE,20788,20726,62,30168,30129,39,-31.09254837
24/03/2016 19:19,2015,2014,B,Other Reporting Airports,ABERDEEN,NORWICH,50584,50584,0,60162,60162,0,-15.92034817
24/03/2016 19:19,2015,2014,B,Other Reporting Airports,ABERDEEN,SCATSTA,142655,6668,135987,159930,0,159930,-10.80160046
24/03/2016 19:19,2015,2014,B,Other Reporting Airports,ABERDEEN,SOUTHAMPTON,13884,13884,0,13956,13956,0,-0.515907109
24/03/2016 19:19,2015,2014,B,Other Reporting Airports,ABERDEEN,STORNOWAY,5467,5467,0,6222,6222,0,-12.13436222
24/03/2016 19:19,2015,2014,B,Other Reporting Airports,ABERDEEN,SUMBURGH,143693,76360,67333,150705,87943,62762,-4.652798653
24/03/2016 19:19,2015,2014,B,Other Reporting Airports,ABERDEEN,WICK JOHN O GROATS,12774,11462,1312,14365,12603,1762,-11.07553101
24/03/2016 19:19,2015,2014,B,Other Reporting Airports,ALDERNEY,GUERNSEY,35778,35778,0,36935,36935,0,-3.132530212
24/03/2016 19:19,2015,2014,B,Other Reporting Airports,ALDERNEY,JERSEY,0,0,0,30,30,0,
24/03/2016 19:19,2015,2014,B,Other Reporting Airports,ALDERNEY,SOUTHAMPTON,24000,24000,0,24368,24368,0,-1.510177255
24/03/2016 19:19,2015,2014,B,Other Reporting Airports,ANGLESEY (VALLEY),CARDIFF WALES,10860,10860,0,8786,8786,0,23.60573578
24/03/2016 19:19,2015,2014,B,Other Reporting Airports,BARRA,GLASGOW,10683,10683,0,10521,10521,0,1.539777637
24/03/2016 19:19,2015,2014,B,Other Reporting Airports,BELFAST CITY (GEORGE BEST),BIRMINGHAM,256023,255751,272,260330,260330,0,-1.654438615
24/03/2016 19:19,2015,2014,B,Other Reporting Airports,BELFAST CITY (GEORGE BEST),BLACKPOOL,5398,5398,0,0,0,0,
24/03/2016 19:19,2015,2014,B,Other Reporting Airports,BELFAST CITY (GEORGE BEST),CARDIFF WALES,41862,41862,0,41006,41006,0,2.08749938
24/03/2016 19:19,2015,2014,B,Other Reporting Airports,BELFAST CITY (GEORGE BEST),DONCASTER SHEFFIELD,81,81,0,5734,5734,0,-98.58737183
24/03/2016 19:19,2015,2014,B,Other Reporting Airports,BELFAST CITY (GEORGE BEST),EAST MIDLANDS INTERNATIONAL,148170,148170,0,142815,142815,0,3.749606133
24/03/2016 19:19,2015,2014,B,Other Reporting Airports,BELFAST CITY (GEORGE BEST),EDINBURGH,137972,137938,34,142304,142264,40,-3.044187069
24/03/2016 19:19,2015,2014,B,Other Reporting Airports,BELFAST CITY (GEORGE BEST),EXETER,34671,34671,0,36157,36157,0,-4.109854221
24/03/2016 19:19,2015,2014,B,Other Reporting Airports,BELFAST CITY (GEORGE BEST),GLASGOW,155157,155132,25,142833,142833,0,8.628257751
24/03/2016 19:19,2015,2014,B,Other Reporting Airports,BELFAST CITY (GEORGE BEST),INVERNESS,29193,29193,0,27180,27180,0,7.406180859
24/03/2016 19:19,2015,2014,B,Other Reporting Airports,BELFAST CITY (GEORGE BEST),ISLE OF MAN,20029,20029,0,26191,26191,0,-23.52716637
24/03/2016 19:19,2015,2014,B,Other Reporting Airports,BELFAST CITY (GEORGE BEST),LEEDS BRADFORD,150842,150842,0,156542,156542,0,-3.641195297
24/03/2016 19:19,2015,2014,B,Other Reporting Airports,BELFAST CITY (GEORGE BEST),LIVERPOOL (JOHN LENNON),86051,86051,0,0,0,0,
24/03/2016 19:19,2015,2014,B,Other Reporting Airports,BELFAST CITY (GEORGE BEST),MANCHESTER,276512,276512,0,297467,297467,0,-7.044478893
24/03/2016 19:19,2015,2014,B,Other Reporting Airports,BELFAST CITY (GEORGE BEST),NEWCASTLE,24335,24335,0,28882,28882,0,-15.7433691
24/03/2016 19:19,2015,2014,B,Other Reporting Airports,BELFAST CITY (GEORGE BEST),NEWQUAY,1605,1605,0,1550,1550,0,3.548387051
24/03/2016 19:19,2015,2014,B,Other Reporting Airports,BELFAST CITY (GEORGE BEST),SOUTHAMPTON,108528,108528,0,106651,106651,0,1.759945989
24/03/2016 19:19,2015,2014,B,Other Reporting Airports,BELFAST INTERNATIONAL,BIRMINGHAM,196202,196084,118,179503,179254,249,9.302908897
24/03/2016 19:19,2015,2014,B,Other Reporting Airports,BELFAST INTERNATIONAL,BOURNEMOUTH,352,0,352,0,0,0,
24/03/2016 19:19,2015,2014,B,Other Reporting Airports,BELFAST INTERNATIONAL,BRISTOL,246504,246406,98,230833,230793,40,6.788890839
24/03/2016 19:19,2015,2014,B,Other Reporting Airports,BELFAST INTERNATIONAL,CARDIFF WALES,317,90,227,345,0,345,-8.115942001
24/03/2016 19:19,2015,2014,B,Other Reporting Airports,BELFAST INTERNATIONAL,EAST MIDLANDS INTERNATIONAL,47,0,47,0,0,0,
24/03/2016 19:19,2015,2014,B,Other Reporting Airports,BELFAST INTERNATIONAL,EDINBURGH,262773,262684,89,235552,235552,0,11.55625916
24/03/2016 19:19,2015,2014,B,Other Reporting Airports,BELFAST INTERNATIONAL,EXETER,192,0,192,0,0,0,
24/03/2016 19:19,2015,2014,B,Other Reporting Airports,BELFAST INTERNATIONAL,FARNBOROUGH,97,0,97,0,0,0,
24/03/2016 19:19,2015,2014,B,Other Reporting Airports,BELFAST INTERNATIONAL,GLASGOW,266275,265368,907,241789,241789,0,10.1270113
24/03/2016 19:19,2015,2014,B,Other Reporting Airports,BELFAST INTERNATIONAL,JERSEY,10355,10355,0,6233,6233,0,66.13188171
24/03/2016 19:19,2015,2014,B,Other Reporting Airports,BELFAST INTERNATIONAL,LEEDS BRADFORD,0,0,0,94,0,94,
24/03/2016 19:19,2015,2014,B,Other Reporting Airports,BELFAST INTERNATIONAL,LIVERPOOL (JOHN LENNON),426106,426106,0,418389,418389,0,1.844455719
24/03/2016 19:19,2015,2014,B,Other Reporting Airports,BELFAST INTERNATIONAL,MANCHESTER,224497,224356,141,204987,204987,0,9.517676353
24/03/2016 19:19,2015,2014,B,Other Reporting Airports,BELFAST INTERNATIONAL,NEWCASTLE,219499,219499,0,196738,196738,0,11.56919384
24/03/2016 19:19,2015,2014,B,Other Reporting Airports,BELFAST INTERNATIONAL,SOUTHAMPTON,190,0,190,0,0,0,
24/03/2016 19:19,2015,2014,B,Other Reporting Airports,BENBECULA,GLASGOW,23548,23548,0,23049,23049,0,2.164952993
24/03/2016 19:19,2015,2014,B,Other Reporting Airports,BENBECULA,INVERNESS,2051,2051,0,1432,1432,0,43.22625732
24/03/2016 19:19,2015,2014,B,Other Reporting Airports,BENBECULA,STORNOWAY,6488,6488,0,6709,6709,0,-3.294082642
24/03/2016 19:19,2015,2014,B,Other Reporting Airports,BIGGIN HILL,BIRMINGHAM,73,0,73,0,0,0,
24/03/2016 19:19,2015,2014,B,Other Reporting Airports,BIGGIN HILL,CITY OF DERRY (EGLINTON),35,0,35,0,0,0,
24/03/2016 19:19,2015,2014,B,Other Reporting Airports,BIGGIN HILL,EDINBURGH,31,0,31,0,0,0,
24/03/2016 19:19,2015,2014,B,Other Reporting Airports,BIGGIN HILL,EXETER,116,0,116,0,0,0,
24/03/2016 19:19,2015,2014,B,Other Reporting Airports,BIGGIN HILL,INVERNESS,27,0,27,0,0,0,
24/03/2016 19:19,2015,2014,B,Other Reporting Airports,BIGGIN HILL,LIVERPOOL (JOHN LENNON),80,0,80,0,0,0,
24/03/2016 19:19,2015,2014,B,Other Reporting Airports,BIGGIN HILL,NEWCASTLE,0,0,0,122,0,122,
24/03/2016 19:19,2015,2014,B,Other Reporting Airports,BIRMINGHAM,BOURNEMOUTH,0,0,0,62,0,62,
24/03/2016 19:19,2015,2014,B,Other Reporting Airports,BIRMINGHAM,CITY OF DERRY (EGLINTON),0,0,0,42230,42230,0,
24/03/2016 19:19,2015,2014,B,Other Reporting Airports,BIRMINGHAM,DEENETHORPE,0,0,0,1542,0,1542,
24/03/2016 19:19,2015,2014,B,Other Reporting Airports,BIRMINGHAM,EDINBURGH,277911,277644,267,284021,284021,0,-2.151249409
24/03/2016 19:19,2015,2014,B,Other Reporting Airports,BIRMINGHAM,EXETER,14,0,14,0,0,0,
24/03/2016 19:19,2015,2014,B,Other Reporting Airports,BIRMINGHAM,GLASGOW,226704,226119,585,229415,229345,70,-1.181701303
24/03/2016 19:19,2015,2014,B,Other Reporting Airports,BIRMINGHAM,GUERNSEY,33746,33592,154,25089,25045,44,34.50516129
24/03/2016 19:19,2015,2014,B,Other Reporting Airports,BIRMINGHAM,INVERNESS,41359,41359,0,41224,41224,0,0.327479124
24/03/2016 19:19,2015,2014,B,Other Reporting Airports,BIRMINGHAM,ISLE OF MAN,42606,42521,85,44341,44341,0,-3.912857294
24/03/2016 19:19,2015,2014,B,Other Reporting Airports,BIRMINGHAM,JERSEY,58735,58735,0,56206,56206,0,4.499519825
24/03/2016 19:19,2015,2014,B,Other Reporting Airports,BIRMINGHAM,LEEDS BRADFORD,27,0,27,0,0,0,
24/03/2016 19:19,2015,2014,B,Other Reporting Airports,BIRMINGHAM,MANCHESTER,0,0,0,34,0,34,
24/03/2016 19:19,2015,2014,B,Other Reporting Airports,BIRMINGHAM,NEWCASTLE,8490,8356,134,8305,7939,366,2.227573633
24/03/2016 19:19,2015,2014,B,Other Reporting Airports,BIRMINGHAM,NEWQUAY,23659,23659,0,18012,18012,0,31.35132217
24/03/2016 19:19,2015,2014,B,Other Reporting Airports,BIRMINGHAM,NORWICH,0,0,0,103,0,103,
24/03/2016 19:19,2015,2014,B,Other Reporting Airports,BLACKPOOL,BOURNEMOUTH,0,0,0,58,0,58,
24/03/2016 19:19,2015,2014,B,Other Reporting Airports,BLACKPOOL,CARDIFF WALES,0,0,0,4,0,4,
24/03/2016 19:19,2015,2014,B,Other Reporting Airports,BLACKPOOL,ISLE OF MAN,10339,10339,0,14890,14890,0,-30.56413651
24/03/2016 19:19,2015,2014,B,Other Reporting Airports,BLACKPOOL,NORWICH,0,0,0,72,0,72,
24/03/2016 19:19,2015,2014,B,Other Reporting Airports,BOURNEMOUTH,CARDIFF WALES,60,0,60,0,0,0,
24/03/2016 19:19,2015,2014,B,Other Reporting Airports,BOURNEMOUTH,DONCASTER SHEFFIELD,0,0,0,41,0,41,
24/03/2016 19:19,2015,2014,B,Other Reporting Airports,BOURNEMOUTH,DURHAM TEES VALLEY,76,0,76,0,0,0,
24/03/2016 19:19,2015,2014,B,Other Reporting Airports,BOURNEMOUTH,EAST MIDLANDS INTERNATIONAL,34,0,34,0,0,0,
24/03/2016 19:19,2015,2014,B,Other Reporting Airports,BOURNEMOUTH,EDINBURGH,340,0,340,0,0,0,
24/03/2016 19:19,2015,2014,B,Other Reporting Airports,BOURNEMOUTH,GLASGOW,33399,33399,0,102,0,102,32644.11719
24/03/2016 19:19,2015,2014,B,Other Reporting Airports,BOURNEMOUTH,GUERNSEY,137,52,85,112,0,112,22.3214283
24/03/2016 19:19,2015,2014,B,Other Reporting Airports,BOURNEMOUTH,HUMBERSIDE,0,0,0,38,0,38,
24/03/2016 19:19,2015,2014,B,Other Reporting Airports,BOURNEMOUTH,JERSEY,18012,18012,0,0,0,0,
24/03/2016 19:19,2015,2014,B,Other Reporting Airports,BOURNEMOUTH,LEEDS BRADFORD,0,0,0,33,0,33,
24/03/2016 19:19,2015,2014,B,Other Reporting Airports,BOURNEMOUTH,LIVERPOOL (JOHN LENNON),272,0,272,119,0,119,128.5714264
24/03/2016 19:19,2015,2014,B,Other Reporting Airports,BOURNEMOUTH,MANCHESTER,30644,30238,406,206,0,206,14775.72852
24/03/2016 19:19,2015,2014,B,Other Reporting Airports,BOURNEMOUTH,NEWCASTLE,168,0,168,0,0,0,
24/03/2016 19:19,2015,2014,B,Other Reporting Airports,BOURNEMOUTH,NORWICH,128,0,128,0,0,0,
24/03/2016 19:19,2015,2014,B,Other Reporting Airports,BRISTOL,EDINBURGH,351954,351747,207,322760,322760,0,9.045110703
24/03/2016 19:19,2015,2014,B,Other Reporting Airports,BRISTOL,EXETER,0,0,0,17,0,17,
24/03/2016 19:19,2015,2014,B,Other Reporting Airports,BRISTOL,GLASGOW,267162,267162,0,245288,245288,0,8.91768074
24/03/2016 19:19,2015,2014,B,Other Reporting Airports,BRISTOL,GUERNSEY,24248,24248,0,23422,23422,0,3.52659893
24/03/2016 19:19,2015,2014,B,Other Reporting Airports,BRISTOL,HAWARDEN,4735,0,4735,5482,40,5442,-13.62641335
24/03/2016 19:19,2015,2014,B,Other Reporting Airports,BRISTOL,HUMBERSIDE,62,0,62,0,0,0,
24/03/2016 19:19,2015,2014,B,Other Reporting Airports,BRISTOL,INVERNESS,82446,82446,0,77594,77594,0,6.253060818
24/03/2016 19:19,2015,2014,B,Other Reporting Airports,BRISTOL,ISLE OF MAN,23512,23512,0,0,0,0,
24/03/2016 19:19,2015,2014,B,Other Reporting Airports,BRISTOL,JERSEY,33369,33369,0,35946,35946,0,-7.169086933
24/03/2016 19:19,2015,2014,B,Other Reporting Airports,BRISTOL,LEEDS BRADFORD,0,0,0,39,0,39,
24/03/2016 19:19,2015,2014,B,Other Reporting Airports,BRISTOL,LIVERPOOL (JOHN LENNON),6,0,6,141,0,141,-95.74468231
24/03/2016 19:19,2015,2014,B,Other Reporting Airports,BRISTOL,NEWCASTLE,169231,169145,86,174461,174461,0,-2.997804642
24/03/2016 19:19,2015,2014,B,Other Reporting Airports,CAMBRIDGE,JERSEY,1741,0,1741,1531,0,1531,13.71652508
24/03/2016 19:19,2015,2014,B,Other Reporting Airports,CAMBRIDGE,MANCHESTER,0,0,0,67,0,67,
24/03/2016 19:19,2015,2014,B,Other Reporting Airports,CAMPBELTOWN,GLASGOW,8234,8234,0,9331,9331,0,-11.75651073
24/03/2016 19:19,2015,2014,B,Other Reporting Airports,CAMPBELTOWN,ISLAY,18,18,0,0,0,0,
24/03/2016 19:19,2015,2014,B,Other Reporting Airports,CARDIFF WALES,DURHAM TEES VALLEY,122,0,122,0,0,0,
24/03/2016 19:19,2015,2014,B,Other Reporting Airports,CARDIFF WALES,EAST MIDLANDS INTERNATIONAL,95,0,95,0,0,0,
24/03/2016 19:19,2015,2014,B,Other Reporting Airports,CARDIFF WALES,EDINBURGH,69229,68528,701,57581,57361,220,20.22889519
24/03/2016 19:19,2015,2014,B,Other Reporting Airports,CARDIFF WALES,EXETER,0,0,0,34,0,34,
24/03/2016 19:19,2015,2014,B,Other Reporting Airports,CARDIFF WALES,FARNBOROUGH,3,0,3,131,0,131,-97.70992279
24/03/2016 19:19,2015,2014,B,Other Reporting Airports,CARDIFF WALES,GLASGOW,18136,18011,125,27866,27866,0,-34.91710281
24/03/2016 19:19,2015,2014,B,Other Reporting Airports,CARDIFF WALES,HUMBERSIDE,231,0,231,260,0,260,-11.15384579
24/03/2016 19:19,2015,2014,B,Other Reporting Airports,CARDIFF WALES,JERSEY,9434,9434,0,7926,7926,0,19.02598953
24/03/2016 19:19,2015,2014,B,Other Reporting Airports,CARDIFF WALES,LEEDS BRADFORD,77,0,77,138,0,138,-44.20289993
24/03/2016 19:19,2015,2014,B,Other Reporting Airports,CARDIFF WALES,LIVERPOOL (JOHN LENNON),340,0,340,725,0,725,-53.10344696
24/03/2016 19:19,2015,2014,B,Other Reporting Airports,CARDIFF WALES,MANCHESTER,622,0,622,624,0,624,-0.320512831
24/03/2016 19:19,2015,2014,B,Other Reporting Airports,CARDIFF WALES,NEWCASTLE,12412,12044,368,11778,11186,592,5.382917404
24/03/2016 19:19,2015,2014,B,Other Reporting Airports,CARDIFF WALES,NORWICH,581,417,164,206,0,206,182.0388336
24/03/2016 19:19,2015,2014,B,Other Reporting Airports,CARDIFF WALES,SOUTHAMPTON,59,0,59,0,0,0,
24/03/2016 19:19,2015,2014,B,Other Reporting Airports,CITY OF DERRY (EGLINTON),GLASGOW,75986,75986,0,13314,13314,0,470.7225342
24/03/2016 19:19,2015,2014,B,Other Reporting Airports,CITY OF DERRY (EGLINTON),LIVERPOOL (JOHN LENNON),77099,77099,0,81497,81497,0,-5.396517754
24/03/2016 19:19,2015,2014,B,Other Reporting Airports,CITY OF DERRY (EGLINTON),PRESTWICK,0,0,0,52109,52109,0,
24/03/2016 19:19,2015,2014,B,Other Reporting Airports,CITY OF DERRY (EGLINTON),SOUTHAMPTON,170,0,170,0,0,0,
24/03/2016 19:19,2015,2014,B,Other Reporting Airports,DONCASTER SHEFFIELD,ISLE OF MAN,231,231,0,1067,1067,0,-78.35051727
24/03/2016 19:19,2015,2014,B,Other Reporting Airports,DONCASTER SHEFFIELD,JERSEY,2807,2807,0,3167,3167,0,-11.36722469
24/03/2016 19:19,2015,2014,B,Other Reporting Airports,DONCASTER SHEFFIELD,SOUTHAMPTON,0,0,0,11,11,0,
24/03/2016 19:19,2015,2014,B,Other Reporting Airports,DUNDEE,FARNBOROUGH,9,0,9,0,0,0,
24/03/2016 19:19,2015,2014,B,Other Reporting Airports,DUNDEE,JERSEY,1291,0,1291,1553,0,1553,-16.87057304
24/03/2016 19:19,2015,2014,B,Other Reporting Airports,DUNDEE,LIVERPOOL (JOHN LENNON),80,0,80,0,0,0,
24/03/2016 19:19,2015,2014,B,Other Reporting Airports,DUNDEE,MANCHESTER,0,0,0,48,0,48,
24/03/2016 19:19,2015,2014,B,Other Reporting Airports,DUNDEE,SUMBURGH,0,0,0,48,0,48,
24/03/2016 19:19,2015,2014,B,Other Reporting Airports,DURHAM TEES VALLEY,FARNBOROUGH,73,0,73,62,0,62,17.74193573
24/03/2016 19:19,2015,2014,B,Other Reporting Airports,DURHAM TEES VALLEY,GLASGOW,12,0,12,0,0,0,
24/03/2016 19:19,2015,2014,B,Other Reporting Airports,DURHAM TEES VALLEY,JERSEY,2408,2408,0,2113,2113,0,13.96119308
24/03/2016 19:19,2015,2014,B,Other Reporting Airports,DURHAM TEES VALLEY,NEWCASTLE,5,5,0,0,0,0,
24/03/2016 19:19,2015,2014,B,Other Reporting Airports,DURHAM TEES VALLEY,NORWICH,15,15,0,72,0,72,-79.16666412
24/03/2016 19:19,2015,2014,B,Other Reporting Airports,DURHAM TEES VALLEY,SOUTHAMPTON,0,0,0,2,2,0,
24/03/2016 19:19,2015,2014,B,Other Reporting Airports,EAST MIDLANDS INTERNATIONAL,EDINBURGH,95307,95307,0,92683,92683,0,2.831155777
24/03/2016 19:19,2015,2014,B,Other Reporting Airports,EAST MIDLANDS INTERNATIONAL,FARNBOROUGH,76,0,76,0,0,0,
24/03/2016 19:19,2015,2014,B,Other Reporting Airports,EAST MIDLANDS INTERNATIONAL,GLASGOW,94954,94954,0,91901,91901,0,3.322053194
24/03/2016 19:19,2015,2014,B,Other Reporting Airports,EAST MIDLANDS INTERNATIONAL,GUERNSEY,30893,30893,0,26932,26932,0,14.70741081
24/03/2016 19:19,2015,2014,B,Other Reporting Airports,EAST MIDLANDS INTERNATIONAL,HUMBERSIDE,50,50,0,0,0,0,
24/03/2016 19:19,2015,2014,B,Other Reporting Airports,EAST MIDLANDS INTERNATIONAL,JERSEY,30538,30538,0,35518,35518,0,-14.02105999
24/03/2016 19:19,2015,2014,B,Other Reporting Airports,EAST MIDLANDS INTERNATIONAL,MANCHESTER,0,0,0,222,0,222,
24/03/2016 19:19,2015,2014,B,Other Reporting Airports,EAST MIDLANDS INTERNATIONAL,NEWCASTLE,288,0,288,751,0,751,-61.65113068
24/03/2016 19:19,2015,2014,B,Other Reporting Airports,EAST MIDLANDS INTERNATIONAL,NORWICH,39,39,0,0,0,0,
24/03/2016 19:19,2015,2014,B,Other Reporting Airports,EAST MIDLANDS INTERNATIONAL,SOUTHAMPTON,68,0,68,0,0,0,
24/03/2016 19:19,2015,2014,B,Other Reporting Airports,EAST MIDLANDS INTERNATIONAL,STORNOWAY,248,0,248,92,0,92,169.5652161
24/03/2016 19:19,2015,2014,B,Other Reporting Airports,EDAY,KIRKWALL,684,684,0,563,563,0,21.4920063
24/03/2016 19:19,2015,2014,B,Other Reporting Airports,EDINBURGH,EXETER,45115,45115,0,38265,38265,0,17.90147591
24/03/2016 19:19,2015,2014,B,Other Reporting Airports,EDINBURGH,FARNBOROUGH,37,0,37,114,0,114,-67.54386139
24/03/2016 19:19,2015,2014,B,Other Reporting Airports,EDINBURGH,INVERNESS,0,0,0,39,24,15,
24/03/2016 19:19,2015,2014,B,Other Reporting Airports,EDINBURGH,JERSEY,6412,6412,0,3164,3164,0,102.6548691
24/03/2016 19:19,2015,2014,B,Other Reporting Airports,EDINBURGH,KIRKWALL,44530,44530,0,45444,45444,0,-2.011266708
24/03/2016 19:19,2015,2014,B,Other Reporting Airports,EDINBURGH,LIVERPOOL (JOHN LENNON),2776,2776,0,0,0,0,
24/03/2016 19:19,2015,2014,B,Other Reporting Airports,EDINBURGH,MANCHESTER,114095,114095,0,109279,109224,55,4.407068253
24/03/2016 19:19,2015,2014,B,Other Reporting Airports,EDINBURGH,NEWQUAY,2358,2358,0,2332,2332,0,1.114922762
24/03/2016 19:19,2015,2014,B,Other Reporting Airports,EDINBURGH,NORWICH,29260,29260,0,28460,28460,0,2.810962677
24/03/2016 19:19,2015,2014,B,Other Reporting Airports,EDINBURGH,SOUTHAMPTON,194058,194058,0,203151,203151,0,-4.475980759
24/03/2016 19:19,2015,2014,B,Other Reporting Airports,EDINBURGH,STORNOWAY,20607,20607,0,20497,20497,0,0.53666389
24/03/2016 19:19,2015,2014,B,Other Reporting Airports,EDINBURGH,SUMBURGH,44786,44786,0,45011,45011,0,-0.49987781
24/03/2016 19:19,2015,2014,B,Other Reporting Airports,EDINBURGH,WICK JOHN O GROATS,11067,11067,0,11718,11718,0,-5.555555344
24/03/2016 19:19,2015,2014,B,Other Reporting Airports,EXETER,GLASGOW,3059,3059,0,20725,20725,0,-85.24005127
24/03/2016 19:19,2015,2014,B,Other Reporting Airports,EXETER,GUERNSEY,25076,25076,0,22650,22650,0,10.71081638
24/03/2016 19:19,2015,2014,B,Other Reporting Airports,EXETER,ISLES OF SCILLY (ST.MARYS),14002,14002,0,15399,15399,0,-9.07201767
24/03/2016 19:19,2015,2014,B,Other Reporting Airports,EXETER,JERSEY,37590,37590,0,34950,34950,0,7.553647995
24/03/2016 19:19,2015,2014,B,Other Reporting Airports,EXETER,LEEDS BRADFORD,25,0,25,0,0,0,
24/03/2016 19:19,2015,2014,B,Other Reporting Airports,EXETER,MANCHESTER,127644,127566,78,109038,108771,267,17.06377602
24/03/2016 19:19,2015,2014,B,Other Reporting Airports,EXETER,NEWCASTLE,35883,35795,88,12844,12844,0,179.3755798
24/03/2016 19:19,2015,2014,B,Other Reporting Airports,EXETER,NEWQUAY,47,45,2,13,13,0,261.5384521
24/03/2016 19:19,2015,2014,B,Other Reporting Airports,EXETER,NORWICH,55,0,55,0,0,0,
24/03/2016 19:19,2015,2014,B,Other Reporting Airports,FAIR ISLE,LERWICK (TINGWALL),2305,2305,0,2436,2436,0,-5.377668381
24/03/2016 19:19,2015,2014,B,Other Reporting Airports,FAIR ISLE,SUMBURGH,112,112,0,90,90,0,24.44444466
24/03/2016 19:19,2015,2014,B,Other Reporting Airports,FARNBOROUGH,GLASGOW,6,0,6,0,0,0,
24/03/2016 19:19,2015,2014,B,Other Reporting Airports,FARNBOROUGH,LEEDS BRADFORD,9,0,9,0,0,0,
24/03/2016 19:19,2015,2014,B,Other Reporting Airports,FARNBOROUGH,LIVERPOOL (JOHN LENNON),196,0,196,210,0,210,-6.666666508
24/03/2016 19:19,2015,2014,B,Other Reporting Airports,FARNBOROUGH,MANCHESTER,160,0,160,309,0,309,-48.22006607
24/03/2016 19:19,2015,2014,B,Other Reporting Airports,FARNBOROUGH,NEWCASTLE,39,0,39,170,0,170,-77.05882263
24/03/2016 19:19,2015,2014,B,Other Reporting Airports,FARNBOROUGH,NORWICH,0,0,0,121,0,121,
24/03/2016 19:19,2015,2014,B,Other Reporting Airports,FARNBOROUGH,WICK JOHN O GROATS,12,0,12,0,0,0,
24/03/2016 19:19,2015,2014,B,Other Reporting Airports,FOULA,LERWICK (TINGWALL),1063,1063,0,971,971,0,9.474768639
24/03/2016 19:19,2015,2014,B,Other Reporting Airports,GLASGOW,GUERNSEY,0,0,0,97,0,97,
24/03/2016 19:19,2015,2014,B,Other Reporting Airports,GLASGOW,HUMBERSIDE,0,0,0,10,0,10,
24/03/2016 19:19,2015,2014,B,Other Reporting Airports,GLASGOW,INVERNESS,0,0,0,67,0,67,
24/03/2016 19:19,2015,2014,B,Other Reporting Airports,GLASGOW,ISLAY,28698,28698,0,27196,27196,0,5.522871017
24/03/2016 19:19,2015,2014,B,Other Reporting Airports,GLASGOW,ISLE OF MAN,9901,9901,0,7549,7549,0,31.15644455
24/03/2016 19:19,2015,2014,B,Other Reporting Airports,GLASGOW,JERSEY,34665,34665,0,33984,33984,0,2.003884077
24/03/2016 19:19,2015,2014,B,Other Reporting Airports,GLASGOW,KIRKWALL,17372,17372,0,17345,17345,0,0.155664459
24/03/2016 19:19,2015,2014,B,Other Reporting Airports,GLASGOW,LEEDS BRADFORD,8332,8332,0,9779,9779,0,-14.79701424
24/03/2016 19:19,2015,2014,B,Other Reporting Airports,GLASGOW,LIVERPOOL (JOHN LENNON),16,0,16,146,0,146,-89.04109955
24/03/2016 19:19,2015,2014,B,Other Reporting Airports,GLASGOW,MANCHESTER,45389,45248,141,68311,68152,159,-33.55535889
24/03/2016 19:19,2015,2014,B,Other Reporting Airports,GLASGOW,NEWCASTLE,12,0,12,0,0,0,
24/03/2016 19:19,2015,2014,B,Other Reporting Airports,GLASGOW,PRESTWICK,304,304,0,0,0,0,
24/03/2016 19:19,2015,2014,B,Other Reporting Airports,GLASGOW,SOUTHAMPTON,158310,158310,0,173007,173007,0,-8.49503231
24/03/2016 19:19,2015,2014,B,Other Reporting Airports,GLASGOW,STORNOWAY,62413,62413,0,61921,61921,0,0.79456079
24/03/2016 19:19,2015,2014,B,Other Reporting Airports,GLASGOW,SUMBURGH,28599,28599,0,24496,24496,0,16.74967384
24/03/2016 19:19,2015,2014,B,Other Reporting Airports,GLASGOW,TIREE,8675,8675,0,7996,7996,0,8.491745949
24/03/2016 19:19,2015,2014,B,Other Reporting Airports,GLOUCESTERSHIRE,ISLE OF MAN,11718,11718,0,14581,14581,0,-19.63514137
24/03/2016 19:19,2015,2014,B,Other Reporting Airports,GLOUCESTERSHIRE,JERSEY,534,534,0,560,560,0,-4.642857075
24/03/2016 19:19,2015,2014,B,Other Reporting Airports,GUERNSEY,HAVERFORD WEST,26,0,26,0,0,0,
24/03/2016 19:19,2015,2014,B,Other Reporting Airports,GUERNSEY,JERSEY,127014,126838,176,131677,131677,0,-3.541241169
24/03/2016 19:19,2015,2014,B,Other Reporting Airports,GUERNSEY,LIVERPOOL (JOHN LENNON),128,128,0,0,0,0,
24/03/2016 19:19,2015,2014,B,Other Reporting Airports,GUERNSEY,MANCHESTER,67733,67733,0,63295,63295,0,7.011612415
24/03/2016 19:19,2015,2014,B,Other Reporting Airports,GUERNSEY,NEWQUAY,37,0,37,0,0,0,
24/03/2016 19:19,2015,2014,B,Other Reporting Airports,GUERNSEY,NORWICH,651,649,2,923,923,0,-29.46912193
24/03/2016 19:19,2015,2014,B,Other Reporting Airports,GUERNSEY,SOUTHAMPTON,140425,140425,0,178950,178950,0,-21.52836037
24/03/2016 19:19,2015,2014,B,Other Reporting Airports,HUMBERSIDE,JERSEY,2385,2385,0,2550,2550,0,-6.470588207
24/03/2016 19:19,2015,2014,B,Other Reporting Airports,HUMBERSIDE,LEEDS BRADFORD,0,0,0,91,0,91,
24/03/2016 19:19,2015,2014,B,Other Reporting Airports,HUMBERSIDE,LIVERPOOL (JOHN LENNON),168,0,168,0,0,0,
24/03/2016 19:19,2015,2014,B,Other Reporting Airports,HUMBERSIDE,NEWCASTLE,0,0,0,33,0,33,
24/03/2016 19:19,2015,2014,B,Other Reporting Airports,HUMBERSIDE,NORWICH,48,0,48,324,261,63,-85.18518829
24/03/2016 19:19,2015,2014,B,Other Reporting Airports,HUMBERSIDE,SOUTHAMPTON,33,0,33,37,0,37,-10.81081104
24/03/2016 19:19,2015,2014,B,Other Reporting Airports,INVERNESS,JERSEY,2080,2025,55,1790,1790,0,16.20111656
24/03/2016 19:19,2015,2014,B,Other Reporting Airports,INVERNESS,KIRKWALL,19919,19919,0,19111,19111,0,4.227931499
24/03/2016 19:19,2015,2014,B,Other Reporting Airports,INVERNESS,LEEDS BRADFORD,39,39,0,0,0,0,
24/03/2016 19:19,2015,2014,B,Other Reporting Airports,INVERNESS,MANCHESTER,84492,84436,56,70462,70439,23,19.9114418
24/03/2016 19:19,2015,2014,B,Other Reporting Airports,INVERNESS,NEWCASTLE,24,0,24,0,0,0,
24/03/2016 19:19,2015,2014,B,Other Reporting Airports,INVERNESS,STORNOWAY,27133,26923,210,29362,28872,490,-7.591444492
24/03/2016 19:19,2015,2014,B,Other Reporting Airports,INVERNESS,SUMBURGH,3733,3733,0,3401,3401,0,9.761835098
24/03/2016 19:19,2015,2014,B,Other Reporting Airports,INVERNESS,WICK JOHN O GROATS,0,0,0,22,22,0,
24/03/2016 19:19,2015,2014,B,Other Reporting Airports,ISLE OF MAN,JERSEY,384,0,384,0,0,0,
24/03/2016 19:19,2015,2014,B,Other Reporting Airports,ISLE OF MAN,LEEDS BRADFORD,146,0,146,0,0,0,
24/03/2016 19:19,2015,2014,B,Other Reporting Airports,ISLE OF MAN,LIVERPOOL (JOHN LENNON),200784,200784,0,198243,198243,0,1.281760216
24/03/2016 19:19,2015,2014,B,Other Reporting Airports,ISLE OF MAN,MANCHESTER,158896,158871,25,163666,163666,0,-2.914472103
24/03/2016 19:19,2015,2014,B,Other Reporting Airports,ISLE OF MAN,NEWCASTLE,4409,4409,0,4573,4573,0,-3.586267233
24/03/2016 19:19,2015,2014,B,Other Reporting Airports,ISLES OF SCILLY (ST.MARYS),NEWQUAY,19982,19982,0,29591,29591,0,-32.47270966
24/03/2016 19:19,2015,2014,B,Other Reporting Airports,JERSEY,LEEDS BRADFORD,50035,50035,0,16224,16224,0,208.4011383
24/03/2016 19:19,2015,2014,B,Other Reporting Airports,JERSEY,LIVERPOOL (JOHN LENNON),107637,107637,0,91039,91039,0,18.23174667
24/03/2016 19:19,2015,2014,B,Other Reporting Airports,JERSEY,MANCHESTER,50652,50652,0,56693,53241,3452,-10.65563679
24/03/2016 19:19,2015,2014,B,Other Reporting Airports,JERSEY,NEWCASTLE,17853,17853,0,14720,14720,0,21.28396797
24/03/2016 19:19,2015,2014,B,Other Reporting Airports,JERSEY,NORWICH,2773,2773,0,2786,2786,0,-0.466618806
24/03/2016 19:19,2015,2014,B,Other Reporting Airports,JERSEY,OXFORD (KIDLINGTON),0,0,0,1090,1090,0,
24/03/2016 19:19,2015,2014,B,Other Reporting Airports,JERSEY,SOUTHAMPTON,118862,118862,0,154962,154962,0,-23.29603386
24/03/2016 19:19,2015,2014,B,Other Reporting Airports,JERSEY,STORNOWAY,197,0,197,0,0,0,
24/03/2016 19:19,2015,2014,B,Other Reporting Airports,KIRKWALL,NORTH RONALDSAY,5624,5624,0,6003,6003,0,-6.313509941
24/03/2016 19:19,2015,2014,B,Other Reporting Airports,KIRKWALL,PAPA WESTRAY,4802,4802,0,4520,4520,0,6.238937855
24/03/2016 19:19,2015,2014,B,Other Reporting Airports,KIRKWALL,SANDAY,3126,3126,0,2905,2905,0,7.607573032
24/03/2016 19:19,2015,2014,B,Other Reporting Airports,KIRKWALL,STRONSAY,3282,3282,0,3274,3274,0,0.24434942
24/03/2016 19:19,2015,2014,B,Other Reporting Airports,KIRKWALL,SUMBURGH,8429,8429,0,8828,8828,0,-4.519710064
24/03/2016 19:19,2015,2014,B,Other Reporting Airports,KIRKWALL,WESTRAY,3630,3630,0,3496,3496,0,3.832952023
24/03/2016 19:19,2015,2014,B,Other Reporting Airports,LEEDS BRADFORD,NORWICH,17,0,17,0,0,0,
24/03/2016 19:19,2015,2014,B,Other Reporting Airports,LEEDS BRADFORD,SOUTHAMPTON,45772,45716,56,27317,27317,0,67.55866241
24/03/2016 19:19,2015,2014,B,Other Reporting Airports,LERWICK (TINGWALL),OUT SKERRIES,69,69,0,132,130,2,-47.72727203
24/03/2016 19:19,2015,2014,B,Other Reporting Airports,LERWICK (TINGWALL),PAPA STOUR,64,64,0,28,28,0,128.5714264
24/03/2016 19:19,2015,2014,B,Other Reporting Airports,LERWICK (TINGWALL),WHALSAY,0,0,0,10,10,0,
24/03/2016 19:19,2015,2014,B,Other Reporting Airports,LIVERPOOL (JOHN LENNON),NEWCASTLE,478,0,478,278,0,278,71.94244385
24/03/2016 19:19,2015,2014,B,Other Reporting Airports,LIVERPOOL (JOHN LENNON),NEWQUAY,5224,5224,0,5190,5190,0,0.655105948
24/03/2016 19:19,2015,2014,B,Other Reporting Airports,LIVERPOOL (JOHN LENNON),NORWICH,220,0,220,168,0,168,30.95238113
24/03/2016 19:19,2015,2014,B,Other Reporting Airports,LIVERPOOL (JOHN LENNON),OXFORD (KIDLINGTON),72,0,72,0,0,0,
24/03/2016 19:19,2015,2014,B,Other Reporting Airports,LIVERPOOL (JOHN LENNON),PRESTWICK,0,0,0,85,0,85,
24/03/2016 19:19,2015,2014,B,Other Reporting Airports,LIVERPOOL (JOHN LENNON),SOUTHAMPTON,351,0,351,300,0,300,17
24/03/2016 19:19,2015,2014,B,Other Reporting Airports,MANCHESTER,NEWCASTLE,712,0,712,849,0,849,-16.13663101
24/03/2016 19:19,2015,2014,B,Other Reporting Airports,MANCHESTER,NEWQUAY,54580,54580,0,44541,44541,0,22.53878403
24/03/2016 19:19,2015,2014,B,Other Reporting Airports,MANCHESTER,NORWICH,27702,27356,346,29668,29568,100,-6.626668453
24/03/2016 19:19,2015,2014,B,Other Reporting Airports,MANCHESTER,SOUTHAMPTON,149884,149657,227,157807,157626,181,-5.020689964
24/03/2016 19:19,2015,2014,B,Other Reporting Airports,MANCHESTER,STORNOWAY,68,0,68,0,0,0,
24/03/2016 19:19,2015,2014,B,Other Reporting Airports,NEWCASTLE,NEWQUAY,2148,2148,0,2406,2406,0,-10.72319221
24/03/2016 19:19,2015,2014,B,Other Reporting Airports,NEWCASTLE,NORWICH,189,0,189,106,0,106,78.30188751
24/03/2016 19:19,2015,2014,B,Other Reporting Airports,NEWCASTLE,PRESTWICK,10,0,10,0,0,0,
24/03/2016 19:19,2015,2014,B,Other Reporting Airports,NEWCASTLE,SOUTHAMPTON,109367,109141,226,99501,99134,367,9.915478706
24/03/2016 19:19,2015,2014,B,Other Reporting Airports,NORWICH,SOUTHAMPTON,38,0,38,0,0,0,
24/03/2016 19:19,2015,2014,B,Other Reporting Airports,PEMBREY,SUMBURGH,0,0,0,43,0,43,
