rundate,this_period,last_period,airport_cluster,rpt_apt_grp_cd,rpt_apt_grp_name,rpt_apt_name,total_pax_tp,total_pax_eu_shd_tp,total_pax_eu_cht_tp,total_pax_eu_tp,total_pax_eu_lp,total_pax_eu_pc,total_pax_oi_shd_tp,total_pax_oi_cht_tp,total_pax_oi_tp,total_pax_oi_lp,total_pax_oi_pc
17/03/2016 11:40,2015,2014,1,1,London Area Airports,GATWICK,36663907,23491207,2454628,25945835,24003718,8.090900421,9070191,1647881,10718072,10437288,2.690200806
17/03/2016 11:40,2015,2014,1,1,London Area Airports,HEATHROW,69812535,25577252,102354,25679606,24519755,4.730271339,44096017,36912,44132929,43568662,1.295121193
17/03/2016 11:40,2015,2014,1,1,London Area Airports,LONDON CITY,3193335,2558008,20,2558028,2188402,16.89022446,635307,0,635307,684852,-7.234409809
17/03/2016 11:40,2015,2014,1,1,London Area Airports,LUTON,11317069,9493121,386872,9879993,8209476,20.34864426,1372267,64809,1437076,1333717,7.749694824
17/03/2016 11:40,2015,2014,1,1,London Area Airports,SOUTHEND,876670,834995,5961,840956,983872,-14.52587318,35615,99,35714,63760,-43.98682404
17/03/2016 11:40,2015,2014,1,1,London Area Airports,STANSTED,20768053,18914260,416129,19330389,17461595,10.70230961,1251041,186623,1437664,1346713,6.753554821
17/03/2016 11:40,2015,2014,1,3,Other UK Airports,ABERDEEN,1509419,687781,89565,777346,795145,-2.238459587,201071,531002,732073,813697,-10.03125286
17/03/2016 11:40,2015,2014,1,3,Other UK Airports,BELFAST CITY (GEORGE BEST),171117,161373,9666,171039,137244,24.62402725,0,78,78,0,
17/03/2016 11:40,2015,2014,1,3,Other UK Airports,BELFAST INTERNATIONAL,1436233,1026603,230411,1257014,1136064,10.64640713,124061,55158,179219,189804,-5.576805592
17/03/2016 11:40,2015,2014,1,3,Other UK Airports,BIGGIN HILL,278,0,246,246,333,-26.12612534,0,32,32,22,45.45454407
17/03/2016 11:40,2015,2014,1,3,Other UK Airports,BIRMINGHAM,8899656,5728630,1115209,6843839,6533703,4.746710777,1546185,509632,2055817,1850758,11.07973099
17/03/2016 11:40,2015,2014,1,3,Other UK Airports,BLACKPOOL,23155,0,0,0,182757,,0,23155,23155,25720,-9.972784042
17/03/2016 11:40,2015,2014,1,3,Other UK Airports,BOURNEMOUTH,621009,421214,149544,570758,605296,-5.705968857,24476,25775,50251,54003,-6.947762012
17/03/2016 11:40,2015,2014,1,3,Other UK Airports,BRISTOL,5551728,4409080,652614,5061694,4654865,8.73986721,325229,164805,490034,531106,-7.733296394
17/03/2016 11:40,2015,2014,1,3,Other UK Airports,CAMBRIDGE,4012,2182,1830,4012,18087,-77.81832123,0,0,0,978,
17/03/2016 11:40,2015,2014,1,3,Other UK Airports,CAMPBELTOWN,36,0,36,36,0,,0,0,0,0,
17/03/2016 11:40,2015,2014,1,3,Other UK Airports,CARDIFF WALES,991039,467015,451459,918474,761750,20.57420349,2411,70154,72565,97482,-25.56061554
17/03/2016 11:40,2015,2014,1,3,Other UK Airports,CITY OF DERRY (EGLINTON),7140,7103,37,7140,35350,-79.80197906,0,0,0,0,
17/03/2016 11:40,2015,2014,1,3,Other UK Airports,DONCASTER SHEFFIELD,853008,447266,344888,792154,643666,23.06910706,0,60854,60854,70327,-13.46993351
17/03/2016 11:40,2015,2014,1,3,Other UK Airports,DUNDEE,337,0,297,297,94,215.9574432,0,40,40,0,
17/03/2016 11:40,2015,2014,1,3,Other UK Airports,DURHAM TEES VALLEY,109016,105723,2840,108563,104615,3.773837328,0,453,453,0,
17/03/2016 11:40,2015,2014,1,3,Other UK Airports,EAST MIDLANDS INTERNATIONAL,4031042,3186070,620604,3806674,3842866,-0.941797078,49855,174513,224368,256505,-12.52880096
17/03/2016 11:40,2015,2014,1,3,Other UK Airports,EDINBURGH,5915561,4675456,184896,4860352,4455023,9.098247528,992403,62806,1055209,893017,18.16225243
17/03/2016 11:40,2015,2014,1,3,Other UK Airports,EXETER,445948,199615,206920,406535,422907,-3.87130022,2225,37188,39413,40742,-3.26199007
17/03/2016 11:40,2015,2014,1,3,Other UK Airports,GLASGOW,4610022,2638782,689042,3327824,2767503,20.24644661,1011589,270609,1282198,1180748,8.592011452
17/03/2016 11:40,2015,2014,1,3,Other UK Airports,GLOUCESTERSHIRE,10,0,10,10,0,,0,0,0,0,
17/03/2016 11:40,2015,2014,1,3,Other UK Airports,HUMBERSIDE,186764,121869,17900,139769,132635,5.378670692,0,46995,46995,62677,-25.02034187
17/03/2016 11:40,2015,2014,1,3,Other UK Airports,INVERNESS,62403,57606,600,58206,41360,40.73017502,1662,2535,4197,1715,144.7230377
17/03/2016 11:40,2015,2014,1,3,Other UK Airports,KIRKWALL,197,0,0,0,0,,0,197,197,71,177.4647827
17/03/2016 11:40,2015,2014,1,3,Other UK Airports,LEEDS BRADFORD,3003025,2726460,102690,2829150,2705189,4.582341671,152104,21771,173875,188983,-7.994369984
17/03/2016 11:40,2015,2014,1,3,Other UK Airports,LERWICK (TINGWALL),3,0,0,0,0,,0,3,3,1,200
17/03/2016 11:40,2015,2014,1,3,Other UK Airports,LIVERPOOL (JOHN LENNON),3390685,3198857,4865,3203722,3006765,6.550462246,182316,4647,186963,184597,1.281710982
17/03/2016 11:40,2015,2014,1,3,Other UK Airports,LYDD,1114,731,333,1064,1220,-12.78688526,0,50,50,7,614.2857056
17/03/2016 11:40,2015,2014,1,3,Other UK Airports,MANCHESTER,20713032,11377319,2454133,13831452,12900774,7.214125156,5421636,1459944,6881580,6579530,4.590753555
17/03/2016 11:40,2015,2014,1,3,Other UK Airports,MANSTON (KENT INT),0,0,0,0,12385,,0,0,0,0,
17/03/2016 11:40,2015,2014,1,3,Other UK Airports,NEWCASTLE,3354022,2054888,661959,2716847,2727524,-0.391453922,366330,270845,637175,606806,5.004729748
17/03/2016 11:40,2015,2014,1,3,Other UK Airports,NEWQUAY,11381,10934,447,11381,4707,141.7888184,0,0,0,248,
17/03/2016 11:40,2015,2014,1,3,Other UK Airports,NORWICH,348446,142194,85606,227800,211310,7.803700924,0,120646,120646,127567,-5.425384521
17/03/2016 11:40,2015,2014,1,3,Other UK Airports,OXFORD (KIDLINGTON),166,0,166,166,30,453.3333435,0,0,0,65,
17/03/2016 11:40,2015,2014,1,3,Other UK Airports,PRESTWICK,609380,608415,697,609112,859775,-29.15448761,6,262,268,268,0
17/03/2016 11:40,2015,2014,1,3,Other UK Airports,SCATSTA,114434,0,0,0,0,,0,114434,114434,128771,-11.13371754
17/03/2016 11:40,2015,2014,1,3,Other UK Airports,SHOREHAM,237,0,237,237,219,8.2191782,0,0,0,0,
17/03/2016 11:40,2015,2014,1,3,Other UK Airports,SOUTHAMPTON,632366,613128,9769,622897,655258,-4.93866539,9421,48,9469,14459,-34.51137543
17/03/2016 11:40,2015,2014,1,3,Other UK Airports,STORNOWAY,2,0,0,0,0,,0,2,2,0,
17/03/2016 11:40,2015,2014,1,3,Other UK Airports,SUMBURGH,31223,0,4358,4358,3887,12.11731434,978,25887,26865,16069,67.18526459
17/03/2016 11:40,2015,2014,1,3,Other UK Airports,WICK JOHN O GROATS,1069,0,120,120,0,,0,949,949,2447,-61.21781921
17/03/2016 11:40,2015,2014,2,4,Non UK Reporting Airports,GUERNSEY,9513,8165,588,8753,8120,7.795566559,425,335,760,48,1483.333374
17/03/2016 11:40,2015,2014,2,4,Non UK Reporting Airports,ISLE OF MAN,43268,37400,3797,41197,38629,6.647855282,2034,37,2071,2325,-10.92473125
17/03/2016 11:40,2015,2014,2,4,Non UK Reporting Airports,JERSEY,66649,40025,19418,59443,68787,-13.58396244,6353,853,7206,14378,-49.88176346
