rundate,this_period,last_period,grp_cd,grp_name,apt1_apt_name,apt2_apt_name,total_pax_tp,total_pax_shd_tp,total_pax_cht_tp,total_pax_lp,total_pax_shd_lp,total_pax_cht_lp,total_pax_pc
17/03/2016 11:45,2015,2014,A,London Area Airports,GATWICK,ABERDEEN,163184,163184,0,161816,161816,0,0.845404685
17/03/2016 11:45,2015,2014,A,London Area Airports,GATWICK,BELFAST CITY (GEORGE BEST),212897,212897,0,277800,277800,0,-23.36321068
17/03/2016 11:45,2015,2014,A,London Area Airports,GATWICK,BELFAST INTERNATIONAL,470344,470344,0,434305,434214,91,8.298085213
17/03/2016 11:45,2015,2014,A,London Area Airports,GATWICK,BIRMINGHAM,36,0,36,327,0,327,-88.99082947
17/03/2016 11:45,2015,2014,A,London Area Airports,GATWICK,BLACKPOOL,0,0,0,70,0,70,
17/03/2016 11:45,2015,2014,A,London Area Airports,GATWICK,BRISTOL,1,0,1,218,0,218,-99.54128265
17/03/2016 11:45,2015,2014,A,London Area Airports,GATWICK,CARDIFF WALES,38,0,38,228,0,228,-83.33333588
17/03/2016 11:45,2015,2014,A,London Area Airports,GATWICK,DONCASTER SHEFFIELD,37,0,37,71,0,71,-47.88732529
17/03/2016 11:45,2015,2014,A,London Area Airports,GATWICK,DURHAM TEES VALLEY,74,0,74,37,0,37,100
17/03/2016 11:45,2015,2014,A,London Area Airports,GATWICK,EAST MIDLANDS INTERNATIONAL,176,0,176,32,0,32,450
17/03/2016 11:45,2015,2014,A,London Area Airports,GATWICK,EDINBURGH,672948,672948,0,690363,690316,47,-2.522585869
17/03/2016 11:45,2015,2014,A,London Area Airports,GATWICK,GLASGOW,612497,612329,168,613254,613254,0,-0.123439878
17/03/2016 11:45,2015,2014,A,London Area Airports,GATWICK,GUERNSEY,317723,317723,0,314374,314374,0,1.065291643
17/03/2016 11:45,2015,2014,A,London Area Airports,GATWICK,HUMBERSIDE,209,0,209,35,0,35,497.1428528
17/03/2016 11:45,2015,2014,A,London Area Airports,GATWICK,INVERNESS,207074,207074,0,192924,192826,98,7.334494591
17/03/2016 11:45,2015,2014,A,London Area Airports,GATWICK,ISLE OF MAN,144654,144654,0,150062,150062,0,-3.603843689
17/03/2016 11:45,2015,2014,A,London Area Airports,GATWICK,JERSEY,649377,649377,0,605987,605987,0,7.160219669
17/03/2016 11:45,2015,2014,A,London Area Airports,GATWICK,LEEDS BRADFORD,141,0,141,67,0,67,110.4477615
17/03/2016 11:45,2015,2014,A,London Area Airports,GATWICK,LIVERPOOL (JOHN LENNON),225,0,225,851,606,245,-73.56051636
17/03/2016 11:45,2015,2014,A,London Area Airports,GATWICK,LUTON,0,0,0,115,115,0,
17/03/2016 11:45,2015,2014,A,London Area Airports,GATWICK,MANCHESTER,650,0,650,879,184,695,-26.05233192
17/03/2016 11:45,2015,2014,A,London Area Airports,GATWICK,NEWCASTLE,27699,27451,248,105336,105027,309,-73.70414734
17/03/2016 11:45,2015,2014,A,London Area Airports,GATWICK,NEWQUAY,115899,115899,0,103513,103513,0,11.96564674
17/03/2016 11:45,2015,2014,A,London Area Airports,GATWICK,STANSTED,0,0,0,150,150,0,
17/03/2016 11:45,2015,2014,A,London Area Airports,HEATHROW,ABERDEEN,726745,726745,0,776880,776880,0,-6.453377724
17/03/2016 11:45,2015,2014,A,London Area Airports,HEATHROW,BELFAST CITY (GEORGE BEST),684255,684145,110,674889,674889,0,1.387783766
17/03/2016 11:45,2015,2014,A,London Area Airports,HEATHROW,DURHAM TEES VALLEY,48,0,48,0,0,0,
17/03/2016 11:45,2015,2014,A,London Area Airports,HEATHROW,EDINBURGH,1383915,1383915,0,1472812,1472812,0,-6.035868645
17/03/2016 11:45,2015,2014,A,London Area Airports,HEATHROW,GLASGOW,907873,907873,0,870988,870988,0,4.234846115
17/03/2016 11:45,2015,2014,A,London Area Airports,HEATHROW,HUMBERSIDE,24,0,24,0,0,0,
17/03/2016 11:45,2015,2014,A,London Area Airports,HEATHROW,LEEDS BRADFORD,148796,148796,0,132325,132325,0,12.44738293
17/03/2016 11:45,2015,2014,A,London Area Airports,HEATHROW,LIVERPOOL (JOHN LENNON),155,0,155,78,0,78,98.71794891
17/03/2016 11:45,2015,2014,A,London Area Airports,HEATHROW,MANCHESTER,776369,776334,35,876597,876562,35,-11.43376064
17/03/2016 11:45,2015,2014,A,London Area Airports,HEATHROW,NEWCASTLE,513496,513321,175,478806,478510,296,7.245105743
17/03/2016 11:45,2015,2014,A,London Area Airports,LONDON CITY,ABERDEEN,63343,63343,0,72006,72006,0,-12.03094196
17/03/2016 11:45,2015,2014,A,London Area Airports,LONDON CITY,BELFAST CITY (GEORGE BEST),114940,114940,0,18599,18599,0,517.9902344
17/03/2016 11:45,2015,2014,A,London Area Airports,LONDON CITY,DUNDEE,0,0,0,4591,4591,0,
17/03/2016 11:45,2015,2014,A,London Area Airports,LONDON CITY,EDINBURGH,532857,532857,0,352313,352313,0,51.24534225
17/03/2016 11:45,2015,2014,A,London Area Airports,LONDON CITY,EXETER,49933,49933,0,10129,10129,0,392.9706726
17/03/2016 11:45,2015,2014,A,London Area Airports,LONDON CITY,GLASGOW,238413,238413,0,207856,207856,0,14.70104313
17/03/2016 11:45,2015,2014,A,London Area Airports,LONDON CITY,GUERNSEY,22338,22338,0,4721,4721,0,373.1624756
17/03/2016 11:45,2015,2014,A,London Area Airports,LONDON CITY,INVERNESS,4866,4866,0,7613,7613,0,-36.08301544
17/03/2016 11:45,2015,2014,A,London Area Airports,LONDON CITY,ISLE OF MAN,58709,58709,0,62307,62307,0,-5.774631977
17/03/2016 11:45,2015,2014,A,London Area Airports,LONDON CITY,JERSEY,43344,43344,0,35720,35720,0,21.34378433
17/03/2016 11:45,2015,2014,A,London Area Airports,LUTON,ABERDEEN,71254,71108,146,74541,74541,0,-4.409653664
17/03/2016 11:45,2015,2014,A,London Area Airports,LUTON,BELFAST CITY (GEORGE BEST),0,0,0,48,0,48,
17/03/2016 11:45,2015,2014,A,London Area Airports,LUTON,BELFAST INTERNATIONAL,295292,294894,398,240885,240838,47,22.58629608
17/03/2016 11:45,2015,2014,A,London Area Airports,LUTON,BIRMINGHAM,104,0,104,0,0,0,
17/03/2016 11:45,2015,2014,A,London Area Airports,LUTON,BLACKPOOL,0,0,0,71,0,71,
17/03/2016 11:45,2015,2014,A,London Area Airports,LUTON,BRISTOL,4,0,4,13,0,13,-69.2307663
17/03/2016 11:45,2015,2014,A,London Area Airports,LUTON,CARDIFF WALES,68,0,68,169,0,169,-59.76331329
17/03/2016 11:45,2015,2014,A,London Area Airports,LUTON,CITY OF DERRY (EGLINTON),31,0,31,0,0,0,
17/03/2016 11:45,2015,2014,A,London Area Airports,LUTON,DONCASTER SHEFFIELD,56,0,56,128,0,128,-56.25
17/03/2016 11:45,2015,2014,A,London Area Airports,LUTON,DUNDEE,73,0,73,0,0,0,
17/03/2016 11:45,2015,2014,A,London Area Airports,LUTON,DURHAM TEES VALLEY,407,0,407,104,0,104,291.3461609
17/03/2016 11:45,2015,2014,A,London Area Airports,LUTON,EDINBURGH,266562,266460,102,259670,259653,17,2.65413785
17/03/2016 11:45,2015,2014,A,London Area Airports,LUTON,EXETER,0,0,0,327,0,327,
17/03/2016 11:45,2015,2014,A,London Area Airports,LUTON,GATWICK,0,0,0,173,173,0,
17/03/2016 11:45,2015,2014,A,London Area Airports,LUTON,GLASGOW,215052,215010,42,270220,270119,101,-20.4159565
17/03/2016 11:45,2015,2014,A,London Area Airports,LUTON,HUMBERSIDE,63,0,63,139,0,139,-54.67625809
17/03/2016 11:45,2015,2014,A,London Area Airports,LUTON,INVERNESS,93517,93361,156,89630,89606,24,4.336717606
17/03/2016 11:45,2015,2014,A,London Area Airports,LUTON,JERSEY,80,0,80,11,0,11,627.2727051
17/03/2016 11:45,2015,2014,A,London Area Airports,LUTON,LEEDS BRADFORD,156,0,156,0,0,0,
17/03/2016 11:45,2015,2014,A,London Area Airports,LUTON,LIVERPOOL (JOHN LENNON),438,0,438,168,0,168,160.7142792
17/03/2016 11:45,2015,2014,A,London Area Airports,LUTON,MANCHESTER,696,0,696,337,0,337,106.5281906
17/03/2016 11:45,2015,2014,A,London Area Airports,LUTON,NEWCASTLE,674,0,674,723,155,568,-6.77731657
17/03/2016 11:45,2015,2014,A,London Area Airports,LUTON,NEWQUAY,31,0,31,0,0,0,
17/03/2016 11:45,2015,2014,A,London Area Airports,LUTON,NORWICH,61,0,61,73,0,73,-16.4383564
17/03/2016 11:45,2015,2014,A,London Area Airports,LUTON,PRESTWICK,10,0,10,0,0,0,
17/03/2016 11:45,2015,2014,A,London Area Airports,SOUTHEND,ABERDEEN,104,104,0,0,0,0,
17/03/2016 11:45,2015,2014,A,London Area Airports,SOUTHEND,BELFAST INTERNATIONAL,0,0,0,988,988,0,
17/03/2016 11:45,2015,2014,A,London Area Airports,SOUTHEND,BLACKPOOL,0,0,0,76,0,76,
17/03/2016 11:45,2015,2014,A,London Area Airports,SOUTHEND,EDINBURGH,0,0,0,23748,23748,0,
17/03/2016 11:45,2015,2014,A,London Area Airports,SOUTHEND,GLASGOW,0,0,0,27,0,27,
17/03/2016 11:45,2015,2014,A,London Area Airports,SOUTHEND,HUMBERSIDE,0,0,0,67,0,67,
17/03/2016 11:45,2015,2014,A,London Area Airports,SOUTHEND,ISLE OF MAN,0,0,0,32,32,0,
17/03/2016 11:45,2015,2014,A,London Area Airports,SOUTHEND,JERSEY,21669,21669,0,21743,21743,0,-0.340339422
17/03/2016 11:45,2015,2014,A,London Area Airports,SOUTHEND,MANCHESTER,287,0,287,0,0,0,
17/03/2016 11:45,2015,2014,A,London Area Airports,SOUTHEND,NEWQUAY,0,0,0,7142,7142,0,
17/03/2016 11:45,2015,2014,A,London Area Airports,STANSTED,ABERDEEN,0,0,0,528,0,528,
17/03/2016 11:45,2015,2014,A,London Area Airports,STANSTED,BELFAST INTERNATIONAL,323659,323659,0,306883,306867,16,5.466578484
17/03/2016 11:45,2015,2014,A,London Area Airports,STANSTED,BIRMINGHAM,36,0,36,0,0,0,
17/03/2016 11:45,2015,2014,A,London Area Airports,STANSTED,BOURNEMOUTH,177,0,177,0,0,0,
17/03/2016 11:45,2015,2014,A,London Area Airports,STANSTED,BRISTOL,0,0,0,21,0,21,
17/03/2016 11:45,2015,2014,A,London Area Airports,STANSTED,CARDIFF WALES,115,0,115,65,0,65,76.92308044
17/03/2016 11:45,2015,2014,A,London Area Airports,STANSTED,CITY OF DERRY (EGLINTON),126306,126306,0,126792,126792,0,-0.383304954
17/03/2016 11:45,2015,2014,A,London Area Airports,STANSTED,DUNDEE,20377,20377,0,15776,15776,0,29.1645546
17/03/2016 11:45,2015,2014,A,London Area Airports,STANSTED,EDINBURGH,622172,621689,483,360251,360251,0,72.70513916
17/03/2016 11:45,2015,2014,A,London Area Airports,STANSTED,GATWICK,0,0,0,175,175,0,
17/03/2016 11:45,2015,2014,A,London Area Airports,STANSTED,GLASGOW,533327,533327,0,304154,304154,0,75.34768677
17/03/2016 11:45,2015,2014,A,London Area Airports,STANSTED,GUERNSEY,26901,26901,0,24468,24468,0,9.943599701
17/03/2016 11:45,2015,2014,A,London Area Airports,STANSTED,ISLE OF MAN,45973,45973,0,0,0,0,
17/03/2016 11:45,2015,2014,A,London Area Airports,STANSTED,JERSEY,0,0,0,9979,9979,0,
17/03/2016 11:45,2015,2014,A,London Area Airports,STANSTED,LEEDS BRADFORD,41,0,41,0,0,0,
17/03/2016 11:45,2015,2014,A,London Area Airports,STANSTED,LIVERPOOL (JOHN LENNON),38,0,38,0,0,0,
17/03/2016 11:45,2015,2014,A,London Area Airports,STANSTED,LONDON CITY,0,0,0,74,74,0,
17/03/2016 11:45,2015,2014,A,London Area Airports,STANSTED,LUTON,12,12,0,0,0,0,
17/03/2016 11:45,2015,2014,A,London Area Airports,STANSTED,MANCHESTER,0,0,0,145,0,145,
17/03/2016 11:45,2015,2014,A,London Area Airports,STANSTED,NEWCASTLE,31392,30872,520,0,0,0,
17/03/2016 11:45,2015,2014,A,London Area Airports,STANSTED,NEWQUAY,14438,14438,0,0,0,0,
17/03/2016 11:45,2015,2014,B,Other Reporting Airports,ABERDEEN,BELFAST CITY (GEORGE BEST),40026,40026,0,37450,37450,0,6.878504753
17/03/2016 11:45,2015,2014,B,Other Reporting Airports,ABERDEEN,BIRMINGHAM,115812,115812,0,125059,124690,369,-7.394110203
17/03/2016 11:45,2015,2014,B,Other Reporting Airports,ABERDEEN,BRISTOL,26447,26447,0,31789,31753,36,-16.80455589
17/03/2016 11:45,2015,2014,B,Other Reporting Airports,ABERDEEN,CARDIFF WALES,10578,10578,0,12855,12855,0,-17.71295166
17/03/2016 11:45,2015,2014,B,Other Reporting Airports,ABERDEEN,DONCASTER SHEFFIELD,98,0,98,0,0,0,
17/03/2016 11:45,2015,2014,B,Other Reporting Airports,ABERDEEN,DURHAM TEES VALLEY,28224,28224,0,35034,35034,0,-19.43825912
17/03/2016 11:45,2015,2014,B,Other Reporting Airports,ABERDEEN,EAST MIDLANDS INTERNATIONAL,15480,15480,0,16702,16702,0,-7.31648922
17/03/2016 11:45,2015,2014,B,Other Reporting Airports,ABERDEEN,EDINBURGH,146,0,146,16,0,16,812.5
17/03/2016 11:45,2015,2014,B,Other Reporting Airports,ABERDEEN,FARNBOROUGH,3,0,3,0,0,0,
17/03/2016 11:45,2015,2014,B,Other Reporting Airports,ABERDEEN,GATWICK,164260,164260,0,163238,163238,0,0.626079738
17/03/2016 11:45,2015,2014,B,Other Reporting Airports,ABERDEEN,GLASGOW,0,0,0,98,0,98,
17/03/2016 11:45,2015,2014,B,Other Reporting Airports,ABERDEEN,HEATHROW,726268,726268,0,776810,776810,0,-6.506352901
17/03/2016 11:45,2015,2014,B,Other Reporting Airports,ABERDEEN,HUMBERSIDE,30097,30097,0,36595,36595,0,-17.75652504
17/03/2016 11:45,2015,2014,B,Other Reporting Airports,ABERDEEN,JERSEY,17896,17896,0,13009,13009,0,37.56629944
17/03/2016 11:45,2015,2014,B,Other Reporting Airports,ABERDEEN,KIRKWALL,48233,48189,44,49081,48799,282,-1.727756143
17/03/2016 11:45,2015,2014,B,Other Reporting Airports,ABERDEEN,LEEDS BRADFORD,9226,9226,0,7007,6937,70,31.66833115
17/03/2016 11:45,2015,2014,B,Other Reporting Airports,ABERDEEN,LIVERPOOL (JOHN LENNON),0,0,0,23,0,23,
17/03/2016 11:45,2015,2014,B,Other Reporting Airports,ABERDEEN,LONDON CITY,64087,64087,0,72484,72484,0,-11.58462524
17/03/2016 11:45,2015,2014,B,Other Reporting Airports,ABERDEEN,LUTON,71230,71096,134,75094,75094,0,-5.145550728
17/03/2016 11:45,2015,2014,B,Other Reporting Airports,ABERDEEN,MANCHESTER,202623,201205,1418,226119,223968,2151,-10.39098835
17/03/2016 11:45,2015,2014,B,Other Reporting Airports,ABERDEEN,NEWCASTLE,20788,20726,62,30168,30129,39,-31.09254837
17/03/2016 11:45,2015,2014,B,Other Reporting Airports,ABERDEEN,NORWICH,50584,50584,0,60162,60162,0,-15.92034817
17/03/2016 11:45,2015,2014,B,Other Reporting Airports,ABERDEEN,SCATSTA,142655,6668,135987,159930,0,159930,-10.80160046
17/03/2016 11:45,2015,2014,B,Other Reporting Airports,ABERDEEN,SOUTHAMPTON,13884,13884,0,13956,13956,0,-0.515907109
17/03/2016 11:45,2015,2014,B,Other Reporting Airports,ABERDEEN,SOUTHEND,50,50,0,0,0,0,
17/03/2016 11:45,2015,2014,B,Other Reporting Airports,ABERDEEN,STANSTED,0,0,0,542,0,542,
17/03/2016 11:45,2015,2014,B,Other Reporting Airports,ABERDEEN,STORNOWAY,5467,5467,0,6222,6222,0,-12.13436222
17/03/2016 11:45,2015,2014,B,Other Reporting Airports,ABERDEEN,SUMBURGH,143693,76360,67333,150705,87943,62762,-4.652798653
17/03/2016 11:45,2015,2014,B,Other Reporting Airports,ABERDEEN,WICK JOHN O GROATS,12774,11462,1312,14365,12603,1762,-11.07553101
17/03/2016 11:45,2015,2014,B,Other Reporting Airports,ALDERNEY,GUERNSEY,35778,35778,0,36935,36935,0,-3.132530212
17/03/2016 11:45,2015,2014,B,Other Reporting Airports,ALDERNEY,JERSEY,0,0,0,30,30,0,
17/03/2016 11:45,2015,2014,B,Other Reporting Airports,ALDERNEY,SOUTHAMPTON,24000,24000,0,24368,24368,0,-1.510177255
17/03/2016 11:45,2015,2014,B,Other Reporting Airports,BARRA,GLASGOW,10683,10683,0,10521,10521,0,1.539777637
17/03/2016 11:45,2015,2014,B,Other Reporting Airports,BELFAST CITY (GEORGE BEST),ABERDEEN,39383,39383,0,36993,36993,0,6.460681915
17/03/2016 11:45,2015,2014,B,Other Reporting Airports,BELFAST CITY (GEORGE BEST),BIRMINGHAM,256023,255751,272,260330,260330,0,-1.654438615
17/03/2016 11:45,2015,2014,B,Other Reporting Airports,BELFAST CITY (GEORGE BEST),BLACKPOOL,5398,5398,0,0,0,0,
17/03/2016 11:45,2015,2014,B,Other Reporting Airports,BELFAST CITY (GEORGE BEST),CARDIFF WALES,41862,41862,0,41006,41006,0,2.08749938
17/03/2016 11:45,2015,2014,B,Other Reporting Airports,BELFAST CITY (GEORGE BEST),DONCASTER SHEFFIELD,81,81,0,5734,5734,0,-98.58737183
17/03/2016 11:45,2015,2014,B,Other Reporting Airports,BELFAST CITY (GEORGE BEST),EAST MIDLANDS INTERNATIONAL,148170,148170,0,142815,142815,0,3.749606133
17/03/2016 11:45,2015,2014,B,Other Reporting Airports,BELFAST CITY (GEORGE BEST),EDINBURGH,137972,137938,34,142304,142264,40,-3.044187069
17/03/2016 11:45,2015,2014,B,Other Reporting Airports,BELFAST CITY (GEORGE BEST),EXETER,34671,34671,0,36157,36157,0,-4.109854221
17/03/2016 11:45,2015,2014,B,Other Reporting Airports,BELFAST CITY (GEORGE BEST),GATWICK,212427,212287,140,277438,277438,0,-23.43262291
17/03/2016 11:45,2015,2014,B,Other Reporting Airports,BELFAST CITY (GEORGE BEST),GLASGOW,155157,155132,25,142833,142833,0,8.628257751
17/03/2016 11:45,2015,2014,B,Other Reporting Airports,BELFAST CITY (GEORGE BEST),HEATHROW,679478,679367,111,670244,670244,0,1.377707243
17/03/2016 11:45,2015,2014,B,Other Reporting Airports,BELFAST CITY (GEORGE BEST),INVERNESS,29193,29193,0,27180,27180,0,7.406180859
17/03/2016 11:45,2015,2014,B,Other Reporting Airports,BELFAST CITY (GEORGE BEST),ISLE OF MAN,20029,20029,0,26191,26191,0,-23.52716637
17/03/2016 11:45,2015,2014,B,Other Reporting Airports,BELFAST CITY (GEORGE BEST),LEEDS BRADFORD,150842,150842,0,156542,156542,0,-3.641195297
17/03/2016 11:45,2015,2014,B,Other Reporting Airports,BELFAST CITY (GEORGE BEST),LIVERPOOL (JOHN LENNON),86051,86051,0,0,0,0,
17/03/2016 11:45,2015,2014,B,Other Reporting Airports,BELFAST CITY (GEORGE BEST),LONDON CITY,114891,114891,0,18454,18454,0,522.5804443
17/03/2016 11:45,2015,2014,B,Other Reporting Airports,BELFAST CITY (GEORGE BEST),MANCHESTER,276512,276512,0,297467,297467,0,-7.044478893
17/03/2016 11:45,2015,2014,B,Other Reporting Airports,BELFAST CITY (GEORGE BEST),NEWCASTLE,24335,24335,0,28882,28882,0,-15.7433691
17/03/2016 11:45,2015,2014,B,Other Reporting Airports,BELFAST CITY (GEORGE BEST),NEWQUAY,1605,1605,0,1550,1550,0,3.548387051
17/03/2016 11:45,2015,2014,B,Other Reporting Airports,BELFAST CITY (GEORGE BEST),SOUTHAMPTON,108528,108528,0,106651,106651,0,1.759945989
17/03/2016 11:45,2015,2014,B,Other Reporting Airports,BELFAST CITY (GEORGE BEST),SOUTHEND,0,0,0,15,0,15,
17/03/2016 11:45,2015,2014,B,Other Reporting Airports,BELFAST INTERNATIONAL,BIRMINGHAM,196202,196084,118,179503,179254,249,9.302908897
17/03/2016 11:45,2015,2014,B,Other Reporting Airports,BELFAST INTERNATIONAL,BOURNEMOUTH,352,0,352,0,0,0,
17/03/2016 11:45,2015,2014,B,Other Reporting Airports,BELFAST INTERNATIONAL,BRISTOL,246504,246406,98,230833,230793,40,6.788890839
17/03/2016 11:45,2015,2014,B,Other Reporting Airports,BELFAST INTERNATIONAL,CARDIFF WALES,317,90,227,345,0,345,-8.115942001
17/03/2016 11:45,2015,2014,B,Other Reporting Airports,BELFAST INTERNATIONAL,EAST MIDLANDS INTERNATIONAL,47,0,47,0,0,0,
17/03/2016 11:45,2015,2014,B,Other Reporting Airports,BELFAST INTERNATIONAL,EDINBURGH,262773,262684,89,235552,235552,0,11.55625916
17/03/2016 11:45,2015,2014,B,Other Reporting Airports,BELFAST INTERNATIONAL,EXETER,192,0,192,0,0,0,
17/03/2016 11:45,2015,2014,B,Other Reporting Airports,BELFAST INTERNATIONAL,FARNBOROUGH,97,0,97,0,0,0,
17/03/2016 11:45,2015,2014,B,Other Reporting Airports,BELFAST INTERNATIONAL,GATWICK,474681,474681,0,438100,438100,0,8.349920273
17/03/2016 11:45,2015,2014,B,Other Reporting Airports,BELFAST INTERNATIONAL,GLASGOW,266275,265368,907,241789,241789,0,10.1270113
17/03/2016 11:45,2015,2014,B,Other Reporting Airports,BELFAST INTERNATIONAL,JERSEY,10355,10355,0,6233,6233,0,66.13188171
17/03/2016 11:45,2015,2014,B,Other Reporting Airports,BELFAST INTERNATIONAL,LEEDS BRADFORD,0,0,0,94,0,94,
17/03/2016 11:45,2015,2014,B,Other Reporting Airports,BELFAST INTERNATIONAL,LIVERPOOL (JOHN LENNON),426106,426106,0,418389,418389,0,1.844455719
17/03/2016 11:45,2015,2014,B,Other Reporting Airports,BELFAST INTERNATIONAL,LONDON CITY,137,52,85,0,0,0,
17/03/2016 11:45,2015,2014,B,Other Reporting Airports,BELFAST INTERNATIONAL,LUTON,298198,297677,521,243289,243233,56,22.56945419
17/03/2016 11:45,2015,2014,B,Other Reporting Airports,BELFAST INTERNATIONAL,MANCHESTER,224497,224356,141,204987,204987,0,9.517676353
17/03/2016 11:45,2015,2014,B,Other Reporting Airports,BELFAST INTERNATIONAL,NEWCASTLE,219499,219499,0,196738,196738,0,11.56919384
17/03/2016 11:45,2015,2014,B,Other Reporting Airports,BELFAST INTERNATIONAL,SOUTHAMPTON,190,0,190,0,0,0,
17/03/2016 11:45,2015,2014,B,Other Reporting Airports,BELFAST INTERNATIONAL,SOUTHEND,94,0,94,1002,1002,0,-90.61875916
17/03/2016 11:45,2015,2014,B,Other Reporting Airports,BELFAST INTERNATIONAL,STANSTED,323641,323535,106,306815,306815,0,5.484086514
17/03/2016 11:45,2015,2014,B,Other Reporting Airports,BENBECULA,GLASGOW,23548,23548,0,23049,23049,0,2.164952993
17/03/2016 11:45,2015,2014,B,Other Reporting Airports,BENBECULA,INVERNESS,2051,2051,0,1432,1432,0,43.22625732
17/03/2016 11:45,2015,2014,B,Other Reporting Airports,BENBECULA,STORNOWAY,6488,6488,0,6709,6709,0,-3.294082642
17/03/2016 11:45,2015,2014,B,Other Reporting Airports,BIGGIN HILL,BIRMINGHAM,73,0,73,0,0,0,
17/03/2016 11:45,2015,2014,B,Other Reporting Airports,BIGGIN HILL,CITY OF DERRY (EGLINTON),35,0,35,0,0,0,
17/03/2016 11:45,2015,2014,B,Other Reporting Airports,BIGGIN HILL,EDINBURGH,31,0,31,0,0,0,
17/03/2016 11:45,2015,2014,B,Other Reporting Airports,BIGGIN HILL,EXETER,116,0,116,0,0,0,
17/03/2016 11:45,2015,2014,B,Other Reporting Airports,BIGGIN HILL,INVERNESS,27,0,27,0,0,0,
17/03/2016 11:45,2015,2014,B,Other Reporting Airports,BIGGIN HILL,LIVERPOOL (JOHN LENNON),80,0,80,0,0,0,
17/03/2016 11:45,2015,2014,B,Other Reporting Airports,BIGGIN HILL,NEWCASTLE,0,0,0,122,0,122,
17/03/2016 11:45,2015,2014,B,Other Reporting Airports,BIRMINGHAM,ABERDEEN,115326,115326,0,123737,123445,292,-6.797481537
17/03/2016 11:45,2015,2014,B,Other Reporting Airports,BIRMINGHAM,BELFAST CITY (GEORGE BEST),255798,255526,272,260103,260103,0,-1.655113578
17/03/2016 11:45,2015,2014,B,Other Reporting Airports,BIRMINGHAM,BELFAST INTERNATIONAL,194633,194517,116,177690,177516,174,9.53514576
17/03/2016 11:45,2015,2014,B,Other Reporting Airports,BIRMINGHAM,BOURNEMOUTH,0,0,0,62,0,62,
17/03/2016 11:45,2015,2014,B,Other Reporting Airports,BIRMINGHAM,CITY OF DERRY (EGLINTON),0,0,0,42230,42230,0,
17/03/2016 11:45,2015,2014,B,Other Reporting Airports,BIRMINGHAM,DEENETHORPE,0,0,0,1542,0,1542,
17/03/2016 11:45,2015,2014,B,Other Reporting Airports,BIRMINGHAM,EDINBURGH,277911,277644,267,284021,284021,0,-2.151249409
17/03/2016 11:45,2015,2014,B,Other Reporting Airports,BIRMINGHAM,EXETER,14,0,14,0,0,0,
17/03/2016 11:45,2015,2014,B,Other Reporting Airports,BIRMINGHAM,GATWICK,147,0,147,0,0,0,
17/03/2016 11:45,2015,2014,B,Other Reporting Airports,BIRMINGHAM,GLASGOW,226704,226119,585,229415,229345,70,-1.181701303
17/03/2016 11:45,2015,2014,B,Other Reporting Airports,BIRMINGHAM,GUERNSEY,33746,33592,154,25089,25045,44,34.50516129
17/03/2016 11:45,2015,2014,B,Other Reporting Airports,BIRMINGHAM,INVERNESS,41359,41359,0,41224,41224,0,0.327479124
17/03/2016 11:45,2015,2014,B,Other Reporting Airports,BIRMINGHAM,ISLE OF MAN,42606,42521,85,44341,44341,0,-3.912857294
17/03/2016 11:45,2015,2014,B,Other Reporting Airports,BIRMINGHAM,JERSEY,58735,58735,0,56206,56206,0,4.499519825
17/03/2016 11:45,2015,2014,B,Other Reporting Airports,BIRMINGHAM,LEEDS BRADFORD,27,0,27,0,0,0,
17/03/2016 11:45,2015,2014,B,Other Reporting Airports,BIRMINGHAM,LONDON CITY,59,59,0,0,0,0,
17/03/2016 11:45,2015,2014,B,Other Reporting Airports,BIRMINGHAM,LUTON,104,0,104,214,214,0,-51.40187073
17/03/2016 11:45,2015,2014,B,Other Reporting Airports,BIRMINGHAM,MANCHESTER,0,0,0,34,0,34,
17/03/2016 11:45,2015,2014,B,Other Reporting Airports,BIRMINGHAM,NEWCASTLE,8490,8356,134,8305,7939,366,2.227573633
17/03/2016 11:45,2015,2014,B,Other Reporting Airports,BIRMINGHAM,NEWQUAY,23659,23659,0,18012,18012,0,31.35132217
17/03/2016 11:45,2015,2014,B,Other Reporting Airports,BIRMINGHAM,NORWICH,0,0,0,103,0,103,
17/03/2016 11:45,2015,2014,B,Other Reporting Airports,BIRMINGHAM,STANSTED,490,0,490,177,177,0,176.8361511
17/03/2016 11:45,2015,2014,B,Other Reporting Airports,BLACKPOOL,BELFAST INTERNATIONAL,0,0,0,148,148,0,
17/03/2016 11:45,2015,2014,B,Other Reporting Airports,BLACKPOOL,BOURNEMOUTH,0,0,0,58,0,58,
17/03/2016 11:45,2015,2014,B,Other Reporting Airports,BLACKPOOL,CARDIFF WALES,0,0,0,4,0,4,
17/03/2016 11:45,2015,2014,B,Other Reporting Airports,BLACKPOOL,GATWICK,0,0,0,70,0,70,
17/03/2016 11:45,2015,2014,B,Other Reporting Airports,BLACKPOOL,ISLE OF MAN,10339,10339,0,14890,14890,0,-30.56413651
17/03/2016 11:45,2015,2014,B,Other Reporting Airports,BLACKPOOL,LUTON,0,0,0,70,0,70,
17/03/2016 11:45,2015,2014,B,Other Reporting Airports,BLACKPOOL,NORWICH,0,0,0,72,0,72,
17/03/2016 11:45,2015,2014,B,Other Reporting Airports,BLACKPOOL,SOUTHEND,0,0,0,60,0,60,
17/03/2016 11:45,2015,2014,B,Other Reporting Airports,BOURNEMOUTH,BELFAST INTERNATIONAL,314,0,314,0,0,0,
17/03/2016 11:45,2015,2014,B,Other Reporting Airports,BOURNEMOUTH,BIRMINGHAM,67,0,67,62,0,62,8.064516068
17/03/2016 11:45,2015,2014,B,Other Reporting Airports,BOURNEMOUTH,BLACKPOOL,0,0,0,56,0,56,
17/03/2016 11:45,2015,2014,B,Other Reporting Airports,BOURNEMOUTH,CARDIFF WALES,60,0,60,0,0,0,
17/03/2016 11:45,2015,2014,B,Other Reporting Airports,BOURNEMOUTH,DONCASTER SHEFFIELD,0,0,0,41,0,41,
17/03/2016 11:45,2015,2014,B,Other Reporting Airports,BOURNEMOUTH,DURHAM TEES VALLEY,76,0,76,0,0,0,
17/03/2016 11:45,2015,2014,B,Other Reporting Airports,BOURNEMOUTH,EAST MIDLANDS INTERNATIONAL,34,0,34,0,0,0,
17/03/2016 11:45,2015,2014,B,Other Reporting Airports,BOURNEMOUTH,EDINBURGH,340,0,340,0,0,0,
17/03/2016 11:45,2015,2014,B,Other Reporting Airports,BOURNEMOUTH,GLASGOW,33399,33399,0,102,0,102,32644.11719
17/03/2016 11:45,2015,2014,B,Other Reporting Airports,BOURNEMOUTH,GUERNSEY,137,52,85,112,0,112,22.3214283
17/03/2016 11:45,2015,2014,B,Other Reporting Airports,BOURNEMOUTH,HUMBERSIDE,0,0,0,38,0,38,
17/03/2016 11:45,2015,2014,B,Other Reporting Airports,BOURNEMOUTH,JERSEY,18012,18012,0,0,0,0,
17/03/2016 11:45,2015,2014,B,Other Reporting Airports,BOURNEMOUTH,LEEDS BRADFORD,0,0,0,33,0,33,
17/03/2016 11:45,2015,2014,B,Other Reporting Airports,BOURNEMOUTH,LIVERPOOL (JOHN LENNON),272,0,272,119,0,119,128.5714264
17/03/2016 11:45,2015,2014,B,Other Reporting Airports,BOURNEMOUTH,MANCHESTER,30644,30238,406,206,0,206,14775.72852
17/03/2016 11:45,2015,2014,B,Other Reporting Airports,BOURNEMOUTH,NEWCASTLE,168,0,168,0,0,0,
17/03/2016 11:45,2015,2014,B,Other Reporting Airports,BOURNEMOUTH,NORWICH,128,0,128,0,0,0,
17/03/2016 11:45,2015,2014,B,Other Reporting Airports,BOURNEMOUTH,STANSTED,242,0,242,0,0,0,
17/03/2016 11:45,2015,2014,B,Other Reporting Airports,BRISTOL,ABERDEEN,26394,26394,0,31671,31636,35,-16.66193008
17/03/2016 11:45,2015,2014,B,Other Reporting Airports,BRISTOL,BELFAST INTERNATIONAL,246357,246259,98,230952,230699,253,6.670217037
17/03/2016 11:45,2015,2014,B,Other Reporting Airports,BRISTOL,EDINBURGH,351954,351747,207,322760,322760,0,9.045110703
17/03/2016 11:45,2015,2014,B,Other Reporting Airports,BRISTOL,EXETER,0,0,0,17,0,17,
17/03/2016 11:45,2015,2014,B,Other Reporting Airports,BRISTOL,GLASGOW,267162,267162,0,245288,245288,0,8.91768074
17/03/2016 11:45,2015,2014,B,Other Reporting Airports,BRISTOL,GUERNSEY,24248,24248,0,23422,23422,0,3.52659893
17/03/2016 11:45,2015,2014,B,Other Reporting Airports,BRISTOL,HAWARDEN,4735,0,4735,5482,40,5442,-13.62641335
17/03/2016 11:45,2015,2014,B,Other Reporting Airports,BRISTOL,HUMBERSIDE,62,0,62,0,0,0,
17/03/2016 11:45,2015,2014,B,Other Reporting Airports,BRISTOL,INVERNESS,82446,82446,0,77594,77594,0,6.253060818
17/03/2016 11:45,2015,2014,B,Other Reporting Airports,BRISTOL,ISLE OF MAN,23512,23512,0,0,0,0,
17/03/2016 11:45,2015,2014,B,Other Reporting Airports,BRISTOL,JERSEY,33369,33369,0,35946,35946,0,-7.169086933
17/03/2016 11:45,2015,2014,B,Other Reporting Airports,BRISTOL,LEEDS BRADFORD,0,0,0,39,0,39,
17/03/2016 11:45,2015,2014,B,Other Reporting Airports,BRISTOL,LIVERPOOL (JOHN LENNON),6,0,6,141,0,141,-95.74468231
17/03/2016 11:45,2015,2014,B,Other Reporting Airports,BRISTOL,LUTON,0,0,0,7,0,7,
17/03/2016 11:45,2015,2014,B,Other Reporting Airports,BRISTOL,NEWCASTLE,169231,169145,86,174461,174461,0,-2.997804642
17/03/2016 11:45,2015,2014,B,Other Reporting Airports,BRISTOL,STANSTED,29,0,29,0,0,0,
17/03/2016 11:45,2015,2014,B,Other Reporting Airports,CAMBRIDGE,JERSEY,1741,0,1741,1531,0,1531,13.71652508
17/03/2016 11:45,2015,2014,B,Other Reporting Airports,CAMBRIDGE,MANCHESTER,0,0,0,67,0,67,
17/03/2016 11:45,2015,2014,B,Other Reporting Airports,CAMPBELTOWN,GLASGOW,8234,8234,0,9331,9331,0,-11.75651073
17/03/2016 11:45,2015,2014,B,Other Reporting Airports,CAMPBELTOWN,ISLAY,18,18,0,0,0,0,
17/03/2016 11:45,2015,2014,B,Other Reporting Airports,CARDIFF WALES,ABERDEEN,2514,2514,0,1949,1949,0,28.98922539
17/03/2016 11:45,2015,2014,B,Other Reporting Airports,CARDIFF WALES,ANGLESEY (VALLEY),10860,10860,0,8786,8786,0,23.60573578
17/03/2016 11:45,2015,2014,B,Other Reporting Airports,CARDIFF WALES,BELFAST CITY (GEORGE BEST),41992,41992,0,41348,41348,0,1.557511806
17/03/2016 11:45,2015,2014,B,Other Reporting Airports,CARDIFF WALES,BELFAST INTERNATIONAL,224,0,224,342,0,342,-34.50292587
17/03/2016 11:45,2015,2014,B,Other Reporting Airports,CARDIFF WALES,BIRMINGHAM,0,0,0,7,7,0,
17/03/2016 11:45,2015,2014,B,Other Reporting Airports,CARDIFF WALES,BLACKPOOL,0,0,0,34,0,34,
17/03/2016 11:45,2015,2014,B,Other Reporting Airports,CARDIFF WALES,BOURNEMOUTH,64,0,64,0,0,0,
17/03/2016 11:45,2015,2014,B,Other Reporting Airports,CARDIFF WALES,DURHAM TEES VALLEY,122,0,122,0,0,0,
17/03/2016 11:45,2015,2014,B,Other Reporting Airports,CARDIFF WALES,EAST MIDLANDS INTERNATIONAL,95,0,95,0,0,0,
17/03/2016 11:45,2015,2014,B,Other Reporting Airports,CARDIFF WALES,EDINBURGH,69229,68528,701,57581,57361,220,20.22889519
17/03/2016 11:45,2015,2014,B,Other Reporting Airports,CARDIFF WALES,EXETER,0,0,0,34,0,34,
17/03/2016 11:45,2015,2014,B,Other Reporting Airports,CARDIFF WALES,FARNBOROUGH,3,0,3,131,0,131,-97.70992279
17/03/2016 11:45,2015,2014,B,Other Reporting Airports,CARDIFF WALES,GATWICK,37,0,37,72,0,72,-48.61111069
17/03/2016 11:45,2015,2014,B,Other Reporting Airports,CARDIFF WALES,GLASGOW,18136,18011,125,27866,27866,0,-34.91710281
17/03/2016 11:45,2015,2014,B,Other Reporting Airports,CARDIFF WALES,HUMBERSIDE,231,0,231,260,0,260,-11.15384579
17/03/2016 11:45,2015,2014,B,Other Reporting Airports,CARDIFF WALES,JERSEY,9434,9434,0,7926,7926,0,19.02598953
17/03/2016 11:45,2015,2014,B,Other Reporting Airports,CARDIFF WALES,LEEDS BRADFORD,77,0,77,138,0,138,-44.20289993
17/03/2016 11:45,2015,2014,B,Other Reporting Airports,CARDIFF WALES,LIVERPOOL (JOHN LENNON),340,0,340,725,0,725,-53.10344696
17/03/2016 11:45,2015,2014,B,Other Reporting Airports,CARDIFF WALES,LUTON,78,0,78,124,0,124,-37.09677505
17/03/2016 11:45,2015,2014,B,Other Reporting Airports,CARDIFF WALES,MANCHESTER,622,0,622,624,0,624,-0.320512831
17/03/2016 11:45,2015,2014,B,Other Reporting Airports,CARDIFF WALES,NEWCASTLE,12412,12044,368,11778,11186,592,5.382917404
17/03/2016 11:45,2015,2014,B,Other Reporting Airports,CARDIFF WALES,NORWICH,581,417,164,206,0,206,182.0388336
17/03/2016 11:45,2015,2014,B,Other Reporting Airports,CARDIFF WALES,SOUTHAMPTON,59,0,59,0,0,0,
17/03/2016 11:45,2015,2014,B,Other Reporting Airports,CARDIFF WALES,STANSTED,317,0,317,194,0,194,63.40206146
17/03/2016 11:45,2015,2014,B,Other Reporting Airports,CITY OF DERRY (EGLINTON),BIRMINGHAM,0,0,0,42608,42608,0,
17/03/2016 11:45,2015,2014,B,Other Reporting Airports,CITY OF DERRY (EGLINTON),GLASGOW,75986,75986,0,13314,13314,0,470.7225342
17/03/2016 11:45,2015,2014,B,Other Reporting Airports,CITY OF DERRY (EGLINTON),LIVERPOOL (JOHN LENNON),77099,77099,0,81497,81497,0,-5.396517754
17/03/2016 11:45,2015,2014,B,Other Reporting Airports,CITY OF DERRY (EGLINTON),LUTON,37,0,37,0,0,0,
17/03/2016 11:45,2015,2014,B,Other Reporting Airports,CITY OF DERRY (EGLINTON),PRESTWICK,0,0,0,52109,52109,0,
17/03/2016 11:45,2015,2014,B,Other Reporting Airports,CITY OF DERRY (EGLINTON),SOUTHAMPTON,170,0,170,0,0,0,
17/03/2016 11:45,2015,2014,B,Other Reporting Airports,CITY OF DERRY (EGLINTON),STANSTED,125875,125875,0,126414,126414,0,-0.42637682
17/03/2016 11:45,2015,2014,B,Other Reporting Airports,DONCASTER SHEFFIELD,BELFAST CITY (GEORGE BEST),79,79,0,5746,5746,0,-98.6251297
17/03/2016 11:45,2015,2014,B,Other Reporting Airports,DONCASTER SHEFFIELD,BOURNEMOUTH,0,0,0,41,0,41,
17/03/2016 11:45,2015,2014,B,Other Reporting Airports,DONCASTER SHEFFIELD,GATWICK,37,0,37,66,0,66,-43.93939209
17/03/2016 11:45,2015,2014,B,Other Reporting Airports,DONCASTER SHEFFIELD,ISLE OF MAN,231,231,0,1067,1067,0,-78.35051727
17/03/2016 11:45,2015,2014,B,Other Reporting Airports,DONCASTER SHEFFIELD,JERSEY,2807,2807,0,3167,3167,0,-11.36722469
17/03/2016 11:45,2015,2014,B,Other Reporting Airports,DONCASTER SHEFFIELD,LUTON,58,0,58,128,0,128,-54.6875
17/03/2016 11:45,2015,2014,B,Other Reporting Airports,DONCASTER SHEFFIELD,SOUTHAMPTON,0,0,0,11,11,0,
17/03/2016 11:45,2015,2014,B,Other Reporting Airports,DONCASTER SHEFFIELD,STANSTED,80,0,80,0,0,0,
17/03/2016 11:45,2015,2014,B,Other Reporting Airports,DUNDEE,FARNBOROUGH,9,0,9,0,0,0,
17/03/2016 11:45,2015,2014,B,Other Reporting Airports,DUNDEE,JERSEY,1291,0,1291,1553,0,1553,-16.87057304
17/03/2016 11:45,2015,2014,B,Other Reporting Airports,DUNDEE,LIVERPOOL (JOHN LENNON),80,0,80,0,0,0,
17/03/2016 11:45,2015,2014,B,Other Reporting Airports,DUNDEE,LONDON CITY,0,0,0,4594,4594,0,
17/03/2016 11:45,2015,2014,B,Other Reporting Airports,DUNDEE,LUTON,78,0,78,0,0,0,
17/03/2016 11:45,2015,2014,B,Other Reporting Airports,DUNDEE,MANCHESTER,0,0,0,48,0,48,
17/03/2016 11:45,2015,2014,B,Other Reporting Airports,DUNDEE,STANSTED,20187,20187,0,15665,15665,0,28.8669014
17/03/2016 11:45,2015,2014,B,Other Reporting Airports,DUNDEE,SUMBURGH,0,0,0,48,0,48,
17/03/2016 11:45,2015,2014,B,Other Reporting Airports,DURHAM TEES VALLEY,ABERDEEN,28086,28086,0,35303,35303,0,-20.44302177
17/03/2016 11:45,2015,2014,B,Other Reporting Airports,DURHAM TEES VALLEY,BOURNEMOUTH,75,0,75,0,0,0,
17/03/2016 11:45,2015,2014,B,Other Reporting Airports,DURHAM TEES VALLEY,CARDIFF WALES,114,0,114,0,0,0,
17/03/2016 11:45,2015,2014,B,Other Reporting Airports,DURHAM TEES VALLEY,FARNBOROUGH,73,0,73,62,0,62,17.74193573
17/03/2016 11:45,2015,2014,B,Other Reporting Airports,DURHAM TEES VALLEY,GATWICK,63,0,63,35,0,35,80
17/03/2016 11:45,2015,2014,B,Other Reporting Airports,DURHAM TEES VALLEY,GLASGOW,12,0,12,0,0,0,
17/03/2016 11:45,2015,2014,B,Other Reporting Airports,DURHAM TEES VALLEY,HEATHROW,47,0,47,0,0,0,
17/03/2016 11:45,2015,2014,B,Other Reporting Airports,DURHAM TEES VALLEY,JERSEY,2408,2408,0,2113,2113,0,13.96119308
17/03/2016 11:45,2015,2014,B,Other Reporting Airports,DURHAM TEES VALLEY,LUTON,374,0,374,32,0,32,1068.75
17/03/2016 11:45,2015,2014,B,Other Reporting Airports,DURHAM TEES VALLEY,NEWCASTLE,5,5,0,0,0,0,
17/03/2016 11:45,2015,2014,B,Other Reporting Airports,DURHAM TEES VALLEY,NORWICH,15,15,0,72,0,72,-79.16666412
17/03/2016 11:45,2015,2014,B,Other Reporting Airports,DURHAM TEES VALLEY,SOUTHAMPTON,0,0,0,2,2,0,
17/03/2016 11:45,2015,2014,B,Other Reporting Airports,DURHAM TEES VALLEY,STANSTED,0,0,0,40,0,40,
17/03/2016 11:45,2015,2014,B,Other Reporting Airports,EAST MIDLANDS INTERNATIONAL,ABERDEEN,14647,14647,0,16683,16683,0,-12.20403957
17/03/2016 11:45,2015,2014,B,Other Reporting Airports,EAST MIDLANDS INTERNATIONAL,BELFAST CITY (GEORGE BEST),147991,147991,0,142361,142361,0,3.954734802
17/03/2016 11:45,2015,2014,B,Other Reporting Airports,EAST MIDLANDS INTERNATIONAL,BELFAST INTERNATIONAL,50,0,50,0,0,0,
17/03/2016 11:45,2015,2014,B,Other Reporting Airports,EAST MIDLANDS INTERNATIONAL,BOURNEMOUTH,50,0,50,0,0,0,
17/03/2016 11:45,2015,2014,B,Other Reporting Airports,EAST MIDLANDS INTERNATIONAL,CARDIFF WALES,95,0,95,0,0,0,
17/03/2016 11:45,2015,2014,B,Other Reporting Airports,EAST MIDLANDS INTERNATIONAL,EDINBURGH,95307,95307,0,92683,92683,0,2.831155777
17/03/2016 11:45,2015,2014,B,Other Reporting Airports,EAST MIDLANDS INTERNATIONAL,FARNBOROUGH,76,0,76,0,0,0,
17/03/2016 11:45,2015,2014,B,Other Reporting Airports,EAST MIDLANDS INTERNATIONAL,GATWICK,182,0,182,42,0,42,333.3333435
17/03/2016 11:45,2015,2014,B,Other Reporting Airports,EAST MIDLANDS INTERNATIONAL,GLASGOW,94954,94954,0,91901,91901,0,3.322053194
17/03/2016 11:45,2015,2014,B,Other Reporting Airports,EAST MIDLANDS INTERNATIONAL,GUERNSEY,30893,30893,0,26932,26932,0,14.70741081
17/03/2016 11:45,2015,2014,B,Other Reporting Airports,EAST MIDLANDS INTERNATIONAL,HUMBERSIDE,50,50,0,0,0,0,
17/03/2016 11:45,2015,2014,B,Other Reporting Airports,EAST MIDLANDS INTERNATIONAL,JERSEY,30538,30538,0,35518,35518,0,-14.02105999
17/03/2016 11:45,2015,2014,B,Other Reporting Airports,EAST MIDLANDS INTERNATIONAL,MANCHESTER,0,0,0,222,0,222,
17/03/2016 11:45,2015,2014,B,Other Reporting Airports,EAST MIDLANDS INTERNATIONAL,NEWCASTLE,288,0,288,751,0,751,-61.65113068
17/03/2016 11:45,2015,2014,B,Other Reporting Airports,EAST MIDLANDS INTERNATIONAL,NORWICH,39,39,0,0,0,0,
17/03/2016 11:45,2015,2014,B,Other Reporting Airports,EAST MIDLANDS INTERNATIONAL,SOUTHAMPTON,68,0,68,0,0,0,
17/03/2016 11:45,2015,2014,B,Other Reporting Airports,EAST MIDLANDS INTERNATIONAL,STANSTED,0,0,0,170,170,0,
17/03/2016 11:45,2015,2014,B,Other Reporting Airports,EAST MIDLANDS INTERNATIONAL,STORNOWAY,248,0,248,92,0,92,169.5652161
17/03/2016 11:45,2015,2014,B,Other Reporting Airports,EDINBURGH,ABERDEEN,147,0,147,0,0,0,
17/03/2016 11:45,2015,2014,B,Other Reporting Airports,EDINBURGH,BELFAST CITY (GEORGE BEST),138444,138444,0,143466,143466,0,-3.50048089
17/03/2016 11:45,2015,2014,B,Other Reporting Airports,EDINBURGH,BELFAST INTERNATIONAL,262973,262878,95,235727,235727,0,11.55828571
17/03/2016 11:45,2015,2014,B,Other Reporting Airports,EDINBURGH,BIGGIN HILL,31,0,31,0,0,0,
17/03/2016 11:45,2015,2014,B,Other Reporting Airports,EDINBURGH,BIRMINGHAM,278236,278106,130,285668,285618,50,-2.601621389
17/03/2016 11:45,2015,2014,B,Other Reporting Airports,EDINBURGH,BOURNEMOUTH,348,0,348,0,0,0,
17/03/2016 11:45,2015,2014,B,Other Reporting Airports,EDINBURGH,BRISTOL,352658,352477,181,322709,322709,0,9.280497551
17/03/2016 11:45,2015,2014,B,Other Reporting Airports,EDINBURGH,CARDIFF WALES,69672,68971,701,57817,57582,235,20.50435066
17/03/2016 11:45,2015,2014,B,Other Reporting Airports,EDINBURGH,EAST MIDLANDS INTERNATIONAL,95304,95304,0,93277,93212,65,2.173097372
17/03/2016 11:45,2015,2014,B,Other Reporting Airports,EDINBURGH,EXETER,45115,45115,0,38265,38265,0,17.90147591
17/03/2016 11:45,2015,2014,B,Other Reporting Airports,EDINBURGH,FARNBOROUGH,37,0,37,114,0,114,-67.54386139
17/03/2016 11:45,2015,2014,B,Other Reporting Airports,EDINBURGH,GATWICK,675632,675632,0,692873,692826,47,-2.488334894
17/03/2016 11:45,2015,2014,B,Other Reporting Airports,EDINBURGH,HEATHROW,1384244,1384244,0,1473432,1473431,1,-6.053078651
17/03/2016 11:45,2015,2014,B,Other Reporting Airports,EDINBURGH,INVERNESS,0,0,0,39,24,15,
17/03/2016 11:45,2015,2014,B,Other Reporting Airports,EDINBURGH,JERSEY,6412,6412,0,3164,3164,0,102.6548691
17/03/2016 11:45,2015,2014,B,Other Reporting Airports,EDINBURGH,KIRKWALL,44530,44530,0,45444,45444,0,-2.011266708
17/03/2016 11:45,2015,2014,B,Other Reporting Airports,EDINBURGH,LIVERPOOL (JOHN LENNON),2776,2776,0,0,0,0,
17/03/2016 11:45,2015,2014,B,Other Reporting Airports,EDINBURGH,LONDON CITY,534049,534049,0,353652,353652,0,51.00975037
17/03/2016 11:45,2015,2014,B,Other Reporting Airports,EDINBURGH,LUTON,268314,268234,80,260866,260866,0,2.855105639
17/03/2016 11:45,2015,2014,B,Other Reporting Airports,EDINBURGH,MANCHESTER,114095,114095,0,109279,109224,55,4.407068253
17/03/2016 11:45,2015,2014,B,Other Reporting Airports,EDINBURGH,NEWQUAY,2358,2358,0,2332,2332,0,1.114922762
17/03/2016 11:45,2015,2014,B,Other Reporting Airports,EDINBURGH,NORWICH,29260,29260,0,28460,28460,0,2.810962677
17/03/2016 11:45,2015,2014,B,Other Reporting Airports,EDINBURGH,SOUTHAMPTON,194058,194058,0,203151,203151,0,-4.475980759
17/03/2016 11:45,2015,2014,B,Other Reporting Airports,EDINBURGH,SOUTHEND,0,0,0,24106,24106,0,
17/03/2016 11:45,2015,2014,B,Other Reporting Airports,EDINBURGH,STANSTED,622214,621731,483,359830,359830,0,72.91887665
17/03/2016 11:45,2015,2014,B,Other Reporting Airports,EDINBURGH,STORNOWAY,20607,20607,0,20497,20497,0,0.53666389
17/03/2016 11:45,2015,2014,B,Other Reporting Airports,EDINBURGH,SUMBURGH,44786,44786,0,45011,45011,0,-0.49987781
17/03/2016 11:45,2015,2014,B,Other Reporting Airports,EDINBURGH,WICK JOHN O GROATS,11067,11067,0,11718,11718,0,-5.555555344
17/03/2016 11:45,2015,2014,B,Other Reporting Airports,EXETER,BELFAST CITY (GEORGE BEST),35276,35276,0,38321,38321,0,-7.946034908
17/03/2016 11:45,2015,2014,B,Other Reporting Airports,EXETER,BELFAST INTERNATIONAL,190,0,190,0,0,0,
17/03/2016 11:45,2015,2014,B,Other Reporting Airports,EXETER,BIGGIN HILL,112,0,112,0,0,0,
17/03/2016 11:45,2015,2014,B,Other Reporting Airports,EXETER,BIRMINGHAM,26,0,26,0,0,0,
17/03/2016 11:45,2015,2014,B,Other Reporting Airports,EXETER,CARDIFF WALES,4,0,4,96,0,96,-95.83333588
17/03/2016 11:45,2015,2014,B,Other Reporting Airports,EXETER,EDINBURGH,45397,45397,0,38234,38234,0,18.7346344
17/03/2016 11:45,2015,2014,B,Other Reporting Airports,EXETER,GATWICK,111,0,111,0,0,0,
17/03/2016 11:45,2015,2014,B,Other Reporting Airports,EXETER,GLASGOW,3059,3059,0,20725,20725,0,-85.24005127
17/03/2016 11:45,2015,2014,B,Other Reporting Airports,EXETER,GUERNSEY,25076,25076,0,22650,22650,0,10.71081638
17/03/2016 11:45,2015,2014,B,Other Reporting Airports,EXETER,ISLES OF SCILLY (ST.MARYS),14002,14002,0,15399,15399,0,-9.07201767
17/03/2016 11:45,2015,2014,B,Other Reporting Airports,EXETER,JERSEY,37590,37590,0,34950,34950,0,7.553647995
17/03/2016 11:45,2015,2014,B,Other Reporting Airports,EXETER,LEEDS BRADFORD,25,0,25,0,0,0,
17/03/2016 11:45,2015,2014,B,Other Reporting Airports,EXETER,LONDON CITY,50161,50161,0,10124,10124,0,395.466217
17/03/2016 11:45,2015,2014,B,Other Reporting Airports,EXETER,LUTON,0,0,0,89,0,89,
17/03/2016 11:45,2015,2014,B,Other Reporting Airports,EXETER,MANCHESTER,127644,127566,78,109038,108771,267,17.06377602
17/03/2016 11:45,2015,2014,B,Other Reporting Airports,EXETER,NEWCASTLE,35883,35795,88,12844,12844,0,179.3755798
17/03/2016 11:45,2015,2014,B,Other Reporting Airports,EXETER,NEWQUAY,47,45,2,13,13,0,261.5384521
17/03/2016 11:45,2015,2014,B,Other Reporting Airports,EXETER,NORWICH,55,0,55,0,0,0,
17/03/2016 11:45,2015,2014,B,Other Reporting Airports,GLASGOW,ABERDEEN,21,21,0,98,0,98,-78.57142639
17/03/2016 11:45,2015,2014,B,Other Reporting Airports,GLASGOW,BARRA,10891,10891,0,10653,10653,0,2.234112501
17/03/2016 11:45,2015,2014,B,Other Reporting Airports,GLASGOW,BELFAST CITY (GEORGE BEST),155903,155903,0,143521,143521,0,8.627308846
17/03/2016 11:45,2015,2014,B,Other Reporting Airports,GLASGOW,BELFAST INTERNATIONAL,266410,265568,842,241671,241671,0,10.23664379
17/03/2016 11:45,2015,2014,B,Other Reporting Airports,GLASGOW,BENBECULA,23861,23861,0,23342,23342,0,2.223459959
17/03/2016 11:45,2015,2014,B,Other Reporting Airports,GLASGOW,BIRMINGHAM,226816,226200,616,230580,230510,70,-1.632405281
17/03/2016 11:45,2015,2014,B,Other Reporting Airports,GLASGOW,BOURNEMOUTH,33651,33651,0,102,0,102,32891.17578
17/03/2016 11:45,2015,2014,B,Other Reporting Airports,GLASGOW,BRISTOL,267679,267657,22,245311,245134,177,9.118221283
17/03/2016 11:45,2015,2014,B,Other Reporting Airports,GLASGOW,CAMPBELTOWN,8347,8347,0,9318,9318,0,-10.42069149
17/03/2016 11:45,2015,2014,B,Other Reporting Airports,GLASGOW,CARDIFF WALES,18288,18122,166,26541,26514,27,-31.09528732
17/03/2016 11:45,2015,2014,B,Other Reporting Airports,GLASGOW,CITY OF DERRY (EGLINTON),75907,75907,0,13296,13296,0,470.9010315
17/03/2016 11:45,2015,2014,B,Other Reporting Airports,GLASGOW,DURHAM TEES VALLEY,12,0,12,0,0,0,
17/03/2016 11:45,2015,2014,B,Other Reporting Airports,GLASGOW,EAST MIDLANDS INTERNATIONAL,95055,95055,0,92299,92299,0,2.985947847
17/03/2016 11:45,2015,2014,B,Other Reporting Airports,GLASGOW,EXETER,3036,3036,0,20796,20796,0,-85.40103912
17/03/2016 11:45,2015,2014,B,Other Reporting Airports,GLASGOW,FARNBOROUGH,6,0,6,0,0,0,
17/03/2016 11:45,2015,2014,B,Other Reporting Airports,GLASGOW,GATWICK,614293,614125,168,615043,615043,0,-0.121942692
17/03/2016 11:45,2015,2014,B,Other Reporting Airports,GLASGOW,GUERNSEY,0,0,0,97,0,97,
17/03/2016 11:45,2015,2014,B,Other Reporting Airports,GLASGOW,HEATHROW,908016,908016,0,871127,871127,0,4.234629631
17/03/2016 11:45,2015,2014,B,Other Reporting Airports,GLASGOW,HUMBERSIDE,0,0,0,10,0,10,
17/03/2016 11:45,2015,2014,B,Other Reporting Airports,GLASGOW,INVERNESS,0,0,0,67,0,67,
17/03/2016 11:45,2015,2014,B,Other Reporting Airports,GLASGOW,ISLAY,28698,28698,0,27196,27196,0,5.522871017
17/03/2016 11:45,2015,2014,B,Other Reporting Airports,GLASGOW,ISLE OF MAN,9901,9901,0,7549,7549,0,31.15644455
17/03/2016 11:45,2015,2014,B,Other Reporting Airports,GLASGOW,JERSEY,34665,34665,0,33984,33984,0,2.003884077
17/03/2016 11:45,2015,2014,B,Other Reporting Airports,GLASGOW,KIRKWALL,17372,17372,0,17345,17345,0,0.155664459
17/03/2016 11:45,2015,2014,B,Other Reporting Airports,GLASGOW,LEEDS BRADFORD,8332,8332,0,9779,9779,0,-14.79701424
17/03/2016 11:45,2015,2014,B,Other Reporting Airports,GLASGOW,LIVERPOOL (JOHN LENNON),16,0,16,146,0,146,-89.04109955
17/03/2016 11:45,2015,2014,B,Other Reporting Airports,GLASGOW,LONDON CITY,238642,238642,0,208246,208246,0,14.59619904
17/03/2016 11:45,2015,2014,B,Other Reporting Airports,GLASGOW,LUTON,216260,216196,64,271909,271801,108,-20.46603775
17/03/2016 11:45,2015,2014,B,Other Reporting Airports,GLASGOW,MANCHESTER,45389,45248,141,68311,68152,159,-33.55535889
17/03/2016 11:45,2015,2014,B,Other Reporting Airports,GLASGOW,NEWCASTLE,12,0,12,0,0,0,
17/03/2016 11:45,2015,2014,B,Other Reporting Airports,GLASGOW,PRESTWICK,304,304,0,0,0,0,
17/03/2016 11:45,2015,2014,B,Other Reporting Airports,GLASGOW,SOUTHAMPTON,158310,158310,0,173007,173007,0,-8.49503231
17/03/2016 11:45,2015,2014,B,Other Reporting Airports,GLASGOW,SOUTHEND,0,0,0,27,0,27,
17/03/2016 11:45,2015,2014,B,Other Reporting Airports,GLASGOW,STANSTED,533535,533535,0,304106,304099,7,75.4437561
17/03/2016 11:45,2015,2014,B,Other Reporting Airports,GLASGOW,STORNOWAY,62413,62413,0,61921,61921,0,0.79456079
17/03/2016 11:45,2015,2014,B,Other Reporting Airports,GLASGOW,SUMBURGH,28599,28599,0,24496,24496,0,16.74967384
17/03/2016 11:45,2015,2014,B,Other Reporting Airports,GLASGOW,TIREE,8675,8675,0,7996,7996,0,8.491745949
17/03/2016 11:45,2015,2014,B,Other Reporting Airports,GLOUCESTERSHIRE,ISLE OF MAN,11718,11718,0,14581,14581,0,-19.63514137
17/03/2016 11:45,2015,2014,B,Other Reporting Airports,GLOUCESTERSHIRE,JERSEY,534,534,0,560,560,0,-4.642857075
17/03/2016 11:45,2015,2014,B,Other Reporting Airports,GUERNSEY,ALDERNEY,35827,35827,0,37046,37046,0,-3.29050374
17/03/2016 11:45,2015,2014,B,Other Reporting Airports,GUERNSEY,BIRMINGHAM,28228,28057,171,24199,24117,82,16.64944839
17/03/2016 11:45,2015,2014,B,Other Reporting Airports,GUERNSEY,BOURNEMOUTH,147,62,85,0,0,0,
17/03/2016 11:45,2015,2014,B,Other Reporting Airports,GUERNSEY,BRISTOL,24195,24195,0,23900,23900,0,1.234309673
17/03/2016 11:45,2015,2014,B,Other Reporting Airports,GUERNSEY,EAST MIDLANDS INTERNATIONAL,31311,31311,0,27118,27118,0,15.46205425
17/03/2016 11:45,2015,2014,B,Other Reporting Airports,GUERNSEY,EXETER,24734,24734,0,22293,22293,0,10.94962502
17/03/2016 11:45,2015,2014,B,Other Reporting Airports,GUERNSEY,GATWICK,319116,319116,0,316028,316028,0,0.977128625
17/03/2016 11:45,2015,2014,B,Other Reporting Airports,GUERNSEY,GLASGOW,0,0,0,91,0,91,
17/03/2016 11:45,2015,2014,B,Other Reporting Airports,GUERNSEY,HAVERFORD WEST,26,0,26,0,0,0,
17/03/2016 11:45,2015,2014,B,Other Reporting Airports,GUERNSEY,JERSEY,127014,126838,176,131677,131677,0,-3.541241169
17/03/2016 11:45,2015,2014,B,Other Reporting Airports,GUERNSEY,LIVERPOOL (JOHN LENNON),128,128,0,0,0,0,
17/03/2016 11:45,2015,2014,B,Other Reporting Airports,GUERNSEY,LONDON CITY,22317,22317,0,4702,4702,0,374.6278076
17/03/2016 11:45,2015,2014,B,Other Reporting Airports,GUERNSEY,MANCHESTER,67733,67733,0,63295,63295,0,7.011612415
17/03/2016 11:45,2015,2014,B,Other Reporting Airports,GUERNSEY,NEWQUAY,37,0,37,0,0,0,
17/03/2016 11:45,2015,2014,B,Other Reporting Airports,GUERNSEY,NORWICH,651,649,2,923,923,0,-29.46912193
17/03/2016 11:45,2015,2014,B,Other Reporting Airports,GUERNSEY,SOUTHAMPTON,140425,140425,0,178950,178950,0,-21.52836037
17/03/2016 11:45,2015,2014,B,Other Reporting Airports,GUERNSEY,STANSTED,26738,26738,0,21762,21762,0,22.86554527
17/03/2016 11:45,2015,2014,B,Other Reporting Airports,HUMBERSIDE,ABERDEEN,31099,31099,0,38419,38419,0,-19.05307198
17/03/2016 11:45,2015,2014,B,Other Reporting Airports,HUMBERSIDE,BRISTOL,62,0,62,0,0,0,
17/03/2016 11:45,2015,2014,B,Other Reporting Airports,HUMBERSIDE,CARDIFF WALES,142,0,142,211,0,211,-32.70142365
17/03/2016 11:45,2015,2014,B,Other Reporting Airports,HUMBERSIDE,EAST MIDLANDS INTERNATIONAL,181,181,0,0,0,0,
17/03/2016 11:45,2015,2014,B,Other Reporting Airports,HUMBERSIDE,EDINBURGH,33,0,33,0,0,0,
17/03/2016 11:45,2015,2014,B,Other Reporting Airports,HUMBERSIDE,GATWICK,140,0,140,36,0,36,288.8888855
17/03/2016 11:45,2015,2014,B,Other Reporting Airports,HUMBERSIDE,JERSEY,2385,2385,0,2550,2550,0,-6.470588207
17/03/2016 11:45,2015,2014,B,Other Reporting Airports,HUMBERSIDE,LEEDS BRADFORD,0,0,0,91,0,91,
17/03/2016 11:45,2015,2014,B,Other Reporting Airports,HUMBERSIDE,LIVERPOOL (JOHN LENNON),168,0,168,0,0,0,
17/03/2016 11:45,2015,2014,B,Other Reporting Airports,HUMBERSIDE,LUTON,0,0,0,80,0,80,
17/03/2016 11:45,2015,2014,B,Other Reporting Airports,HUMBERSIDE,NEWCASTLE,0,0,0,33,0,33,
17/03/2016 11:45,2015,2014,B,Other Reporting Airports,HUMBERSIDE,NORWICH,48,0,48,324,261,63,-85.18518829
17/03/2016 11:45,2015,2014,B,Other Reporting Airports,HUMBERSIDE,SOUTHAMPTON,33,0,33,37,0,37,-10.81081104
17/03/2016 11:45,2015,2014,B,Other Reporting Airports,HUMBERSIDE,STANSTED,0,0,0,142,0,142,
17/03/2016 11:45,2015,2014,B,Other Reporting Airports,INVERNESS,ABERDEEN,13,0,13,0,0,0,
17/03/2016 11:45,2015,2014,B,Other Reporting Airports,INVERNESS,BELFAST CITY (GEORGE BEST),29294,29294,0,27376,27376,0,7.006136894
17/03/2016 11:45,2015,2014,B,Other Reporting Airports,INVERNESS,BENBECULA,5794,5794,0,5985,5985,0,-3.191311598
17/03/2016 11:45,2015,2014,B,Other Reporting Airports,INVERNESS,BIGGIN HILL,24,0,24,0,0,0,
17/03/2016 11:45,2015,2014,B,Other Reporting Airports,INVERNESS,BIRMINGHAM,41539,41539,0,41234,41234,0,0.739680827
17/03/2016 11:45,2015,2014,B,Other Reporting Airports,INVERNESS,BRISTOL,82218,82218,0,77550,77550,0,6.019342422
17/03/2016 11:45,2015,2014,B,Other Reporting Airports,INVERNESS,EDINBURGH,31,31,0,154,139,15,-79.87013245
17/03/2016 11:45,2015,2014,B,Other Reporting Airports,INVERNESS,GATWICK,208749,208749,0,193713,193615,98,7.761998653
17/03/2016 11:45,2015,2014,B,Other Reporting Airports,INVERNESS,GLASGOW,0,0,0,67,0,67,
17/03/2016 11:45,2015,2014,B,Other Reporting Airports,INVERNESS,JERSEY,2080,2025,55,1790,1790,0,16.20111656
17/03/2016 11:45,2015,2014,B,Other Reporting Airports,INVERNESS,KIRKWALL,19919,19919,0,19111,19111,0,4.227931499
17/03/2016 11:45,2015,2014,B,Other Reporting Airports,INVERNESS,LEEDS BRADFORD,39,39,0,0,0,0,
17/03/2016 11:45,2015,2014,B,Other Reporting Airports,INVERNESS,LONDON CITY,4851,4851,0,7478,7478,0,-35.12971497
17/03/2016 11:45,2015,2014,B,Other Reporting Airports,INVERNESS,LUTON,94632,94539,93,90577,90561,16,4.476853848
17/03/2016 11:45,2015,2014,B,Other Reporting Airports,INVERNESS,MANCHESTER,84492,84436,56,70462,70439,23,19.9114418
17/03/2016 11:45,2015,2014,B,Other Reporting Airports,INVERNESS,NEWCASTLE,24,0,24,0,0,0,
17/03/2016 11:45,2015,2014,B,Other Reporting Airports,INVERNESS,STORNOWAY,27133,26923,210,29362,28872,490,-7.591444492
17/03/2016 11:45,2015,2014,B,Other Reporting Airports,INVERNESS,SUMBURGH,3733,3733,0,3401,3401,0,9.761835098
17/03/2016 11:45,2015,2014,B,Other Reporting Airports,INVERNESS,WICK JOHN O GROATS,0,0,0,22,22,0,
17/03/2016 11:45,2015,2014,B,Other Reporting Airports,ISLAY,CAMPBELTOWN,55,55,0,0,0,0,
17/03/2016 11:45,2015,2014,B,Other Reporting Airports,ISLAY,GLASGOW,28308,28308,0,26913,26913,0,5.183368683
17/03/2016 11:45,2015,2014,B,Other Reporting Airports,ISLE OF MAN,BELFAST CITY (GEORGE BEST),24980,24980,0,25409,25409,0,-1.688378096
17/03/2016 11:45,2015,2014,B,Other Reporting Airports,ISLE OF MAN,BIRMINGHAM,43008,42923,85,44735,44735,0,-3.860512018
17/03/2016 11:45,2015,2014,B,Other Reporting Airports,ISLE OF MAN,BLACKPOOL,9490,9490,0,14022,14022,0,-32.32064056
17/03/2016 11:45,2015,2014,B,Other Reporting Airports,ISLE OF MAN,BRISTOL,23468,23468,0,0,0,0,
17/03/2016 11:45,2015,2014,B,Other Reporting Airports,ISLE OF MAN,DONCASTER SHEFFIELD,236,236,0,1050,1050,0,-77.52381134
17/03/2016 11:45,2015,2014,B,Other Reporting Airports,ISLE OF MAN,GATWICK,145591,145591,0,151118,151118,0,-3.657406807
17/03/2016 11:45,2015,2014,B,Other Reporting Airports,ISLE OF MAN,GLASGOW,10077,10077,0,7658,7658,0,31.58788109
17/03/2016 11:45,2015,2014,B,Other Reporting Airports,ISLE OF MAN,GLOUCESTERSHIRE,11762,11762,0,14584,14584,0,-19.34997177
17/03/2016 11:45,2015,2014,B,Other Reporting Airports,ISLE OF MAN,JERSEY,384,0,384,0,0,0,
17/03/2016 11:45,2015,2014,B,Other Reporting Airports,ISLE OF MAN,LEEDS BRADFORD,146,0,146,0,0,0,
17/03/2016 11:45,2015,2014,B,Other Reporting Airports,ISLE OF MAN,LIVERPOOL (JOHN LENNON),200784,200784,0,198243,198243,0,1.281760216
17/03/2016 11:45,2015,2014,B,Other Reporting Airports,ISLE OF MAN,LONDON CITY,58668,58668,0,62742,62742,0,-6.493257999
17/03/2016 11:45,2015,2014,B,Other Reporting Airports,ISLE OF MAN,MANCHESTER,158896,158871,25,163666,163666,0,-2.914472103
17/03/2016 11:45,2015,2014,B,Other Reporting Airports,ISLE OF MAN,NEWCASTLE,4409,4409,0,4573,4573,0,-3.586267233
17/03/2016 11:45,2015,2014,B,Other Reporting Airports,ISLE OF MAN,STANSTED,45827,45827,0,0,0,0,
17/03/2016 11:45,2015,2014,B,Other Reporting Airports,JERSEY,ABERDEEN,20009,20009,0,19567,19567,0,2.258905411
17/03/2016 11:45,2015,2014,B,Other Reporting Airports,JERSEY,ALDERNEY,21,21,0,30,30,0,-30
17/03/2016 11:45,2015,2014,B,Other Reporting Airports,JERSEY,BELFAST INTERNATIONAL,10152,10152,0,6171,6171,0,64.5114212
17/03/2016 11:45,2015,2014,B,Other Reporting Airports,JERSEY,BIRMINGHAM,70112,70112,0,62119,62119,0,12.867239
17/03/2016 11:45,2015,2014,B,Other Reporting Airports,JERSEY,BOURNEMOUTH,18070,18070,0,0,0,0,
17/03/2016 11:45,2015,2014,B,Other Reporting Airports,JERSEY,BRISTOL,33597,33597,0,35136,35136,0,-4.380123138
17/03/2016 11:45,2015,2014,B,Other Reporting Airports,JERSEY,CAMBRIDGE,1772,1772,0,1488,1196,292,19.08602142
17/03/2016 11:45,2015,2014,B,Other Reporting Airports,JERSEY,CARDIFF WALES,9438,9438,0,7891,7891,0,19.60461235
17/03/2016 11:45,2015,2014,B,Other Reporting Airports,JERSEY,DONCASTER SHEFFIELD,2822,2822,0,3198,3198,0,-11.75734806
17/03/2016 11:45,2015,2014,B,Other Reporting Airports,JERSEY,DUNDEE,1292,1292,0,1552,1552,0,-16.75257683
17/03/2016 11:45,2015,2014,B,Other Reporting Airports,JERSEY,DURHAM TEES VALLEY,2441,2441,0,2141,2141,0,14.01214409
17/03/2016 11:45,2015,2014,B,Other Reporting Airports,JERSEY,EAST MIDLANDS INTERNATIONAL,30521,30521,0,35534,32132,3402,-14.10761547
17/03/2016 11:45,2015,2014,B,Other Reporting Airports,JERSEY,EDINBURGH,6419,6419,0,3091,3067,24,107.6674194
17/03/2016 11:45,2015,2014,B,Other Reporting Airports,JERSEY,EXETER,40795,40795,0,37568,37568,0,8.589756966
17/03/2016 11:45,2015,2014,B,Other Reporting Airports,JERSEY,GATWICK,645206,645206,0,601596,601517,79,7.249051094
17/03/2016 11:45,2015,2014,B,Other Reporting Airports,JERSEY,GLASGOW,34109,34109,0,33544,33544,0,1.684354901
17/03/2016 11:45,2015,2014,B,Other Reporting Airports,JERSEY,GLOUCESTERSHIRE,558,558,0,606,606,0,-7.920792103
17/03/2016 11:45,2015,2014,B,Other Reporting Airports,JERSEY,GUERNSEY,120199,120199,0,127646,127600,46,-5.834103584
17/03/2016 11:45,2015,2014,B,Other Reporting Airports,JERSEY,HUMBERSIDE,2455,2455,0,2594,2594,0,-5.358519554
17/03/2016 11:45,2015,2014,B,Other Reporting Airports,JERSEY,INVERNESS,2074,2021,53,1771,1771,0,17.10897827
17/03/2016 11:45,2015,2014,B,Other Reporting Airports,JERSEY,ISLE OF MAN,564,0,564,0,0,0,
17/03/2016 11:45,2015,2014,B,Other Reporting Airports,JERSEY,LEEDS BRADFORD,50035,50035,0,16224,16224,0,208.4011383
17/03/2016 11:45,2015,2014,B,Other Reporting Airports,JERSEY,LIVERPOOL (JOHN LENNON),107637,107637,0,91039,91039,0,18.23174667
17/03/2016 11:45,2015,2014,B,Other Reporting Airports,JERSEY,LONDON CITY,42796,42796,0,35892,35892,0,19.23548508
17/03/2016 11:45,2015,2014,B,Other Reporting Airports,JERSEY,LUTON,78,0,78,11,0,11,609.0908813
17/03/2016 11:45,2015,2014,B,Other Reporting Airports,JERSEY,MANCHESTER,50652,50652,0,56693,53241,3452,-10.65563679
17/03/2016 11:45,2015,2014,B,Other Reporting Airports,JERSEY,NEWCASTLE,17853,17853,0,14720,14720,0,21.28396797
17/03/2016 11:45,2015,2014,B,Other Reporting Airports,JERSEY,NORWICH,2773,2773,0,2786,2786,0,-0.466618806
17/03/2016 11:45,2015,2014,B,Other Reporting Airports,JERSEY,OXFORD (KIDLINGTON),0,0,0,1090,1090,0,
17/03/2016 11:45,2015,2014,B,Other Reporting Airports,JERSEY,SOUTHAMPTON,118862,118862,0,154962,154962,0,-23.29603386
17/03/2016 11:45,2015,2014,B,Other Reporting Airports,JERSEY,SOUTHEND,21607,21607,0,21876,21876,0,-1.229658127
17/03/2016 11:45,2015,2014,B,Other Reporting Airports,JERSEY,STANSTED,0,0,0,12308,12308,0,
17/03/2016 11:45,2015,2014,B,Other Reporting Airports,JERSEY,STORNOWAY,197,0,197,0,0,0,
17/03/2016 11:45,2015,2014,B,Other Reporting Airports,KIRKWALL,ABERDEEN,47851,47822,29,48927,48722,205,-2.19919467
17/03/2016 11:45,2015,2014,B,Other Reporting Airports,KIRKWALL,EDAY,684,684,0,563,563,0,21.4920063
17/03/2016 11:45,2015,2014,B,Other Reporting Airports,KIRKWALL,EDINBURGH,44509,44509,0,45419,45419,0,-2.003566742
17/03/2016 11:45,2015,2014,B,Other Reporting Airports,KIRKWALL,GLASGOW,17196,17196,0,17291,17291,0,-0.549418747
17/03/2016 11:45,2015,2014,B,Other Reporting Airports,KIRKWALL,INVERNESS,10288,10288,0,9616,9616,0,6.988352776
17/03/2016 11:45,2015,2014,B,Other Reporting Airports,KIRKWALL,NORTH RONALDSAY,5624,5624,0,6003,6003,0,-6.313509941
17/03/2016 11:45,2015,2014,B,Other Reporting Airports,KIRKWALL,PAPA WESTRAY,4802,4802,0,4520,4520,0,6.238937855
17/03/2016 11:45,2015,2014,B,Other Reporting Airports,KIRKWALL,SANDAY,3126,3126,0,2905,2905,0,7.607573032
17/03/2016 11:45,2015,2014,B,Other Reporting Airports,KIRKWALL,STRONSAY,3282,3282,0,3274,3274,0,0.24434942
17/03/2016 11:45,2015,2014,B,Other Reporting Airports,KIRKWALL,SUMBURGH,8429,8429,0,8828,8828,0,-4.519710064
17/03/2016 11:45,2015,2014,B,Other Reporting Airports,KIRKWALL,WESTRAY,3630,3630,0,3496,3496,0,3.832952023
17/03/2016 11:45,2015,2014,B,Other Reporting Airports,LEEDS BRADFORD,ABERDEEN,30273,30273,0,23082,23046,36,31.15414619
17/03/2016 11:45,2015,2014,B,Other Reporting Airports,LEEDS BRADFORD,BELFAST CITY (GEORGE BEST),150678,150678,0,156265,156265,0,-3.575336695
17/03/2016 11:45,2015,2014,B,Other Reporting Airports,LEEDS BRADFORD,BELFAST INTERNATIONAL,140,140,0,95,0,95,47.36841965
17/03/2016 11:45,2015,2014,B,Other Reporting Airports,LEEDS BRADFORD,BIGGIN HILL,11,0,11,0,0,0,
17/03/2016 11:45,2015,2014,B,Other Reporting Airports,LEEDS BRADFORD,BIRMINGHAM,52,0,52,0,0,0,
17/03/2016 11:45,2015,2014,B,Other Reporting Airports,LEEDS BRADFORD,BOURNEMOUTH,0,0,0,33,0,33,
17/03/2016 11:45,2015,2014,B,Other Reporting Airports,LEEDS BRADFORD,BRISTOL,0,0,0,72,0,72,
17/03/2016 11:45,2015,2014,B,Other Reporting Airports,LEEDS BRADFORD,CARDIFF WALES,88,0,88,0,0,0,
17/03/2016 11:45,2015,2014,B,Other Reporting Airports,LEEDS BRADFORD,CITY OF DERRY (EGLINTON),185,185,0,0,0,0,
17/03/2016 11:45,2015,2014,B,Other Reporting Airports,LEEDS BRADFORD,FARNBOROUGH,9,0,9,0,0,0,
17/03/2016 11:45,2015,2014,B,Other Reporting Airports,LEEDS BRADFORD,GATWICK,147,0,147,70,0,70,110
17/03/2016 11:45,2015,2014,B,Other Reporting Airports,LEEDS BRADFORD,GLASGOW,8341,8341,0,9714,9714,0,-14.1342392
17/03/2016 11:45,2015,2014,B,Other Reporting Airports,LEEDS BRADFORD,HEATHROW,147596,147596,0,131525,131525,0,12.21896935
17/03/2016 11:45,2015,2014,B,Other Reporting Airports,LEEDS BRADFORD,ISLE OF MAN,108,0,108,0,0,0,
17/03/2016 11:45,2015,2014,B,Other Reporting Airports,LEEDS BRADFORD,JERSEY,59459,59459,0,21581,21581,0,175.5155029
17/03/2016 11:45,2015,2014,B,Other Reporting Airports,LEEDS BRADFORD,LUTON,157,0,157,10,0,10,1470
17/03/2016 11:45,2015,2014,B,Other Reporting Airports,LEEDS BRADFORD,NORWICH,17,0,17,0,0,0,
17/03/2016 11:45,2015,2014,B,Other Reporting Airports,LEEDS BRADFORD,SOUTHAMPTON,45772,45716,56,27317,27317,0,67.55866241
17/03/2016 11:45,2015,2014,B,Other Reporting Airports,LEEDS BRADFORD,STANSTED,42,0,42,0,0,0,
17/03/2016 11:45,2015,2014,B,Other Reporting Airports,LERWICK (TINGWALL),FAIR ISLE,2305,2305,0,2436,2436,0,-5.377668381
17/03/2016 11:45,2015,2014,B,Other Reporting Airports,LERWICK (TINGWALL),FOULA,1063,1063,0,971,971,0,9.474768639
17/03/2016 11:45,2015,2014,B,Other Reporting Airports,LERWICK (TINGWALL),OUT SKERRIES,69,69,0,132,130,2,-47.72727203
17/03/2016 11:45,2015,2014,B,Other Reporting Airports,LERWICK (TINGWALL),PAPA STOUR,64,64,0,28,28,0,128.5714264
17/03/2016 11:45,2015,2014,B,Other Reporting Airports,LERWICK (TINGWALL),WHALSAY,0,0,0,10,10,0,
17/03/2016 11:45,2015,2014,B,Other Reporting Airports,LIVERPOOL (JOHN LENNON),ABERDEEN,0,0,0,23,0,23,
17/03/2016 11:45,2015,2014,B,Other Reporting Airports,LIVERPOOL (JOHN LENNON),BELFAST CITY (GEORGE BEST),85656,85656,0,0,0,0,
17/03/2016 11:45,2015,2014,B,Other Reporting Airports,LIVERPOOL (JOHN LENNON),BELFAST INTERNATIONAL,423283,423283,0,415542,415542,0,1.862868309
17/03/2016 11:45,2015,2014,B,Other Reporting Airports,LIVERPOOL (JOHN LENNON),BIGGIN HILL,71,0,71,72,0,72,-1.388888836
17/03/2016 11:45,2015,2014,B,Other Reporting Airports,LIVERPOOL (JOHN LENNON),BOURNEMOUTH,268,0,268,251,0,251,6.772908211
17/03/2016 11:45,2015,2014,B,Other Reporting Airports,LIVERPOOL (JOHN LENNON),BRISTOL,21,0,21,0,0,0,
17/03/2016 11:45,2015,2014,B,Other Reporting Airports,LIVERPOOL (JOHN LENNON),CARDIFF WALES,336,0,336,727,0,727,-53.78266907
17/03/2016 11:45,2015,2014,B,Other Reporting Airports,LIVERPOOL (JOHN LENNON),CITY OF DERRY (EGLINTON),76305,76305,0,81023,81023,0,-5.823038101
17/03/2016 11:45,2015,2014,B,Other Reporting Airports,LIVERPOOL (JOHN LENNON),DUNDEE,78,0,78,0,0,0,
17/03/2016 11:45,2015,2014,B,Other Reporting Airports,LIVERPOOL (JOHN LENNON),DURHAM TEES VALLEY,142,0,142,0,0,0,
17/03/2016 11:45,2015,2014,B,Other Reporting Airports,LIVERPOOL (JOHN LENNON),EDINBURGH,2736,2736,0,0,0,0,
17/03/2016 11:45,2015,2014,B,Other Reporting Airports,LIVERPOOL (JOHN LENNON),FARNBOROUGH,196,0,196,210,0,210,-6.666666508
17/03/2016 11:45,2015,2014,B,Other Reporting Airports,LIVERPOOL (JOHN LENNON),GATWICK,311,6,305,204,0,204,52.45098114
17/03/2016 11:45,2015,2014,B,Other Reporting Airports,LIVERPOOL (JOHN LENNON),GLASGOW,0,0,0,146,0,146,
17/03/2016 11:45,2015,2014,B,Other Reporting Airports,LIVERPOOL (JOHN LENNON),HEATHROW,150,0,150,108,0,108,38.88888931
17/03/2016 11:45,2015,2014,B,Other Reporting Airports,LIVERPOOL (JOHN LENNON),ISLE OF MAN,199594,199594,0,196902,196902,0,1.367177606
17/03/2016 11:45,2015,2014,B,Other Reporting Airports,LIVERPOOL (JOHN LENNON),JERSEY,107776,107776,0,91012,91012,0,18.41954994
17/03/2016 11:45,2015,2014,B,Other Reporting Airports,LIVERPOOL (JOHN LENNON),LUTON,485,0,485,144,0,144,236.8055573
17/03/2016 11:45,2015,2014,B,Other Reporting Airports,LIVERPOOL (JOHN LENNON),NEWCASTLE,478,0,478,278,0,278,71.94244385
17/03/2016 11:45,2015,2014,B,Other Reporting Airports,LIVERPOOL (JOHN LENNON),NEWQUAY,5224,5224,0,5190,5190,0,0.655105948
17/03/2016 11:45,2015,2014,B,Other Reporting Airports,LIVERPOOL (JOHN LENNON),NORWICH,220,0,220,168,0,168,30.95238113
17/03/2016 11:45,2015,2014,B,Other Reporting Airports,LIVERPOOL (JOHN LENNON),OXFORD (KIDLINGTON),72,0,72,0,0,0,
17/03/2016 11:45,2015,2014,B,Other Reporting Airports,LIVERPOOL (JOHN LENNON),PRESTWICK,0,0,0,85,0,85,
17/03/2016 11:45,2015,2014,B,Other Reporting Airports,LIVERPOOL (JOHN LENNON),SOUTHAMPTON,351,0,351,300,0,300,17
17/03/2016 11:45,2015,2014,B,Other Reporting Airports,LIVERPOOL (JOHN LENNON),STANSTED,456,0,456,246,0,246,85.36585236
17/03/2016 11:45,2015,2014,B,Other Reporting Airports,MANCHESTER,ABERDEEN,200785,199321,1464,224331,222181,2150,-10.49609756
17/03/2016 11:45,2015,2014,B,Other Reporting Airports,MANCHESTER,BELFAST CITY (GEORGE BEST),274812,274812,0,295946,295946,0,-7.141167641
17/03/2016 11:45,2015,2014,B,Other Reporting Airports,MANCHESTER,BELFAST INTERNATIONAL,222578,222535,43,203178,203178,0,9.548277855
17/03/2016 11:45,2015,2014,B,Other Reporting Airports,MANCHESTER,BIGGIN HILL,122,0,122,0,0,0,
17/03/2016 11:45,2015,2014,B,Other Reporting Airports,MANCHESTER,BIRMINGHAM,0,0,0,34,0,34,
17/03/2016 11:45,2015,2014,B,Other Reporting Airports,MANCHESTER,BOURNEMOUTH,29493,29214,279,185,0,185,15842.16211
17/03/2016 11:45,2015,2014,B,Other Reporting Airports,MANCHESTER,CAMBRIDGE,0,0,0,70,0,70,
17/03/2016 11:45,2015,2014,B,Other Reporting Airports,MANCHESTER,CARDIFF WALES,654,0,654,623,0,623,4.975923061
17/03/2016 11:45,2015,2014,B,Other Reporting Airports,MANCHESTER,EAST MIDLANDS INTERNATIONAL,0,0,0,54,0,54,
17/03/2016 11:45,2015,2014,B,Other Reporting Airports,MANCHESTER,EDINBURGH,113893,113893,0,108448,108392,56,5.020839691
17/03/2016 11:45,2015,2014,B,Other Reporting Airports,MANCHESTER,EXETER,126974,126898,76,108148,108148,0,17.40762711
17/03/2016 11:45,2015,2014,B,Other Reporting Airports,MANCHESTER,FARNBOROUGH,160,0,160,309,0,309,-48.22006607
17/03/2016 11:45,2015,2014,B,Other Reporting Airports,MANCHESTER,GATWICK,894,309,585,346,0,346,158.3815002
17/03/2016 11:45,2015,2014,B,Other Reporting Airports,MANCHESTER,GLASGOW,44996,44913,83,67653,67552,101,-33.49001694
17/03/2016 11:45,2015,2014,B,Other Reporting Airports,MANCHESTER,GUERNSEY,67624,67624,0,63122,63122,0,7.132220268
17/03/2016 11:45,2015,2014,B,Other Reporting Airports,MANCHESTER,HEATHROW,771643,771547,96,872081,872046,35,-11.51704979
17/03/2016 11:45,2015,2014,B,Other Reporting Airports,MANCHESTER,INVERNESS,84052,83994,58,70153,70153,0,19.81241035
17/03/2016 11:45,2015,2014,B,Other Reporting Airports,MANCHESTER,ISLE OF MAN,157644,157620,24,163202,163202,0,-3.405595541
17/03/2016 11:45,2015,2014,B,Other Reporting Airports,MANCHESTER,JERSEY,50622,50622,0,56820,56820,0,-10.90813065
17/03/2016 11:45,2015,2014,B,Other Reporting Airports,MANCHESTER,LUTON,566,0,566,204,0,204,177.4509735
17/03/2016 11:45,2015,2014,B,Other Reporting Airports,MANCHESTER,NEWCASTLE,712,0,712,849,0,849,-16.13663101
17/03/2016 11:45,2015,2014,B,Other Reporting Airports,MANCHESTER,NEWQUAY,54580,54580,0,44541,44541,0,22.53878403
17/03/2016 11:45,2015,2014,B,Other Reporting Airports,MANCHESTER,NORWICH,27702,27356,346,29668,29568,100,-6.626668453
17/03/2016 11:45,2015,2014,B,Other Reporting Airports,MANCHESTER,SOUTHAMPTON,149884,149657,227,157807,157626,181,-5.020689964
17/03/2016 11:45,2015,2014,B,Other Reporting Airports,MANCHESTER,SOUTHEND,282,0,282,0,0,0,
17/03/2016 11:45,2015,2014,B,Other Reporting Airports,MANCHESTER,STANSTED,479,0,479,574,0,574,-16.55052185
17/03/2016 11:45,2015,2014,B,Other Reporting Airports,MANCHESTER,STORNOWAY,68,0,68,0,0,0,
17/03/2016 11:45,2015,2014,B,Other Reporting Airports,NEWCASTLE,ABERDEEN,30248,30187,61,41058,41019,39,-26.32860756
17/03/2016 11:45,2015,2014,B,Other Reporting Airports,NEWCASTLE,BELFAST CITY (GEORGE BEST),24469,24469,0,29066,29041,25,-15.81573009
17/03/2016 11:45,2015,2014,B,Other Reporting Airports,NEWCASTLE,BELFAST INTERNATIONAL,218238,218238,0,195751,195751,0,11.48755264
17/03/2016 11:45,2015,2014,B,Other Reporting Airports,NEWCASTLE,BIGGIN HILL,91,0,91,103,0,103,-11.65048504
17/03/2016 11:45,2015,2014,B,Other Reporting Airports,NEWCASTLE,BIRMINGHAM,8850,8349,501,8484,7855,629,4.314002991
17/03/2016 11:45,2015,2014,B,Other Reporting Airports,NEWCASTLE,BOURNEMOUTH,155,0,155,0,0,0,
17/03/2016 11:45,2015,2014,B,Other Reporting Airports,NEWCASTLE,BRISTOL,168305,168258,47,173524,173444,80,-3.007653236
17/03/2016 11:45,2015,2014,B,Other Reporting Airports,NEWCASTLE,CAMBRIDGE,44,0,44,0,0,0,
17/03/2016 11:45,2015,2014,B,Other Reporting Airports,NEWCASTLE,CARDIFF WALES,13017,12628,389,11791,11176,615,10.39776134
17/03/2016 11:45,2015,2014,B,Other Reporting Airports,NEWCASTLE,DURHAM TEES VALLEY,29,0,29,0,0,0,
17/03/2016 11:45,2015,2014,B,Other Reporting Airports,NEWCASTLE,EAST MIDLANDS INTERNATIONAL,288,0,288,264,0,264,9.090909004
17/03/2016 11:45,2015,2014,B,Other Reporting Airports,NEWCASTLE,EXETER,35373,35287,86,12643,12643,0,179.7832794
17/03/2016 11:45,2015,2014,B,Other Reporting Airports,NEWCASTLE,FARNBOROUGH,39,0,39,170,0,170,-77.05882263
17/03/2016 11:45,2015,2014,B,Other Reporting Airports,NEWCASTLE,GATWICK,27547,27304,243,105314,105082,232,-73.84298706
17/03/2016 11:45,2015,2014,B,Other Reporting Airports,NEWCASTLE,HEATHROW,510560,510341,219,476639,476281,358,7.116706848
17/03/2016 11:45,2015,2014,B,Other Reporting Airports,NEWCASTLE,INVERNESS,27,0,27,0,0,0,
17/03/2016 11:45,2015,2014,B,Other Reporting Airports,NEWCASTLE,ISLE OF MAN,4367,4367,0,4537,4537,0,-3.746969461
17/03/2016 11:45,2015,2014,B,Other Reporting Airports,NEWCASTLE,JERSEY,17938,17938,0,14724,14724,0,21.82830811
17/03/2016 11:45,2015,2014,B,Other Reporting Airports,NEWCASTLE,LEEDS BRADFORD,0,0,0,19,19,0,
17/03/2016 11:45,2015,2014,B,Other Reporting Airports,NEWCASTLE,LIVERPOOL (JOHN LENNON),504,0,504,295,0,295,70.84745789
17/03/2016 11:45,2015,2014,B,Other Reporting Airports,NEWCASTLE,LUTON,757,0,757,595,0,595,27.22689056
17/03/2016 11:45,2015,2014,B,Other Reporting Airports,NEWCASTLE,MANCHESTER,1064,0,1064,752,0,752,41.48936081
17/03/2016 11:45,2015,2014,B,Other Reporting Airports,NEWCASTLE,NEWQUAY,2148,2148,0,2406,2406,0,-10.72319221
17/03/2016 11:45,2015,2014,B,Other Reporting Airports,NEWCASTLE,NORWICH,189,0,189,106,0,106,78.30188751
17/03/2016 11:45,2015,2014,B,Other Reporting Airports,NEWCASTLE,PRESTWICK,10,0,10,0,0,0,
17/03/2016 11:45,2015,2014,B,Other Reporting Airports,NEWCASTLE,SOUTHAMPTON,109367,109141,226,99501,99134,367,9.915478706
17/03/2016 11:45,2015,2014,B,Other Reporting Airports,NEWCASTLE,STANSTED,31840,30689,1151,513,0,513,6106.627441
17/03/2016 11:45,2015,2014,B,Other Reporting Airports,NEWQUAY,BELFAST CITY (GEORGE BEST),1606,1606,0,1559,1559,0,3.014753103
17/03/2016 11:45,2015,2014,B,Other Reporting Airports,NEWQUAY,BIRMINGHAM,23648,23648,0,17952,17952,0,31.7290554
17/03/2016 11:45,2015,2014,B,Other Reporting Airports,NEWQUAY,EDINBURGH,2328,2328,0,2250,2250,0,3.466666698
17/03/2016 11:45,2015,2014,B,Other Reporting Airports,NEWQUAY,EXETER,20,20,0,0,0,0,
17/03/2016 11:45,2015,2014,B,Other Reporting Airports,NEWQUAY,GATWICK,115118,115118,0,103363,103363,0,11.37254143
17/03/2016 11:45,2015,2014,B,Other Reporting Airports,NEWQUAY,GUERNSEY,37,0,37,0,0,0,
17/03/2016 11:45,2015,2014,B,Other Reporting Airports,NEWQUAY,ISLES OF SCILLY (ST.MARYS),19982,19982,0,29591,29591,0,-32.47270966
17/03/2016 11:45,2015,2014,B,Other Reporting Airports,NEWQUAY,LIVERPOOL (JOHN LENNON),5224,5224,0,5173,5173,0,0.985888243
17/03/2016 11:45,2015,2014,B,Other Reporting Airports,NEWQUAY,MANCHESTER,54786,54786,0,44817,44817,0,22.24379158
17/03/2016 11:45,2015,2014,B,Other Reporting Airports,NEWQUAY,NEWCASTLE,2125,2125,0,2407,2407,0,-11.7158289
17/03/2016 11:45,2015,2014,B,Other Reporting Airports,NEWQUAY,SOUTHEND,0,0,0,7132,7132,0,
17/03/2016 11:45,2015,2014,B,Other Reporting Airports,NEWQUAY,STANSTED,14194,14194,0,0,0,0,
17/03/2016 11:45,2015,2014,B,Other Reporting Airports,NORWICH,ABERDEEN,49993,49993,0,58091,58091,0,-13.94019699
17/03/2016 11:45,2015,2014,B,Other Reporting Airports,NORWICH,BIRMINGHAM,0,0,0,28,0,28,
17/03/2016 11:45,2015,2014,B,Other Reporting Airports,NORWICH,BLACKPOOL,0,0,0,36,0,36,
17/03/2016 11:45,2015,2014,B,Other Reporting Airports,NORWICH,BOURNEMOUTH,128,0,128,0,0,0,
17/03/2016 11:45,2015,2014,B,Other Reporting Airports,NORWICH,CARDIFF WALES,614,447,167,135,0,135,354.8148193
17/03/2016 11:45,2015,2014,B,Other Reporting Airports,NORWICH,DURHAM TEES VALLEY,15,15,0,0,0,0,
17/03/2016 11:45,2015,2014,B,Other Reporting Airports,NORWICH,EAST MIDLANDS INTERNATIONAL,3,3,0,0,0,0,
17/03/2016 11:45,2015,2014,B,Other Reporting Airports,NORWICH,EDINBURGH,29141,28994,147,28126,28126,0,3.608760595
17/03/2016 11:45,2015,2014,B,Other Reporting Airports,NORWICH,EXETER,109,0,109,0,0,0,
17/03/2016 11:45,2015,2014,B,Other Reporting Airports,NORWICH,FARNBOROUGH,0,0,0,121,0,121,
17/03/2016 11:45,2015,2014,B,Other Reporting Airports,NORWICH,GUERNSEY,619,619,0,926,926,0,-33.15334702
17/03/2016 11:45,2015,2014,B,Other Reporting Airports,NORWICH,HUMBERSIDE,0,0,0,77,14,63,
17/03/2016 11:45,2015,2014,B,Other Reporting Airports,NORWICH,JERSEY,2770,2770,0,2764,2764,0,0.217076704
17/03/2016 11:45,2015,2014,B,Other Reporting Airports,NORWICH,LUTON,0,0,0,57,0,57,
17/03/2016 11:45,2015,2014,B,Other Reporting Airports,NORWICH,MANCHESTER,27510,27376,134,29625,29345,280,-7.139240742
17/03/2016 11:45,2015,2014,B,Other Reporting Airports,NORWICH,NEWCASTLE,37,0,37,104,0,104,-64.42308044
17/03/2016 11:45,2015,2014,B,Other Reporting Airports,NORWICH,SOUTHAMPTON,38,0,38,0,0,0,
17/03/2016 11:45,2015,2014,B,Other Reporting Airports,OXFORD (KIDLINGTON),JERSEY,0,0,0,1099,1099,0,
17/03/2016 11:45,2015,2014,B,Other Reporting Airports,PRESTWICK,CITY OF DERRY (EGLINTON),0,0,0,52092,52092,0,
17/03/2016 11:45,2015,2014,B,Other Reporting Airports,PRESTWICK,LIVERPOOL (JOHN LENNON),0,0,0,85,0,85,
17/03/2016 11:45,2015,2014,B,Other Reporting Airports,SCATSTA,ABERDEEN,139151,0,139151,151028,0,151028,-7.864104748
17/03/2016 11:45,2015,2014,B,Other Reporting Airports,SOUTHAMPTON,ABERDEEN,29583,29583,0,17936,17936,0,64.93643951
17/03/2016 11:45,2015,2014,B,Other Reporting Airports,SOUTHAMPTON,ALDERNEY,24306,24306,0,24185,24185,0,0.500310123
17/03/2016 11:45,2015,2014,B,Other Reporting Airports,SOUTHAMPTON,BELFAST CITY (GEORGE BEST),109885,109885,0,107689,107689,0,2.039205551
17/03/2016 11:45,2015,2014,B,Other Reporting Airports,SOUTHAMPTON,BELFAST INTERNATIONAL,190,0,190,0,0,0,
17/03/2016 11:45,2015,2014,B,Other Reporting Airports,SOUTHAMPTON,CAMBRIDGE,32,0,32,0,0,0,
17/03/2016 11:45,2015,2014,B,Other Reporting Airports,SOUTHAMPTON,CARDIFF WALES,59,0,59,0,0,0,
17/03/2016 11:45,2015,2014,B,Other Reporting Airports,SOUTHAMPTON,CITY OF DERRY (EGLINTON),176,0,176,0,0,0,
17/03/2016 11:45,2015,2014,B,Other Reporting Airports,SOUTHAMPTON,EAST MIDLANDS INTERNATIONAL,65,0,65,0,0,0,
17/03/2016 11:45,2015,2014,B,Other Reporting Airports,SOUTHAMPTON,EDINBURGH,194914,194914,0,203191,203191,0,-4.073507309
17/03/2016 11:45,2015,2014,B,Other Reporting Airports,SOUTHAMPTON,GLASGOW,158392,158392,0,173014,173014,0,-8.451338768
17/03/2016 11:45,2015,2014,B,Other Reporting Airports,SOUTHAMPTON,GUERNSEY,141529,141502,27,179833,179833,0,-21.29976082
17/03/2016 11:45,2015,2014,B,Other Reporting Airports,SOUTHAMPTON,HUMBERSIDE,65,0,65,37,0,37,75.67567444
17/03/2016 11:45,2015,2014,B,Other Reporting Airports,SOUTHAMPTON,JERSEY,162470,162470,0,172498,172498,0,-5.813400745
17/03/2016 11:45,2015,2014,B,Other Reporting Airports,SOUTHAMPTON,LEEDS BRADFORD,59735,59667,68,21787,21787,0,174.1772614
17/03/2016 11:45,2015,2014,B,Other Reporting Airports,SOUTHAMPTON,LIVERPOOL (JOHN LENNON),203,0,203,294,0,294,-30.95238113
17/03/2016 11:45,2015,2014,B,Other Reporting Airports,SOUTHAMPTON,MANCHESTER,151699,151279,420,159291,159072,219,-4.766119957
17/03/2016 11:45,2015,2014,B,Other Reporting Airports,SOUTHAMPTON,NEWCASTLE,110159,109869,290,100198,99811,387,9.941316605
17/03/2016 11:45,2015,2014,B,Other Reporting Airports,SOUTHAMPTON,NORWICH,65,0,65,33,0,33,96.96969604
17/03/2016 11:45,2015,2014,B,Other Reporting Airports,STORNOWAY,ABERDEEN,5449,5449,0,6212,6212,0,-12.2826786
17/03/2016 11:45,2015,2014,B,Other Reporting Airports,STORNOWAY,BENBECULA,6414,6414,0,6138,6138,0,4.496578693
17/03/2016 11:45,2015,2014,B,Other Reporting Airports,STORNOWAY,EAST MIDLANDS INTERNATIONAL,230,0,230,90,0,90,155.5555573
17/03/2016 11:45,2015,2014,B,Other Reporting Airports,STORNOWAY,EDINBURGH,18499,18499,0,18774,18774,0,-1.464791775
17/03/2016 11:45,2015,2014,B,Other Reporting Airports,STORNOWAY,GLASGOW,61854,61854,0,61405,61405,0,0.731210828
17/03/2016 11:45,2015,2014,B,Other Reporting Airports,STORNOWAY,INVERNESS,32425,32328,97,34732,34312,420,-6.642289639
17/03/2016 11:45,2015,2014,B,Other Reporting Airports,STORNOWAY,JERSEY,102,0,102,0,0,0,
17/03/2016 11:45,2015,2014,B,Other Reporting Airports,STORNOWAY,MANCHESTER,68,0,68,0,0,0,
17/03/2016 11:45,2015,2014,B,Other Reporting Airports,SUMBURGH,ABERDEEN,144474,75887,68587,152521,86048,66473,-5.275994778
17/03/2016 11:45,2015,2014,B,Other Reporting Airports,SUMBURGH,DUNDEE,0,0,0,49,0,49,
17/03/2016 11:45,2015,2014,B,Other Reporting Airports,SUMBURGH,EDINBURGH,44371,44371,0,44398,44398,0,-0.06081355
17/03/2016 11:45,2015,2014,B,Other Reporting Airports,SUMBURGH,FAIR ISLE,112,112,0,90,90,0,24.44444466
17/03/2016 11:45,2015,2014,B,Other Reporting Airports,SUMBURGH,GLASGOW,28297,28297,0,24233,24233,0,16.77051926
17/03/2016 11:45,2015,2014,B,Other Reporting Airports,SUMBURGH,INVERNESS,3712,3712,0,3400,3400,0,9.176470757
17/03/2016 11:45,2015,2014,B,Other Reporting Airports,SUMBURGH,KIRKWALL,17947,17947,0,18147,18147,0,-1.102110505
17/03/2016 11:45,2015,2014,B,Other Reporting Airports,SUMBURGH,PEMBREY,0,0,0,43,0,43,
17/03/2016 11:45,2015,2014,B,Other Reporting Airports,SUMBURGH,SCATSTA,36,0,36,0,0,0,
17/03/2016 11:45,2015,2014,B,Other Reporting Airports,TIREE,GLASGOW,8496,8496,0,7890,7890,0,7.680608273
17/03/2016 11:45,2015,2014,B,Other Reporting Airports,WICK JOHN O GROATS,ABERDEEN,12061,10753,1308,13699,11997,1702,-11.95707703
17/03/2016 11:45,2015,2014,B,Other Reporting Airports,WICK JOHN O GROATS,EDINBURGH,11008,11008,0,11604,11526,78,-5.136159897
17/03/2016 11:45,2015,2014,B,Other Reporting Airports,WICK JOHN O GROATS,FARNBOROUGH,12,0,12,0,0,0,
17/03/2016 11:45,2015,2014,B,Other Reporting Airports,WICK JOHN O GROATS,KIRKWALL,31,31,0,0,0,0,
