rundate,this_period,last_period,grp_cd,grp_name,apt1_apt_name,apt2_apt_name,total_pax_tp,total_pax_shd_tp,total_pax_cht_tp,total_pax_lp,total_pax_shd_lp,total_pax_cht_lp,total_pax_pc
17/03/2020 11:37,2019,2018,A,London Area Airports,GATWICK,ABERDEEN,10472,10472,0,150106,150106,0,-93.0236
17/03/2020 11:37,2019,2018,A,London Area Airports,GATWICK,BELFAST INTERNATIONAL,581909,581909,0,595943,595180,763,-2.35492
17/03/2020 11:37,2019,2018,A,London Area Airports,GATWICK,BIRMINGHAM,609,362,247,290,155,135,110
17/03/2020 11:37,2019,2018,A,London Area Airports,GATWICK,BOURNEMOUTH,58,58,0,4,0,4,1350
17/03/2020 11:37,2019,2018,A,London Area Airports,GATWICK,BRISTOL,0,0,0,158,158,0,-100
17/03/2020 11:37,2019,2018,A,London Area Airports,GATWICK,CARDIFF WALES,0,0,0,162,0,162,-100
17/03/2020 11:37,2019,2018,A,London Area Airports,GATWICK,DONCASTER SHEFFIELD,62,0,62,44,44,0,40.90909
17/03/2020 11:37,2019,2018,A,London Area Airports,GATWICK,EAST MIDLANDS INTERNATIONAL,145,0,145,443,201,242,-67.26862
17/03/2020 11:37,2019,2018,A,London Area Airports,GATWICK,EDINBURGH,731793,731793,0,740904,739985,919,-1.22971
17/03/2020 11:37,2019,2018,A,London Area Airports,GATWICK,FARNBOROUGH,0,0,0,220,0,220,-100
17/03/2020 11:37,2019,2018,A,London Area Airports,GATWICK,GLASGOW,641566,641121,445,620383,620337,46,3.4145
17/03/2020 11:37,2019,2018,A,London Area Airports,GATWICK,GUERNSEY,310399,310399,0,330263,330263,0,-6.0146
17/03/2020 11:37,2019,2018,A,London Area Airports,GATWICK,HEATHROW,314,314,0,628,611,17,-50
17/03/2020 11:37,2019,2018,A,London Area Airports,GATWICK,HUMBERSIDE,8,0,8,4,4,0,100
17/03/2020 11:37,2019,2018,A,London Area Airports,GATWICK,INVERNESS,258376,258376,0,262197,262197,0,-1.4573
17/03/2020 11:37,2019,2018,A,London Area Airports,GATWICK,ISLE OF MAN,177200,177200,0,176235,176137,98,0.54756
17/03/2020 11:37,2019,2018,A,London Area Airports,GATWICK,JERSEY,692449,692449,0,670763,670763,0,3.23303
17/03/2020 11:37,2019,2018,A,London Area Airports,GATWICK,LEEDS BRADFORD,88,0,88,122,0,122,-27.86885
17/03/2020 11:37,2019,2018,A,London Area Airports,GATWICK,LIVERPOOL (JOHN LENNON),404,102,302,430,7,423,-6.04651
17/03/2020 11:37,2019,2018,A,London Area Airports,GATWICK,LUTON,0,0,0,875,875,0,-100
17/03/2020 11:37,2019,2018,A,London Area Airports,GATWICK,MANCHESTER,1233,183,1050,2882,1156,1726,-57.21721
17/03/2020 11:37,2019,2018,A,London Area Airports,GATWICK,NEWCASTLE,349,0,349,275,0,275,26.90909
17/03/2020 11:37,2019,2018,A,London Area Airports,GATWICK,NEWQUAY,40404,40404,0,173446,173446,0,-76.70514
17/03/2020 11:37,2019,2018,A,London Area Airports,GATWICK,NORWICH,72,7,65,37,0,37,94.59459
17/03/2020 11:37,2019,2018,A,London Area Airports,GATWICK,SOUTHEND,234,0,234,129,0,129,81.39535
17/03/2020 11:37,2019,2018,A,London Area Airports,GATWICK,STANSTED,165,140,25,320,320,0,-48.4375
17/03/2020 11:37,2019,2018,A,London Area Airports,GATWICK,TEESSIDE INTERNATIONAL AIRPORT,34,0,34,116,0,116,-70.68966
17/03/2020 11:37,2019,2018,A,London Area Airports,HEATHROW,ABERDEEN,692289,692289,0,675816,675816,0,2.4375
17/03/2020 11:37,2019,2018,A,London Area Airports,HEATHROW,BELFAST CITY (GEORGE BEST),668575,668575,0,655338,655338,0,2.01987
17/03/2020 11:37,2019,2018,A,London Area Airports,HEATHROW,BELFAST INTERNATIONAL,0,0,0,118,118,0,-100
17/03/2020 11:37,2019,2018,A,London Area Airports,HEATHROW,CARDIFF WALES,21,0,21,0,0,0,0
17/03/2020 11:37,2019,2018,A,London Area Airports,HEATHROW,EDINBURGH,1196921,1196921,0,1198848,1198848,0,-0.16074
17/03/2020 11:37,2019,2018,A,London Area Airports,HEATHROW,GLASGOW,865008,865008,0,911191,911191,0,-5.06842
17/03/2020 11:37,2019,2018,A,London Area Airports,HEATHROW,GUERNSEY,27835,27835,0,0,0,0,0
17/03/2020 11:37,2019,2018,A,London Area Airports,HEATHROW,INVERNESS,140358,140358,0,97591,97591,0,43.82269
17/03/2020 11:37,2019,2018,A,London Area Airports,HEATHROW,ISLE OF MAN,18016,18016,0,0,0,0,0
17/03/2020 11:37,2019,2018,A,London Area Airports,HEATHROW,LEEDS BRADFORD,100189,100189,0,103706,103706,0,-3.39132
17/03/2020 11:37,2019,2018,A,London Area Airports,HEATHROW,LONDON CITY,0,0,0,66,66,0,-100
17/03/2020 11:37,2019,2018,A,London Area Airports,HEATHROW,LUTON,3,3,0,0,0,0,0
17/03/2020 11:37,2019,2018,A,London Area Airports,HEATHROW,MANCHESTER,554201,554201,0,654071,654071,0,-15.26898
17/03/2020 11:37,2019,2018,A,London Area Airports,HEATHROW,NEWCASTLE,461804,461804,0,496193,496193,0,-6.93057
17/03/2020 11:37,2019,2018,A,London Area Airports,HEATHROW,NEWQUAY,141230,141230,0,0,0,0,0
17/03/2020 11:37,2019,2018,A,London Area Airports,LONDON CITY,ABERDEEN,5002,5002,0,42258,42258,0,-88.16319
17/03/2020 11:37,2019,2018,A,London Area Airports,LONDON CITY,BELFAST CITY (GEORGE BEST),212767,212767,0,184881,184881,0,15.08322
17/03/2020 11:37,2019,2018,A,London Area Airports,LONDON CITY,EDINBURGH,513360,513274,86,497031,497031,0,3.28531
17/03/2020 11:37,2019,2018,A,London Area Airports,LONDON CITY,EXETER,32570,32570,0,38103,38103,0,-14.52117
17/03/2020 11:37,2019,2018,A,London Area Airports,LONDON CITY,GLASGOW,253784,253784,0,230275,230275,0,10.2091
17/03/2020 11:37,2019,2018,A,London Area Airports,LONDON CITY,ISLE OF MAN,57184,57184,0,62036,62036,0,-7.82127
17/03/2020 11:37,2019,2018,A,London Area Airports,LONDON CITY,JERSEY,34215,34215,0,34995,34995,0,-2.22889
17/03/2020 11:37,2019,2018,A,London Area Airports,LONDON CITY,MANCHESTER,3227,3227,0,3866,3830,36,-16.52871
17/03/2020 11:37,2019,2018,A,London Area Airports,LONDON CITY,NEWCASTLE,2696,2696,0,0,0,0,0
17/03/2020 11:37,2019,2018,A,London Area Airports,LONDON CITY,SOUTHAMPTON,52,52,0,0,0,0,0
17/03/2020 11:37,2019,2018,A,London Area Airports,LONDON CITY,TEESSIDE INTERNATIONAL AIRPORT,0,0,0,22,22,0,-100
17/03/2020 11:37,2019,2018,A,London Area Airports,LUTON,ABERDEEN,79592,79592,0,72570,72570,0,9.67617
17/03/2020 11:37,2019,2018,A,London Area Airports,LUTON,BELFAST CITY (GEORGE BEST),77,77,0,53,0,53,45.28302
17/03/2020 11:37,2019,2018,A,London Area Airports,LUTON,BELFAST INTERNATIONAL,341091,341091,0,344372,344372,0,-0.95275
17/03/2020 11:37,2019,2018,A,London Area Airports,LUTON,BIGGIN HILL,0,0,0,167,167,0,-100
17/03/2020 11:37,2019,2018,A,London Area Airports,LUTON,DONCASTER SHEFFIELD,0,0,0,179,179,0,-100
17/03/2020 11:37,2019,2018,A,London Area Airports,LUTON,EDINBURGH,312737,312737,0,315116,315116,0,-0.75496
17/03/2020 11:37,2019,2018,A,London Area Airports,LUTON,GLASGOW,245638,245638,0,243728,243636,92,0.78366
17/03/2020 11:37,2019,2018,A,London Area Airports,LUTON,INVERNESS,146647,146647,0,147205,147030,175,-0.37906
17/03/2020 11:37,2019,2018,A,London Area Airports,LUTON,ISLE OF MAN,24615,24615,0,23370,23370,0,5.32734
17/03/2020 11:37,2019,2018,A,London Area Airports,LUTON,JERSEY,53777,53777,0,49626,49626,0,8.36457
17/03/2020 11:37,2019,2018,A,London Area Airports,LUTON,MANCHESTER,745,150,595,680,442,238,9.55882
17/03/2020 11:37,2019,2018,A,London Area Airports,LUTON,STANSTED,238,238,0,0,0,0,0
17/03/2020 11:37,2019,2018,A,London Area Airports,LUTON,TEESSIDE INTERNATIONAL AIRPORT,0,0,0,34,0,34,-100
17/03/2020 11:37,2019,2018,A,London Area Airports,SOUTHEND,ABERDEEN,25123,25123,0,80,80,0,31303.75
17/03/2020 11:37,2019,2018,A,London Area Airports,SOUTHEND,BELFAST CITY (GEORGE BEST),101,101,0,0,0,0,0
17/03/2020 11:37,2019,2018,A,London Area Airports,SOUTHEND,CARLISLE,3646,3646,0,0,0,0,0
17/03/2020 11:37,2019,2018,A,London Area Airports,SOUTHEND,CITY OF DERRY (EGLINTON),7180,7180,0,0,0,0,0
17/03/2020 11:37,2019,2018,A,London Area Airports,SOUTHEND,EDINBURGH,125,125,0,69,69,0,81.15942
17/03/2020 11:37,2019,2018,A,London Area Airports,SOUTHEND,GLASGOW,21638,21638,0,41979,41979,0,-48.45518
17/03/2020 11:37,2019,2018,A,London Area Airports,SOUTHEND,GUERNSEY,14068,14068,0,0,0,0,0
17/03/2020 11:37,2019,2018,A,London Area Airports,SOUTHEND,INVERNESS,17,17,0,0,0,0,0
17/03/2020 11:37,2019,2018,A,London Area Airports,SOUTHEND,JERSEY,40149,40149,0,30505,30505,0,31.61449
17/03/2020 11:37,2019,2018,A,London Area Airports,SOUTHEND,MANCHESTER,511,511,0,51772,51772,0,-99.01298
17/03/2020 11:37,2019,2018,A,London Area Airports,SOUTHEND,NEWQUAY,15721,15721,0,0,0,0,0
17/03/2020 11:37,2019,2018,A,London Area Airports,SOUTHEND,STANSTED,2,2,0,0,0,0,0
17/03/2020 11:37,2019,2018,A,London Area Airports,SOUTHEND,STORNOWAY,117,117,0,0,0,0,0
17/03/2020 11:37,2019,2018,A,London Area Airports,STANSTED,BELFAST INTERNATIONAL,572832,572730,102,677155,677001,154,-15.40607
17/03/2020 11:37,2019,2018,A,London Area Airports,STANSTED,BIRMINGHAM,181,181,0,316,316,0,-42.72152
17/03/2020 11:37,2019,2018,A,London Area Airports,STANSTED,CARDIFF WALES,47,0,47,0,0,0,0
17/03/2020 11:37,2019,2018,A,London Area Airports,STANSTED,CITY OF DERRY (EGLINTON),36694,36694,0,47375,47375,0,-22.54565
17/03/2020 11:37,2019,2018,A,London Area Airports,STANSTED,DUNDEE,20529,20529,0,20534,20534,0,-0.02435
17/03/2020 11:37,2019,2018,A,London Area Airports,STANSTED,EAST MIDLANDS INTERNATIONAL,348,348,0,235,235,0,48.08511
17/03/2020 11:37,2019,2018,A,London Area Airports,STANSTED,EDINBURGH,618628,618507,121,732022,731885,137,-15.49052
17/03/2020 11:37,2019,2018,A,London Area Airports,STANSTED,GLASGOW,278520,278520,0,432349,431914,435,-35.57982
17/03/2020 11:37,2019,2018,A,London Area Airports,STANSTED,GUERNSEY,22969,22969,0,27429,27429,0,-16.26016
17/03/2020 11:37,2019,2018,A,London Area Airports,STANSTED,INVERNESS,0,0,0,92,0,92,-100
17/03/2020 11:37,2019,2018,A,London Area Airports,STANSTED,MANCHESTER,46,0,46,299,238,61,-84.61538
17/03/2020 11:37,2019,2018,A,London Area Airports,STANSTED,NEWQUAY,0,0,0,5535,5535,0,-100
17/03/2020 11:37,2019,2018,A,London Area Airports,STANSTED,NORWICH,0,0,0,20,20,0,-100
17/03/2020 11:37,2019,2018,A,London Area Airports,STANSTED,TOLLERTON NOTTINGHAM,0,0,0,177,177,0,-100
17/03/2020 11:37,2019,2018,B,Other Reporting Airports,ABERDEEN,BELFAST CITY (GEORGE BEST),38711,38711,0,41903,41903,0,-7.61759
17/03/2020 11:37,2019,2018,B,Other Reporting Airports,ABERDEEN,BIRMINGHAM,113084,113084,0,112560,112505,55,0.46553
17/03/2020 11:37,2019,2018,B,Other Reporting Airports,ABERDEEN,BRISTOL,15847,15847,0,13161,13161,0,20.40878
17/03/2020 11:37,2019,2018,B,Other Reporting Airports,ABERDEEN,CARDIFF WALES,603,603,0,6782,6726,56,-91.10882
17/03/2020 11:37,2019,2018,B,Other Reporting Airports,ABERDEEN,CONINGSBY,0,0,0,3,3,0,-100
17/03/2020 11:37,2019,2018,B,Other Reporting Airports,ABERDEEN,DONCASTER SHEFFIELD,7,7,0,0,0,0,0
17/03/2020 11:37,2019,2018,B,Other Reporting Airports,ABERDEEN,EAST MIDLANDS INTERNATIONAL,78,78,0,22,22,0,254.54545
17/03/2020 11:37,2019,2018,B,Other Reporting Airports,ABERDEEN,EDINBURGH,281,281,0,42,42,0,569.04762
17/03/2020 11:37,2019,2018,B,Other Reporting Airports,ABERDEEN,EXETER,101,0,101,0,0,0,0
17/03/2020 11:37,2019,2018,B,Other Reporting Airports,ABERDEEN,FARNBOROUGH,0,0,0,22,0,22,-100
17/03/2020 11:37,2019,2018,B,Other Reporting Airports,ABERDEEN,GLASGOW,87,87,0,49,17,32,77.55102
17/03/2020 11:37,2019,2018,B,Other Reporting Airports,ABERDEEN,HUMBERSIDE,19326,19326,0,23143,23143,0,-16.49311
17/03/2020 11:37,2019,2018,B,Other Reporting Airports,ABERDEEN,INVERNESS,162,162,0,122,122,0,32.78689
17/03/2020 11:37,2019,2018,B,Other Reporting Airports,ABERDEEN,JERSEY,2801,2801,0,2529,2529,0,10.75524
17/03/2020 11:37,2019,2018,B,Other Reporting Airports,ABERDEEN,KIRKWALL,49923,49796,127,57620,57212,408,-13.35821
17/03/2020 11:37,2019,2018,B,Other Reporting Airports,ABERDEEN,LEEDS BRADFORD,59,12,47,2222,2222,0,-97.34473
17/03/2020 11:37,2019,2018,B,Other Reporting Airports,ABERDEEN,LOSSIEMOUTH,0,0,0,3,3,0,-100
17/03/2020 11:37,2019,2018,B,Other Reporting Airports,ABERDEEN,MANCHESTER,214033,213987,46,218630,218289,341,-2.10264
17/03/2020 11:37,2019,2018,B,Other Reporting Airports,ABERDEEN,NEWCASTLE,22215,22200,15,10923,10923,0,103.37819
17/03/2020 11:37,2019,2018,B,Other Reporting Airports,ABERDEEN,NEWQUAY,631,631,0,1790,1790,0,-64.7486
17/03/2020 11:37,2019,2018,B,Other Reporting Airports,ABERDEEN,NORWICH,45583,45566,17,41932,41932,0,8.70695
17/03/2020 11:37,2019,2018,B,Other Reporting Airports,ABERDEEN,PERTH (UK),44,0,44,0,0,0,0
17/03/2020 11:37,2019,2018,B,Other Reporting Airports,ABERDEEN,SCATSTA,60557,0,60557,94066,757,93309,-35.62286
17/03/2020 11:37,2019,2018,B,Other Reporting Airports,ABERDEEN,SOUTHAMPTON,1323,1323,0,7662,7662,0,-82.73297
17/03/2020 11:37,2019,2018,B,Other Reporting Airports,ABERDEEN,STORNOWAY,0,0,0,5961,5961,0,-100
17/03/2020 11:37,2019,2018,B,Other Reporting Airports,ABERDEEN,SUMBURGH,116061,75322,40739,140667,99025,41642,-17.49238
17/03/2020 11:37,2019,2018,B,Other Reporting Airports,ABERDEEN,TEESSIDE INTERNATIONAL AIRPORT,17055,17055,0,21496,21428,68,-20.65966
17/03/2020 11:37,2019,2018,B,Other Reporting Airports,ABERDEEN,WICK JOHN O GROATS,5317,5317,0,7775,7775,0,-31.61415
17/03/2020 11:37,2019,2018,B,Other Reporting Airports,ALDERNEY,BOURNEMOUTH,0,0,0,17,17,0,-100
17/03/2020 11:37,2019,2018,B,Other Reporting Airports,ALDERNEY,BRISTOL,0,0,0,5,5,0,-100
17/03/2020 11:37,2019,2018,B,Other Reporting Airports,ALDERNEY,GUERNSEY,28967,28967,0,29746,29746,0,-2.61884
17/03/2020 11:37,2019,2018,B,Other Reporting Airports,ALDERNEY,JERSEY,213,213,0,0,0,0,0
17/03/2020 11:37,2019,2018,B,Other Reporting Airports,ALDERNEY,SOUTHAMPTON,23975,23975,0,23580,23580,0,1.67515
17/03/2020 11:37,2019,2018,B,Other Reporting Airports,ANGLESEY (VALLEY),CARDIFF WALES,34,34,0,0,0,0,0
17/03/2020 11:37,2019,2018,B,Other Reporting Airports,ANGLESEY (VALLEY),HAWARDEN,0,0,0,12,12,0,-100
17/03/2020 11:37,2019,2018,B,Other Reporting Airports,BARRA,BENBECULA,7,7,0,6,6,0,16.66667
17/03/2020 11:37,2019,2018,B,Other Reporting Airports,BARRA,GLASGOW,14592,14592,0,14700,14700,0,-0.73469
17/03/2020 11:37,2019,2018,B,Other Reporting Airports,BELFAST CITY (GEORGE BEST),BELFAST INTERNATIONAL,63,63,0,33,33,0,90.90909
17/03/2020 11:37,2019,2018,B,Other Reporting Airports,BELFAST CITY (GEORGE BEST),BIRMINGHAM,269559,269183,376,275477,275260,217,-2.14827
17/03/2020 11:37,2019,2018,B,Other Reporting Airports,BELFAST CITY (GEORGE BEST),CARDIFF WALES,62322,62322,0,70835,70746,89,-12.01807
17/03/2020 11:37,2019,2018,B,Other Reporting Airports,BELFAST CITY (GEORGE BEST),CARLISLE,4611,4611,0,0,0,0,0
17/03/2020 11:37,2019,2018,B,Other Reporting Airports,BELFAST CITY (GEORGE BEST),DONCASTER SHEFFIELD,27225,27225,0,16766,16766,0,62.3822
17/03/2020 11:37,2019,2018,B,Other Reporting Airports,BELFAST CITY (GEORGE BEST),EAST MIDLANDS INTERNATIONAL,139091,138961,130,150497,150371,126,-7.57889
17/03/2020 11:37,2019,2018,B,Other Reporting Airports,BELFAST CITY (GEORGE BEST),EDINBURGH,151512,151449,63,151147,150988,159,0.24149
17/03/2020 11:37,2019,2018,B,Other Reporting Airports,BELFAST CITY (GEORGE BEST),EXETER,34924,34924,0,36722,36722,0,-4.89625
17/03/2020 11:37,2019,2018,B,Other Reporting Airports,BELFAST CITY (GEORGE BEST),FARNBOROUGH,0,0,0,53,0,53,-100
17/03/2020 11:37,2019,2018,B,Other Reporting Airports,BELFAST CITY (GEORGE BEST),GLASGOW,141897,141897,0,148985,148907,78,-4.75753
17/03/2020 11:37,2019,2018,B,Other Reporting Airports,BELFAST CITY (GEORGE BEST),INVERNESS,32897,32897,0,35999,35999,0,-8.61691
17/03/2020 11:37,2019,2018,B,Other Reporting Airports,BELFAST CITY (GEORGE BEST),ISLE OF MAN,0,0,0,3769,3769,0,-100
17/03/2020 11:37,2019,2018,B,Other Reporting Airports,BELFAST CITY (GEORGE BEST),LEEDS BRADFORD,155918,155869,49,165858,165808,50,-5.99308
17/03/2020 11:37,2019,2018,B,Other Reporting Airports,BELFAST CITY (GEORGE BEST),LIVERPOOL (JOHN LENNON),263,263,0,28784,28784,0,-99.0863
17/03/2020 11:37,2019,2018,B,Other Reporting Airports,BELFAST CITY (GEORGE BEST),MANCHESTER,275852,275785,67,280250,280106,144,-1.56931
17/03/2020 11:37,2019,2018,B,Other Reporting Airports,BELFAST CITY (GEORGE BEST),NEWCASTLE,0,0,0,3021,3021,0,-100
17/03/2020 11:37,2019,2018,B,Other Reporting Airports,BELFAST CITY (GEORGE BEST),NEWQUAY,3442,3442,0,3217,3217,0,6.99409
17/03/2020 11:37,2019,2018,B,Other Reporting Airports,BELFAST CITY (GEORGE BEST),PRESTWICK,0,0,0,77,77,0,-100
17/03/2020 11:37,2019,2018,B,Other Reporting Airports,BELFAST CITY (GEORGE BEST),SOUTHAMPTON,117406,117406,0,128209,128138,71,-8.42609
17/03/2020 11:37,2019,2018,B,Other Reporting Airports,BELFAST CITY (GEORGE BEST),WICK JOHN O GROATS,30,30,0,0,0,0,0
17/03/2020 11:37,2019,2018,B,Other Reporting Airports,BELFAST INTERNATIONAL,BIRMINGHAM,258598,258451,147,252079,251539,540,2.58609
17/03/2020 11:37,2019,2018,B,Other Reporting Airports,BELFAST INTERNATIONAL,BRISTOL,279075,278947,128,258128,258128,0,8.11497
17/03/2020 11:37,2019,2018,B,Other Reporting Airports,BELFAST INTERNATIONAL,CARDIFF WALES,79,79,0,94,0,94,-15.95745
17/03/2020 11:37,2019,2018,B,Other Reporting Airports,BELFAST INTERNATIONAL,CITY OF DERRY (EGLINTON),48,48,0,0,0,0,0
17/03/2020 11:37,2019,2018,B,Other Reporting Airports,BELFAST INTERNATIONAL,CRANFIELD,0,0,0,4,0,4,-100
17/03/2020 11:37,2019,2018,B,Other Reporting Airports,BELFAST INTERNATIONAL,DONCASTER SHEFFIELD,48,0,48,0,0,0,0
17/03/2020 11:37,2019,2018,B,Other Reporting Airports,BELFAST INTERNATIONAL,EAST MIDLANDS INTERNATIONAL,0,0,0,144,0,144,-100
17/03/2020 11:37,2019,2018,B,Other Reporting Airports,BELFAST INTERNATIONAL,EDINBURGH,330759,330604,155,328320,328320,0,0.74287
17/03/2020 11:37,2019,2018,B,Other Reporting Airports,BELFAST INTERNATIONAL,FARNBOROUGH,0,0,0,8,0,8,-100
17/03/2020 11:37,2019,2018,B,Other Reporting Airports,BELFAST INTERNATIONAL,GLASGOW,293804,293515,289,291255,291253,2,0.87518
17/03/2020 11:37,2019,2018,B,Other Reporting Airports,BELFAST INTERNATIONAL,ISLE OF MAN,24038,24038,0,12924,12924,0,85.99505
17/03/2020 11:37,2019,2018,B,Other Reporting Airports,BELFAST INTERNATIONAL,JERSEY,20782,20782,0,21308,21308,0,-2.46856
17/03/2020 11:37,2019,2018,B,Other Reporting Airports,BELFAST INTERNATIONAL,LEEDS BRADFORD,67,67,0,0,0,0,0
17/03/2020 11:37,2019,2018,B,Other Reporting Airports,BELFAST INTERNATIONAL,LIVERPOOL (JOHN LENNON),492312,492312,0,498603,498603,0,-1.26173
17/03/2020 11:37,2019,2018,B,Other Reporting Airports,BELFAST INTERNATIONAL,MANCHESTER,470260,470119,141,370731,370731,0,26.84669
17/03/2020 11:37,2019,2018,B,Other Reporting Airports,BELFAST INTERNATIONAL,NEWCASTLE,269402,269402,0,269945,269945,0,-0.20115
17/03/2020 11:37,2019,2018,B,Other Reporting Airports,BENBECULA,EDINBURGH,0,0,0,2,2,0,-100
17/03/2020 11:37,2019,2018,B,Other Reporting Airports,BENBECULA,GLASGOW,25802,25802,0,26054,26054,0,-0.96722
17/03/2020 11:37,2019,2018,B,Other Reporting Airports,BENBECULA,INVERNESS,24,24,0,41,41,0,-41.46341
17/03/2020 11:37,2019,2018,B,Other Reporting Airports,BENBECULA,ISLAY,0,0,0,9,9,0,-100
17/03/2020 11:37,2019,2018,B,Other Reporting Airports,BENBECULA,PRESTWICK,0,0,0,33,33,0,-100
17/03/2020 11:37,2019,2018,B,Other Reporting Airports,BENBECULA,STORNOWAY,8812,8812,0,9259,9259,0,-4.82774
17/03/2020 11:37,2019,2018,B,Other Reporting Airports,BENBECULA,TIREE,18,18,0,0,0,0,0
17/03/2020 11:37,2019,2018,B,Other Reporting Airports,BIGGIN HILL,CARDIFF WALES,51,0,51,0,0,0,0
17/03/2020 11:37,2019,2018,B,Other Reporting Airports,BIGGIN HILL,EAST MIDLANDS INTERNATIONAL,0,0,0,39,0,39,-100
17/03/2020 11:37,2019,2018,B,Other Reporting Airports,BIGGIN HILL,FARNBOROUGH,8,0,8,0,0,0,0
17/03/2020 11:37,2019,2018,B,Other Reporting Airports,BIGGIN HILL,GLASGOW,3,0,3,4,0,4,-25
17/03/2020 11:37,2019,2018,B,Other Reporting Airports,BIGGIN HILL,GUERNSEY,28,0,28,39,0,39,-28.20513
17/03/2020 11:37,2019,2018,B,Other Reporting Airports,BIGGIN HILL,INVERNESS,37,0,37,0,0,0,0
17/03/2020 11:37,2019,2018,B,Other Reporting Airports,BIGGIN HILL,JERSEY,0,0,0,8,0,8,-100
17/03/2020 11:37,2019,2018,B,Other Reporting Airports,BIGGIN HILL,LEEDS BRADFORD,74,0,74,93,0,93,-20.43011
17/03/2020 11:37,2019,2018,B,Other Reporting Airports,BIGGIN HILL,LIVERPOOL (JOHN LENNON),252,0,252,0,0,0,0
17/03/2020 11:37,2019,2018,B,Other Reporting Airports,BIGGIN HILL,MANCHESTER,202,0,202,25,0,25,708
17/03/2020 11:37,2019,2018,B,Other Reporting Airports,BIGGIN HILL,NEWCASTLE,0,0,0,180,0,180,-100
17/03/2020 11:37,2019,2018,B,Other Reporting Airports,BIGGIN HILL,NORWICH,0,0,0,10,0,10,-100
17/03/2020 11:37,2019,2018,B,Other Reporting Airports,BIRMINGHAM,BOURNEMOUTH,133,45,88,0,0,0,0
17/03/2020 11:37,2019,2018,B,Other Reporting Airports,BIRMINGHAM,BRISTOL,178,178,0,67,67,0,165.67164
17/03/2020 11:37,2019,2018,B,Other Reporting Airports,BIRMINGHAM,EAST MIDLANDS INTERNATIONAL,137,137,0,359,359,0,-61.83844
17/03/2020 11:37,2019,2018,B,Other Reporting Airports,BIRMINGHAM,EDINBURGH,265832,265832,0,267876,266985,891,-0.76304
17/03/2020 11:37,2019,2018,B,Other Reporting Airports,BIRMINGHAM,EXETER,0,0,0,5,0,5,-100
17/03/2020 11:37,2019,2018,B,Other Reporting Airports,BIRMINGHAM,GLASGOW,229991,229946,45,234522,233965,557,-1.93201
17/03/2020 11:37,2019,2018,B,Other Reporting Airports,BIRMINGHAM,GUERNSEY,18496,18411,85,29625,29546,79,-37.56624
17/03/2020 11:37,2019,2018,B,Other Reporting Airports,BIRMINGHAM,INVERNESS,39699,39699,0,45084,45084,0,-11.94437
17/03/2020 11:37,2019,2018,B,Other Reporting Airports,BIRMINGHAM,ISLE OF MAN,43201,43201,0,42418,42418,0,1.84591
17/03/2020 11:37,2019,2018,B,Other Reporting Airports,BIRMINGHAM,JERSEY,71801,71801,0,72126,72126,0,-0.4506
17/03/2020 11:37,2019,2018,B,Other Reporting Airports,BIRMINGHAM,LEEDS BRADFORD,58,58,0,0,0,0,0
17/03/2020 11:37,2019,2018,B,Other Reporting Airports,BIRMINGHAM,LIVERPOOL (JOHN LENNON),0,0,0,185,185,0,-100
17/03/2020 11:37,2019,2018,B,Other Reporting Airports,BIRMINGHAM,MANCHESTER,975,185,790,188,188,0,418.61702
17/03/2020 11:37,2019,2018,B,Other Reporting Airports,BIRMINGHAM,NEWCASTLE,529,454,75,104,72,32,408.65385
17/03/2020 11:37,2019,2018,B,Other Reporting Airports,BIRMINGHAM,NEWQUAY,20802,20802,0,23521,23521,0,-11.55988
17/03/2020 11:37,2019,2018,B,Other Reporting Airports,BIRMINGHAM,NORWICH,74,0,74,120,0,120,-38.33333
17/03/2020 11:37,2019,2018,B,Other Reporting Airports,BIRMINGHAM,PRESTWICK,110,110,0,0,0,0,0
17/03/2020 11:37,2019,2018,B,Other Reporting Airports,BIRMINGHAM,SOUTHAMPTON,50,0,50,112,112,0,-55.35714
17/03/2020 11:37,2019,2018,B,Other Reporting Airports,BIRMINGHAM,TEESSIDE INTERNATIONAL AIRPORT,104,0,104,159,34,125,-34.59119
17/03/2020 11:37,2019,2018,B,Other Reporting Airports,BLACKPOOL,CARDIFF WALES,37,0,37,36,0,36,2.77778
17/03/2020 11:37,2019,2018,B,Other Reporting Airports,BLACKPOOL,EAST MIDLANDS INTERNATIONAL,0,0,0,1,0,1,-100
17/03/2020 11:37,2019,2018,B,Other Reporting Airports,BLACKPOOL,SOUTHAMPTON,87,0,87,0,0,0,0
17/03/2020 11:37,2019,2018,B,Other Reporting Airports,BOURNEMOUTH,CARDIFF WALES,74,74,0,194,0,194,-61.85567
17/03/2020 11:37,2019,2018,B,Other Reporting Airports,BOURNEMOUTH,DONCASTER SHEFFIELD,26,0,26,43,0,43,-39.53488
17/03/2020 11:37,2019,2018,B,Other Reporting Airports,BOURNEMOUTH,EAST MIDLANDS INTERNATIONAL,169,0,169,80,0,80,111.25
17/03/2020 11:37,2019,2018,B,Other Reporting Airports,BOURNEMOUTH,EDINBURGH,0,0,0,69,69,0,-100
17/03/2020 11:37,2019,2018,B,Other Reporting Airports,BOURNEMOUTH,GUERNSEY,106,106,0,122,0,122,-13.11475
17/03/2020 11:37,2019,2018,B,Other Reporting Airports,BOURNEMOUTH,JERSEY,1425,1425,0,232,232,0,514.22414
17/03/2020 11:37,2019,2018,B,Other Reporting Airports,BOURNEMOUTH,LEEDS BRADFORD,50,0,50,83,0,83,-39.75904
17/03/2020 11:37,2019,2018,B,Other Reporting Airports,BOURNEMOUTH,LIVERPOOL (JOHN LENNON),143,0,143,206,0,206,-30.58252
17/03/2020 11:37,2019,2018,B,Other Reporting Airports,BOURNEMOUTH,MANCHESTER,150,0,150,498,0,498,-69.87952
17/03/2020 11:37,2019,2018,B,Other Reporting Airports,BOURNEMOUTH,NEWCASTLE,197,82,115,171,0,171,15.20468
17/03/2020 11:37,2019,2018,B,Other Reporting Airports,BOURNEMOUTH,NORWICH,66,0,66,30,0,30,120
17/03/2020 11:37,2019,2018,B,Other Reporting Airports,BOURNEMOUTH,SOUTHAMPTON,0,0,0,35,35,0,-100
17/03/2020 11:37,2019,2018,B,Other Reporting Airports,BRISTOL,CARDIFF WALES,182,182,0,798,798,0,-77.19298
17/03/2020 11:37,2019,2018,B,Other Reporting Airports,BRISTOL,DONCASTER SHEFFIELD,0,0,0,94,47,47,-100
17/03/2020 11:37,2019,2018,B,Other Reporting Airports,BRISTOL,EDINBURGH,396911,396852,59,400014,399971,43,-0.77572
17/03/2020 11:37,2019,2018,B,Other Reporting Airports,BRISTOL,GLASGOW,322136,322136,0,312051,311933,118,3.23184
17/03/2020 11:37,2019,2018,B,Other Reporting Airports,BRISTOL,GUERNSEY,22236,22236,0,27678,27678,0,-19.66183
17/03/2020 11:37,2019,2018,B,Other Reporting Airports,BRISTOL,HAWARDEN,4183,1541,2642,2940,73,2867,42.27891
17/03/2020 11:37,2019,2018,B,Other Reporting Airports,BRISTOL,HUMBERSIDE,220,0,220,59,0,59,272.88136
17/03/2020 11:37,2019,2018,B,Other Reporting Airports,BRISTOL,INVERNESS,90954,90954,0,92842,92842,0,-2.03356
17/03/2020 11:37,2019,2018,B,Other Reporting Airports,BRISTOL,ISLE OF MAN,28553,28553,0,29241,29241,0,-2.35286
17/03/2020 11:37,2019,2018,B,Other Reporting Airports,BRISTOL,JERSEY,26205,26205,0,24447,24447,0,7.19107
17/03/2020 11:37,2019,2018,B,Other Reporting Airports,BRISTOL,LEEDS BRADFORD,105,29,76,0,0,0,0
17/03/2020 11:37,2019,2018,B,Other Reporting Airports,BRISTOL,LIVERPOOL (JOHN LENNON),146,146,0,149,149,0,-2.01342
17/03/2020 11:37,2019,2018,B,Other Reporting Airports,BRISTOL,MANCHESTER,207,0,207,542,35,507,-61.80812
17/03/2020 11:37,2019,2018,B,Other Reporting Airports,BRISTOL,NEWCASTLE,191235,191180,55,189534,189228,306,0.89746
17/03/2020 11:37,2019,2018,B,Other Reporting Airports,BRISTOL,NEWQUAY,0,0,0,5,5,0,-100
17/03/2020 11:37,2019,2018,B,Other Reporting Airports,BRISTOL,SOUTHAMPTON,0,0,0,5,5,0,-100
17/03/2020 11:37,2019,2018,B,Other Reporting Airports,BRISTOL,TEESSIDE INTERNATIONAL AIRPORT,0,0,0,155,0,155,-100
17/03/2020 11:37,2019,2018,B,Other Reporting Airports,CAERNARFON,LEEDS BRADFORD,63,63,0,0,0,0,0
17/03/2020 11:37,2019,2018,B,Other Reporting Airports,CAMBRIDGE,MANCHESTER,0,0,0,4,4,0,-100
17/03/2020 11:37,2019,2018,B,Other Reporting Airports,CAMBRIDGE,TEESSIDE INTERNATIONAL AIRPORT,0,0,0,80,0,80,-100
17/03/2020 11:37,2019,2018,B,Other Reporting Airports,CAMPBELTOWN,GLASGOW,7919,7919,0,8414,8414,0,-5.88305
17/03/2020 11:37,2019,2018,B,Other Reporting Airports,CAMPBELTOWN,ISLAY,32,32,0,14,14,0,128.57143
17/03/2020 11:37,2019,2018,B,Other Reporting Airports,CAMPBELTOWN,TIREE,24,24,0,44,44,0,-45.45455
17/03/2020 11:37,2019,2018,B,Other Reporting Airports,CARDIFF WALES,DONCASTER SHEFFIELD,198,0,198,273,0,273,-27.47253
17/03/2020 11:37,2019,2018,B,Other Reporting Airports,CARDIFF WALES,EAST MIDLANDS INTERNATIONAL,83,0,83,154,0,154,-46.1039
17/03/2020 11:37,2019,2018,B,Other Reporting Airports,CARDIFF WALES,EDINBURGH,111415,110391,1024,102102,101671,431,9.12127
17/03/2020 11:37,2019,2018,B,Other Reporting Airports,CARDIFF WALES,FARNBOROUGH,42,0,42,41,0,41,2.43902
17/03/2020 11:37,2019,2018,B,Other Reporting Airports,CARDIFF WALES,GLASGOW,24604,24604,0,33261,33097,164,-26.02748
17/03/2020 11:37,2019,2018,B,Other Reporting Airports,CARDIFF WALES,GUERNSEY,0,0,0,2035,2035,0,-100
17/03/2020 11:37,2019,2018,B,Other Reporting Airports,CARDIFF WALES,HUMBERSIDE,202,0,202,114,0,114,77.19298
17/03/2020 11:37,2019,2018,B,Other Reporting Airports,CARDIFF WALES,JERSEY,16678,16678,0,20095,20095,0,-17.00423
17/03/2020 11:37,2019,2018,B,Other Reporting Airports,CARDIFF WALES,LEEDS BRADFORD,354,0,354,243,3,240,45.67901
17/03/2020 11:37,2019,2018,B,Other Reporting Airports,CARDIFF WALES,LIVERPOOL (JOHN LENNON),483,68,415,322,0,322,50
17/03/2020 11:37,2019,2018,B,Other Reporting Airports,CARDIFF WALES,MANCHESTER,590,0,590,651,69,582,-9.3702
17/03/2020 11:37,2019,2018,B,Other Reporting Airports,CARDIFF WALES,NEWCASTLE,5702,5615,87,11522,11284,238,-50.51206
17/03/2020 11:37,2019,2018,B,Other Reporting Airports,CARDIFF WALES,NORWICH,72,0,72,153,0,153,-52.94118
17/03/2020 11:37,2019,2018,B,Other Reporting Airports,CARDIFF WALES,SOUTHAMPTON,0,0,0,75,0,75,-100
17/03/2020 11:37,2019,2018,B,Other Reporting Airports,CARDIFF WALES,STORNOWAY,58,0,58,0,0,0,0
17/03/2020 11:37,2019,2018,B,Other Reporting Airports,CARDIFF WALES,TEESSIDE INTERNATIONAL AIRPORT,184,0,184,137,0,137,34.30657
17/03/2020 11:37,2019,2018,B,Other Reporting Airports,CARDIFF WALES,WARTON,160,0,160,0,0,0,0
17/03/2020 11:37,2019,2018,B,Other Reporting Airports,CITY OF DERRY (EGLINTON),DONCASTER SHEFFIELD,0,0,0,6,6,0,-100
17/03/2020 11:37,2019,2018,B,Other Reporting Airports,CITY OF DERRY (EGLINTON),EDINBURGH,76984,76984,0,13402,13366,36,474.42173
17/03/2020 11:37,2019,2018,B,Other Reporting Airports,CITY OF DERRY (EGLINTON),GLASGOW,14363,14363,0,64736,64735,1,-77.81296
17/03/2020 11:37,2019,2018,B,Other Reporting Airports,CITY OF DERRY (EGLINTON),LIVERPOOL (JOHN LENNON),58533,58533,0,57792,57792,0,1.28218
17/03/2020 11:37,2019,2018,B,Other Reporting Airports,CITY OF DERRY (EGLINTON),MANCHESTER,9518,9518,0,0,0,0,0
17/03/2020 11:37,2019,2018,B,Other Reporting Airports,CITY OF DERRY (EGLINTON),NORWICH,0,0,0,61,61,0,-100
17/03/2020 11:37,2019,2018,B,Other Reporting Airports,COLL,TIREE,369,369,0,489,489,0,-24.53988
17/03/2020 11:37,2019,2018,B,Other Reporting Airports,COLONSAY,ISLAY,190,190,0,364,364,0,-47.8022
17/03/2020 11:37,2019,2018,B,Other Reporting Airports,CONINGSBY,HUMBERSIDE,1,1,0,0,0,0,0
17/03/2020 11:37,2019,2018,B,Other Reporting Airports,CONINGSBY,NORWICH,4,4,0,7,7,0,-42.85714
17/03/2020 11:37,2019,2018,B,Other Reporting Airports,COTSWOLD APT - KEMBLE,MANCHESTER,0,0,0,320,320,0,-100
17/03/2020 11:37,2019,2018,B,Other Reporting Airports,CRANFIELD,LIVERPOOL (JOHN LENNON),81,0,81,0,0,0,0
17/03/2020 11:37,2019,2018,B,Other Reporting Airports,CUMBERNAULD,LERWICK (TINGWALL),0,0,0,1,1,0,-100
17/03/2020 11:37,2019,2018,B,Other Reporting Airports,DONCASTER SHEFFIELD,DUNDEE,6,0,6,0,0,0,0
17/03/2020 11:37,2019,2018,B,Other Reporting Airports,DONCASTER SHEFFIELD,EAST MIDLANDS INTERNATIONAL,0,0,0,79,0,79,-100
17/03/2020 11:37,2019,2018,B,Other Reporting Airports,DONCASTER SHEFFIELD,EXETER,8,8,0,0,0,0,0
17/03/2020 11:37,2019,2018,B,Other Reporting Airports,DONCASTER SHEFFIELD,FARNBOROUGH,0,0,0,32,0,32,-100
17/03/2020 11:37,2019,2018,B,Other Reporting Airports,DONCASTER SHEFFIELD,HUMBERSIDE,94,0,94,0,0,0,0
17/03/2020 11:37,2019,2018,B,Other Reporting Airports,DONCASTER SHEFFIELD,INVERNESS,60,60,0,0,0,0,0
17/03/2020 11:37,2019,2018,B,Other Reporting Airports,DONCASTER SHEFFIELD,JERSEY,29483,29483,0,33032,33032,0,-10.74413
17/03/2020 11:37,2019,2018,B,Other Reporting Airports,DONCASTER SHEFFIELD,LEEDS BRADFORD,0,0,0,7,7,0,-100
17/03/2020 11:37,2019,2018,B,Other Reporting Airports,DONCASTER SHEFFIELD,LIVERPOOL (JOHN LENNON),0,0,0,109,0,109,-100
17/03/2020 11:37,2019,2018,B,Other Reporting Airports,DONCASTER SHEFFIELD,MANCHESTER,0,0,0,6,6,0,-100
17/03/2020 11:37,2019,2018,B,Other Reporting Airports,DONCASTER SHEFFIELD,NEWQUAY,6737,6737,0,7502,7502,0,-10.19728
17/03/2020 11:37,2019,2018,B,Other Reporting Airports,DONCASTER SHEFFIELD,NORWICH,72,0,72,0,0,0,0
17/03/2020 11:37,2019,2018,B,Other Reporting Airports,DONCASTER SHEFFIELD,SOUTHAMPTON,2,2,0,85,85,0,-97.64706
17/03/2020 11:37,2019,2018,B,Other Reporting Airports,DONCASTER SHEFFIELD,TEESSIDE INTERNATIONAL AIRPORT,35,0,35,0,0,0,0
17/03/2020 11:37,2019,2018,B,Other Reporting Airports,DUNDEE,EDINBURGH,0,0,0,9,9,0,-100
17/03/2020 11:37,2019,2018,B,Other Reporting Airports,DUNDEE,FARNBOROUGH,27,0,27,6,0,6,350
17/03/2020 11:37,2019,2018,B,Other Reporting Airports,DUNDEE,GLASGOW,21,21,0,12,12,0,75
17/03/2020 11:37,2019,2018,B,Other Reporting Airports,DUNDEE,NORTHOLT,0,0,0,3,0,3,-100
17/03/2020 11:37,2019,2018,B,Other Reporting Airports,DUNDEE,NORWICH,0,0,0,32,32,0,-100
17/03/2020 11:37,2019,2018,B,Other Reporting Airports,DUNDEE,SOUTHAMPTON,28,0,28,0,0,0,0
17/03/2020 11:37,2019,2018,B,Other Reporting Airports,DUNDEE,SUMBURGH,25,25,0,0,0,0,0
17/03/2020 11:37,2019,2018,B,Other Reporting Airports,EAST MIDLANDS INTERNATIONAL,EDINBURGH,72098,72098,0,93215,93215,0,-22.65408
17/03/2020 11:37,2019,2018,B,Other Reporting Airports,EAST MIDLANDS INTERNATIONAL,GLASGOW,64868,64858,10,97143,97143,0,-33.22422
17/03/2020 11:37,2019,2018,B,Other Reporting Airports,EAST MIDLANDS INTERNATIONAL,GUERNSEY,19097,19097,0,19618,19553,65,-2.65572
17/03/2020 11:37,2019,2018,B,Other Reporting Airports,EAST MIDLANDS INTERNATIONAL,HUMBERSIDE,168,0,168,0,0,0,0
17/03/2020 11:37,2019,2018,B,Other Reporting Airports,EAST MIDLANDS INTERNATIONAL,INVERNESS,3725,3725,0,77,77,0,4737.66234
17/03/2020 11:37,2019,2018,B,Other Reporting Airports,EAST MIDLANDS INTERNATIONAL,JERSEY,31225,31225,0,36225,36225,0,-13.80262
17/03/2020 11:37,2019,2018,B,Other Reporting Airports,EAST MIDLANDS INTERNATIONAL,LIVERPOOL (JOHN LENNON),135,0,135,80,0,80,68.75
17/03/2020 11:37,2019,2018,B,Other Reporting Airports,EAST MIDLANDS INTERNATIONAL,MANCHESTER,217,217,0,544,544,0,-60.11029
17/03/2020 11:37,2019,2018,B,Other Reporting Airports,EAST MIDLANDS INTERNATIONAL,NEWCASTLE,97,26,71,167,94,73,-41.91617
17/03/2020 11:37,2019,2018,B,Other Reporting Airports,EAST MIDLANDS INTERNATIONAL,NEWQUAY,0,0,0,180,180,0,-100
17/03/2020 11:37,2019,2018,B,Other Reporting Airports,EAST MIDLANDS INTERNATIONAL,NORWICH,491,0,491,0,0,0,0
17/03/2020 11:37,2019,2018,B,Other Reporting Airports,EAST MIDLANDS INTERNATIONAL,SOUTHAMPTON,30,30,0,1,0,1,2900
17/03/2020 11:37,2019,2018,B,Other Reporting Airports,EDAY,KIRKWALL,534,534,0,523,523,0,2.10325
17/03/2020 11:37,2019,2018,B,Other Reporting Airports,EDINBURGH,EXETER,58135,58135,0,48076,48076,0,20.92312
17/03/2020 11:37,2019,2018,B,Other Reporting Airports,EDINBURGH,GLASGOW,196,196,0,277,277,0,-29.24188
17/03/2020 11:37,2019,2018,B,Other Reporting Airports,EDINBURGH,GUERNSEY,1558,1558,0,0,0,0,0
17/03/2020 11:37,2019,2018,B,Other Reporting Airports,EDINBURGH,INVERNESS,432,432,0,0,0,0,0
17/03/2020 11:37,2019,2018,B,Other Reporting Airports,EDINBURGH,ISLAY,5979,5979,0,0,0,0,0
17/03/2020 11:37,2019,2018,B,Other Reporting Airports,EDINBURGH,ISLE OF MAN,7878,7878,0,6193,6193,0,27.20814
17/03/2020 11:37,2019,2018,B,Other Reporting Airports,EDINBURGH,JERSEY,23337,23337,0,20317,20317,0,14.8644
17/03/2020 11:37,2019,2018,B,Other Reporting Airports,EDINBURGH,KIRKWALL,48413,48413,0,46232,46232,0,4.71751
17/03/2020 11:37,2019,2018,B,Other Reporting Airports,EDINBURGH,LIVERPOOL (JOHN LENNON),47,0,47,172,172,0,-72.67442
17/03/2020 11:37,2019,2018,B,Other Reporting Airports,EDINBURGH,MANCHESTER,116320,116301,19,116953,116953,0,-0.54124
17/03/2020 11:37,2019,2018,B,Other Reporting Airports,EDINBURGH,NEWCASTLE,0,0,0,140,140,0,-100
17/03/2020 11:37,2019,2018,B,Other Reporting Airports,EDINBURGH,NEWQUAY,4002,4002,0,4435,4435,0,-9.76325
17/03/2020 11:37,2019,2018,B,Other Reporting Airports,EDINBURGH,NORWICH,33752,33752,0,29840,29840,0,13.10992
17/03/2020 11:37,2019,2018,B,Other Reporting Airports,EDINBURGH,SOUTHAMPTON,182716,182409,307,183236,183236,0,-0.28379
17/03/2020 11:37,2019,2018,B,Other Reporting Airports,EDINBURGH,STORNOWAY,18430,18430,0,17861,17861,0,3.18571
17/03/2020 11:37,2019,2018,B,Other Reporting Airports,EDINBURGH,SUMBURGH,44820,44820,0,47554,47554,0,-5.74925
17/03/2020 11:37,2019,2018,B,Other Reporting Airports,EDINBURGH,WICK JOHN O GROATS,7395,7395,0,9341,9341,0,-20.83289
17/03/2020 11:37,2019,2018,B,Other Reporting Airports,EXETER,GLASGOW,34310,34310,0,39905,39838,67,-14.0208
17/03/2020 11:37,2019,2018,B,Other Reporting Airports,EXETER,GUERNSEY,30552,30552,0,29722,29722,0,2.79254
17/03/2020 11:37,2019,2018,B,Other Reporting Airports,EXETER,HAWARDEN,3,3,0,0,0,0,0
17/03/2020 11:37,2019,2018,B,Other Reporting Airports,EXETER,HUMBERSIDE,0,0,0,68,0,68,-100
17/03/2020 11:37,2019,2018,B,Other Reporting Airports,EXETER,ISLES OF SCILLY (ST.MARYS),12773,12773,0,13445,13445,0,-4.99814
17/03/2020 11:37,2019,2018,B,Other Reporting Airports,EXETER,JERSEY,41094,41094,0,41240,41240,0,-0.35403
17/03/2020 11:37,2019,2018,B,Other Reporting Airports,EXETER,LEEDS BRADFORD,50,0,50,0,0,0,0
17/03/2020 11:37,2019,2018,B,Other Reporting Airports,EXETER,MANCHESTER,128754,128527,227,129987,129947,40,-0.94856
17/03/2020 11:37,2019,2018,B,Other Reporting Airports,EXETER,NEWCASTLE,41813,41761,52,45493,45140,353,-8.08916
17/03/2020 11:37,2019,2018,B,Other Reporting Airports,EXETER,NEWQUAY,58,58,0,0,0,0,0
17/03/2020 11:37,2019,2018,B,Other Reporting Airports,EXETER,NORWICH,24550,24550,0,30761,30761,0,-20.19115
17/03/2020 11:37,2019,2018,B,Other Reporting Airports,EXETER,PRESTWICK,0,0,0,122,122,0,-100
17/03/2020 11:37,2019,2018,B,Other Reporting Airports,EXETER,SOUTHAMPTON,94,94,0,0,0,0,0
17/03/2020 11:37,2019,2018,B,Other Reporting Airports,FAIR ISLE,KIRKWALL,52,52,0,179,179,0,-70.94972
17/03/2020 11:37,2019,2018,B,Other Reporting Airports,FAIR ISLE,LERWICK (TINGWALL),2199,2199,0,2670,2670,0,-17.64045
17/03/2020 11:37,2019,2018,B,Other Reporting Airports,FAIR ISLE,SUMBURGH,22,22,0,72,72,0,-69.44444
17/03/2020 11:37,2019,2018,B,Other Reporting Airports,FARNBOROUGH,HUMBERSIDE,28,0,28,53,0,53,-47.16981
17/03/2020 11:37,2019,2018,B,Other Reporting Airports,FARNBOROUGH,LIVERPOOL (JOHN LENNON),166,0,166,101,0,101,64.35644
17/03/2020 11:37,2019,2018,B,Other Reporting Airports,FARNBOROUGH,MANCHESTER,50,0,50,39,0,39,28.20513
17/03/2020 11:37,2019,2018,B,Other Reporting Airports,FARNBOROUGH,NEWCASTLE,0,0,0,45,0,45,-100
17/03/2020 11:37,2019,2018,B,Other Reporting Airports,FARNBOROUGH,TEESSIDE INTERNATIONAL AIRPORT,57,0,57,129,63,66,-55.81395
17/03/2020 11:37,2019,2018,B,Other Reporting Airports,FOULA,LERWICK (TINGWALL),1075,1075,0,1176,1176,0,-8.58844
17/03/2020 11:37,2019,2018,B,Other Reporting Airports,GLASGOW,GUERNSEY,1219,1219,0,1295,1295,0,-5.86873
17/03/2020 11:37,2019,2018,B,Other Reporting Airports,GLASGOW,INVERNESS,117,117,0,186,186,0,-37.09677
17/03/2020 11:37,2019,2018,B,Other Reporting Airports,GLASGOW,ISLAY,28967,28967,0,32763,32719,44,-11.58624
17/03/2020 11:37,2019,2018,B,Other Reporting Airports,GLASGOW,ISLE OF MAN,142,142,0,1991,1991,0,-92.86791
17/03/2020 11:37,2019,2018,B,Other Reporting Airports,GLASGOW,JERSEY,49880,49880,0,54419,54419,0,-8.34084
17/03/2020 11:37,2019,2018,B,Other Reporting Airports,GLASGOW,KIRKWALL,20201,20201,0,22450,22429,21,-10.01782
17/03/2020 11:37,2019,2018,B,Other Reporting Airports,GLASGOW,LEEDS BRADFORD,21,0,21,0,0,0,0
17/03/2020 11:37,2019,2018,B,Other Reporting Airports,GLASGOW,LIVERPOOL (JOHN LENNON),19,19,0,0,0,0,0
17/03/2020 11:37,2019,2018,B,Other Reporting Airports,GLASGOW,MANCHESTER,47185,47185,0,62533,62289,244,-24.54384
17/03/2020 11:37,2019,2018,B,Other Reporting Airports,GLASGOW,NEWQUAY,3823,3823,0,2042,2042,0,87.21841
17/03/2020 11:37,2019,2018,B,Other Reporting Airports,GLASGOW,NORWICH,0,0,0,624,624,0,-100
17/03/2020 11:37,2019,2018,B,Other Reporting Airports,GLASGOW,PRESTWICK,7,7,0,172,172,0,-95.93023
17/03/2020 11:37,2019,2018,B,Other Reporting Airports,GLASGOW,SOUTHAMPTON,170559,170559,0,186325,186325,0,-8.46156
17/03/2020 11:37,2019,2018,B,Other Reporting Airports,GLASGOW,STORNOWAY,75839,75839,0,75862,75837,25,-0.03032
17/03/2020 11:37,2019,2018,B,Other Reporting Airports,GLASGOW,SUMBURGH,23312,23312,0,29237,29210,27,-20.26542
17/03/2020 11:37,2019,2018,B,Other Reporting Airports,GLASGOW,TIREE,11598,11598,0,11716,11716,0,-1.00717
17/03/2020 11:37,2019,2018,B,Other Reporting Airports,GLASGOW,WICK JOHN O GROATS,26,26,0,0,0,0,0
17/03/2020 11:37,2019,2018,B,Other Reporting Airports,GUERNSEY,JERSEY,115628,114812,816,101837,100950,887,13.54223
17/03/2020 11:37,2019,2018,B,Other Reporting Airports,GUERNSEY,LEEDS BRADFORD,4352,4352,0,5951,5951,0,-26.86943
17/03/2020 11:37,2019,2018,B,Other Reporting Airports,GUERNSEY,LIVERPOOL (JOHN LENNON),3116,3116,0,0,0,0,0
17/03/2020 11:37,2019,2018,B,Other Reporting Airports,GUERNSEY,MANCHESTER,65281,65208,73,66762,66760,2,-2.21833
17/03/2020 11:37,2019,2018,B,Other Reporting Airports,GUERNSEY,NEWQUAY,72,72,0,0,0,0,0
17/03/2020 11:37,2019,2018,B,Other Reporting Airports,GUERNSEY,NORWICH,1277,1277,0,1133,1133,0,12.70962
17/03/2020 11:37,2019,2018,B,Other Reporting Airports,GUERNSEY,SOUTHAMPTON,147855,147813,42,119533,119533,0,23.69388
17/03/2020 11:37,2019,2018,B,Other Reporting Airports,HUMBERSIDE,JERSEY,1648,0,1648,2263,337,1926,-27.17631
17/03/2020 11:37,2019,2018,B,Other Reporting Airports,HUMBERSIDE,LEEDS BRADFORD,5,5,0,67,67,0,-92.53731
17/03/2020 11:37,2019,2018,B,Other Reporting Airports,HUMBERSIDE,LOSSIEMOUTH,1,1,0,0,0,0,0
17/03/2020 11:37,2019,2018,B,Other Reporting Airports,HUMBERSIDE,MARHAM(KINGS LYNN),12,12,0,63,63,0,-80.95238
17/03/2020 11:37,2019,2018,B,Other Reporting Airports,HUMBERSIDE,NEWCASTLE,82,82,0,10,10,0,720
17/03/2020 11:37,2019,2018,B,Other Reporting Airports,HUMBERSIDE,NORWICH,265,233,32,28,28,0,846.42857
17/03/2020 11:37,2019,2018,B,Other Reporting Airports,HUMBERSIDE,SOUTHAMPTON,0,0,0,123,58,65,-100
17/03/2020 11:37,2019,2018,B,Other Reporting Airports,HUMBERSIDE,TEESSIDE INTERNATIONAL AIRPORT,1041,1041,0,1359,1359,0,-23.39956
17/03/2020 11:37,2019,2018,B,Other Reporting Airports,HUMBERSIDE,WARTON,51,51,0,229,229,0,-77.72926
17/03/2020 11:37,2019,2018,B,Other Reporting Airports,INVERNESS,ISLE OF MAN,50,0,50,81,0,81,-38.2716
17/03/2020 11:37,2019,2018,B,Other Reporting Airports,INVERNESS,JERSEY,1845,1845,0,1811,1811,0,1.87742
17/03/2020 11:37,2019,2018,B,Other Reporting Airports,INVERNESS,KIRKWALL,21623,21623,0,22634,22634,0,-4.46673
17/03/2020 11:37,2019,2018,B,Other Reporting Airports,INVERNESS,MANCHESTER,50364,50364,0,56693,56693,0,-11.16364
17/03/2020 11:37,2019,2018,B,Other Reporting Airports,INVERNESS,STORNOWAY,29763,29763,0,27574,27574,0,7.93864
17/03/2020 11:37,2019,2018,B,Other Reporting Airports,INVERNESS,SUMBURGH,214,214,0,63,63,0,239.68254
17/03/2020 11:37,2019,2018,B,Other Reporting Airports,ISLAY,OBAN (NORTH CONNEL),116,116,0,208,208,0,-44.23077
17/03/2020 11:37,2019,2018,B,Other Reporting Airports,ISLAY,TIREE,12,12,0,25,25,0,-52
17/03/2020 11:37,2019,2018,B,Other Reporting Airports,ISLE OF MAN,LEEDS BRADFORD,64,64,0,0,0,0,0
17/03/2020 11:37,2019,2018,B,Other Reporting Airports,ISLE OF MAN,LIVERPOOL (JOHN LENNON),254250,254250,0,255659,255659,0,-0.55112
17/03/2020 11:37,2019,2018,B,Other Reporting Airports,ISLE OF MAN,MANCHESTER,173250,173250,0,172822,172379,443,0.24765
17/03/2020 11:37,2019,2018,B,Other Reporting Airports,ISLE OF MAN,NEWCASTLE,0,0,0,227,227,0,-100
17/03/2020 11:37,2019,2018,B,Other Reporting Airports,ISLE OF MAN,NORWICH,0,0,0,134,134,0,-100
17/03/2020 11:37,2019,2018,B,Other Reporting Airports,ISLE OF MAN,PRESTWICK,0,0,0,18,18,0,-100
17/03/2020 11:37,2019,2018,B,Other Reporting Airports,ISLES OF SCILLY (ST.MARYS),NEWQUAY,17319,17319,0,18431,18431,0,-6.03331
17/03/2020 11:37,2019,2018,B,Other Reporting Airports,JERSEY,LEEDS BRADFORD,12077,12077,0,13897,13897,0,-13.09635
17/03/2020 11:37,2019,2018,B,Other Reporting Airports,JERSEY,LIVERPOOL (JOHN LENNON),148554,148554,0,135030,135030,0,10.01555
17/03/2020 11:37,2019,2018,B,Other Reporting Airports,JERSEY,MANCHESTER,62040,62040,0,46744,46744,0,32.72292
17/03/2020 11:37,2019,2018,B,Other Reporting Airports,JERSEY,NEWCASTLE,26729,26505,224,26019,26019,0,2.72878
17/03/2020 11:37,2019,2018,B,Other Reporting Airports,JERSEY,NEWQUAY,1844,1714,130,0,0,0,0
17/03/2020 11:37,2019,2018,B,Other Reporting Airports,JERSEY,NORWICH,5601,5601,0,6185,6185,0,-9.4422
17/03/2020 11:37,2019,2018,B,Other Reporting Airports,JERSEY,SOUTHAMPTON,161097,161097,0,169369,169369,0,-4.88401
17/03/2020 11:37,2019,2018,B,Other Reporting Airports,JERSEY,TEESSIDE INTERNATIONAL AIRPORT,2695,2695,0,2539,2539,0,6.14415
17/03/2020 11:37,2019,2018,B,Other Reporting Airports,KIRKWALL,MANCHESTER,2053,2053,0,1097,1097,0,87.14676
17/03/2020 11:37,2019,2018,B,Other Reporting Airports,KIRKWALL,NORTH RONALDSAY,5662,5662,0,5953,5953,0,-4.88829
17/03/2020 11:37,2019,2018,B,Other Reporting Airports,KIRKWALL,PAPA WESTRAY,4835,4835,0,4885,4885,0,-1.02354
17/03/2020 11:37,2019,2018,B,Other Reporting Airports,KIRKWALL,PRESTWICK,0,0,0,13,13,0,-100
17/03/2020 11:37,2019,2018,B,Other Reporting Airports,KIRKWALL,SANDAY,2958,2958,0,2994,2994,0,-1.2024
17/03/2020 11:37,2019,2018,B,Other Reporting Airports,KIRKWALL,STRONSAY,3338,3338,0,3527,3527,0,-5.35866
17/03/2020 11:37,2019,2018,B,Other Reporting Airports,KIRKWALL,SUMBURGH,9436,9436,0,9611,9611,0,-1.82083
17/03/2020 11:37,2019,2018,B,Other Reporting Airports,KIRKWALL,WESTRAY,3475,3475,0,3542,3542,0,-1.89159
17/03/2020 11:37,2019,2018,B,Other Reporting Airports,KIRKWALL,WICK JOHN O GROATS,252,252,0,0,0,0,0
17/03/2020 11:37,2019,2018,B,Other Reporting Airports,LANDS END (ST JUST),NEWQUAY,33,33,0,45,45,0,-26.66667
17/03/2020 11:37,2019,2018,B,Other Reporting Airports,LEEDS BRADFORD,MANCHESTER,433,433,0,45,45,0,862.22222
17/03/2020 11:37,2019,2018,B,Other Reporting Airports,LEEDS BRADFORD,NEWCASTLE,555,555,0,10,10,0,5450
17/03/2020 11:37,2019,2018,B,Other Reporting Airports,LEEDS BRADFORD,NEWQUAY,17672,17672,0,23034,23034,0,-23.27863
17/03/2020 11:37,2019,2018,B,Other Reporting Airports,LEEDS BRADFORD,NORWICH,0,0,0,46,26,20,-100
17/03/2020 11:37,2019,2018,B,Other Reporting Airports,LEEDS BRADFORD,SOUTHAMPTON,26930,26930,0,34354,34331,23,-21.61029
17/03/2020 11:37,2019,2018,B,Other Reporting Airports,LEEDS BRADFORD,TEESSIDE INTERNATIONAL AIRPORT,0,0,0,35,35,0,-100
17/03/2020 11:37,2019,2018,B,Other Reporting Airports,LERWICK (TINGWALL),PAPA STOUR,35,35,0,30,30,0,16.66667
17/03/2020 11:37,2019,2018,B,Other Reporting Airports,LERWICK (TINGWALL),SUMBURGH,0,0,0,4,4,0,-100
17/03/2020 11:37,2019,2018,B,Other Reporting Airports,LIVERPOOL (JOHN LENNON),MANCHESTER,0,0,0,1,1,0,-100
17/03/2020 11:37,2019,2018,B,Other Reporting Airports,LIVERPOOL (JOHN LENNON),NEWCASTLE,500,0,500,218,0,218,129.3578
17/03/2020 11:37,2019,2018,B,Other Reporting Airports,LIVERPOOL (JOHN LENNON),NEWQUAY,2873,2873,0,1837,1837,0,56.3963
17/03/2020 11:37,2019,2018,B,Other Reporting Airports,LIVERPOOL (JOHN LENNON),NORWICH,126,0,126,71,0,71,77.46479
17/03/2020 11:37,2019,2018,B,Other Reporting Airports,LIVERPOOL (JOHN LENNON),OLD WARDEN,161,161,0,0,0,0,0
17/03/2020 11:37,2019,2018,B,Other Reporting Airports,LIVERPOOL (JOHN LENNON),SOUTHAMPTON,250,0,250,226,0,226,10.61947
17/03/2020 11:37,2019,2018,B,Other Reporting Airports,LOSSIEMOUTH,TEESSIDE INTERNATIONAL AIRPORT,21,0,21,0,0,0,0
17/03/2020 11:37,2019,2018,B,Other Reporting Airports,MANCHESTER,NEWCASTLE,767,466,301,37,37,0,1972.97297
17/03/2020 11:37,2019,2018,B,Other Reporting Airports,MANCHESTER,NEWQUAY,81762,81762,0,83413,83413,0,-1.97931
17/03/2020 11:37,2019,2018,B,Other Reporting Airports,MANCHESTER,NORWICH,19165,18978,187,19940,19940,0,-3.88666
17/03/2020 11:37,2019,2018,B,Other Reporting Airports,MANCHESTER,PRESTWICK,0,0,0,101,41,60,-100
17/03/2020 11:37,2019,2018,B,Other Reporting Airports,MANCHESTER,SOUTHAMPTON,198050,198000,50,220692,220599,93,-10.25955
17/03/2020 11:37,2019,2018,B,Other Reporting Airports,MANCHESTER,STORNOWAY,531,531,0,778,778,0,-31.74807
17/03/2020 11:37,2019,2018,B,Other Reporting Airports,MANCHESTER,SUMBURGH,1697,1697,0,802,802,0,111.59601
17/03/2020 11:37,2019,2018,B,Other Reporting Airports,NEWCASTLE,NEWQUAY,2000,1906,94,1976,1976,0,1.21457
17/03/2020 11:37,2019,2018,B,Other Reporting Airports,NEWCASTLE,OXFORD (KIDLINGTON),0,0,0,80,0,80,-100
17/03/2020 11:37,2019,2018,B,Other Reporting Airports,NEWCASTLE,SOUTHAMPTON,112956,112866,90,116613,116513,100,-3.13601
17/03/2020 11:37,2019,2018,B,Other Reporting Airports,NEWCASTLE,TEESSIDE INTERNATIONAL AIRPORT,0,0,0,2,2,0,-100
17/03/2020 11:37,2019,2018,B,Other Reporting Airports,NEWQUAY,SOUTHAMPTON,0,0,0,50,50,0,-100
17/03/2020 11:37,2019,2018,B,Other Reporting Airports,NORWICH,SOUTHAMPTON,34,0,34,0,0,0,0
17/03/2020 11:37,2019,2018,B,Other Reporting Airports,NORWICH,TEESSIDE INTERNATIONAL AIRPORT,0,0,0,72,0,72,-100
17/03/2020 11:37,2019,2018,B,Other Reporting Airports,NORWICH,WARTON,15,15,0,10,10,0,50
17/03/2020 11:37,2019,2018,B,Other Reporting Airports,OBAN (NORTH CONNEL),TIREE,257,257,0,469,469,0,-45.20256
17/03/2020 11:37,2019,2018,B,Other Reporting Airports,PRESTWICK,SOUTHAMPTON,53,0,53,0,0,0,0
17/03/2020 11:37,2019,2018,B,Other Reporting Airports,PRESTWICK,STORNOWAY,45,0,45,148,0,148,-69.59459
17/03/2020 11:37,2019,2018,B,Other Reporting Airports,PRESTWICK,SUMBURGH,0,0,0,43,0,43,-100
17/03/2020 11:37,2019,2018,B,Other Reporting Airports,PRESTWICK,TIREE,0,0,0,11,11,0,-100
17/03/2020 11:37,2019,2018,B,Other Reporting Airports,SOUTHAMPTON,TEESSIDE INTERNATIONAL AIRPORT,0,0,0,9,9,0,-100
17/03/2020 11:37,2019,2018,B,Other Reporting Airports,WHALSAY,WICK JOHN O GROATS,9,9,0,0,0,0,0

