rundate,this_period,last_period,grp_cd,grp_name,apt1_apt_name,apt2_apt_name,total_pax_tp,total_pax_shd_tp,total_pax_cht_tp,total_pax_lp,total_pax_shd_lp,total_pax_cht_lp,total_pax_pc
29/01/2018 16:44,2016,2015,A,London Area Airports,GATWICK,ABERDEEN,143651,143651,0,163184,163184,0,-11.96992
29/01/2018 16:44,2016,2015,A,London Area Airports,GATWICK,BELFAST CITY (GEORGE BEST),39662,39662,0,212897,212897,0,-81.37033
29/01/2018 16:44,2016,2015,A,London Area Airports,GATWICK,BELFAST INTERNATIONAL,858757,858744,13,470344,470344,0,82.58062
29/01/2018 16:44,2016,2015,A,London Area Airports,GATWICK,BIRMINGHAM,62,60,2,36,0,36,72.22222
29/01/2018 16:44,2016,2015,A,London Area Airports,GATWICK,BRISTOL,2,0,2,1,0,1,100
29/01/2018 16:44,2016,2015,A,London Area Airports,GATWICK,CARDIFF WALES,112,0,112,38,0,38,194.73684
29/01/2018 16:44,2016,2015,A,London Area Airports,GATWICK,DONCASTER SHEFFIELD,246,0,246,37,0,37,564.86486
29/01/2018 16:44,2016,2015,A,London Area Airports,GATWICK,DURHAM TEES VALLEY,124,0,124,74,0,74,67.56757
29/01/2018 16:44,2016,2015,A,London Area Airports,GATWICK,EAST MIDLANDS INTERNATIONAL,104,0,104,176,0,176,-40.90909
29/01/2018 16:44,2016,2015,A,London Area Airports,GATWICK,EDINBURGH,700064,699899,165,672948,672948,0,4.02943
29/01/2018 16:44,2016,2015,A,London Area Airports,GATWICK,EXETER,2,1,1,0,0,0,0
29/01/2018 16:44,2016,2015,A,London Area Airports,GATWICK,GLASGOW,608550,608381,169,612497,612329,168,-0.64441
29/01/2018 16:44,2016,2015,A,London Area Airports,GATWICK,GUERNSEY,311468,311468,0,317723,317723,0,-1.9687
29/01/2018 16:44,2016,2015,A,London Area Airports,GATWICK,HEATHROW,457,452,5,0,0,0,0
29/01/2018 16:44,2016,2015,A,London Area Airports,GATWICK,HUMBERSIDE,334,0,334,209,0,209,59.80861
29/01/2018 16:44,2016,2015,A,London Area Airports,GATWICK,INVERNESS,237927,237926,1,207074,207074,0,14.8995
29/01/2018 16:44,2016,2015,A,London Area Airports,GATWICK,ISLE OF MAN,155840,155840,0,144654,144654,0,7.73294
29/01/2018 16:44,2016,2015,A,London Area Airports,GATWICK,JERSEY,658968,658694,274,649377,649377,0,1.47695
29/01/2018 16:44,2016,2015,A,London Area Airports,GATWICK,LEEDS BRADFORD,213,138,75,141,0,141,51.06383
29/01/2018 16:44,2016,2015,A,London Area Airports,GATWICK,LIVERPOOL (JOHN LENNON),138,0,138,225,0,225,-38.66667
29/01/2018 16:44,2016,2015,A,London Area Airports,GATWICK,LONDON CITY,17,17,0,0,0,0,0
29/01/2018 16:44,2016,2015,A,London Area Airports,GATWICK,LUTON,2,0,2,0,0,0,0
29/01/2018 16:44,2016,2015,A,London Area Airports,GATWICK,MANCHESTER,478,249,229,650,0,650,-26.46154
29/01/2018 16:44,2016,2015,A,London Area Airports,GATWICK,NEWCASTLE,349,154,195,27699,27451,248,-98.74003
29/01/2018 16:44,2016,2015,A,London Area Airports,GATWICK,NEWQUAY,150137,150137,0,115899,115899,0,29.54124
29/01/2018 16:44,2016,2015,A,London Area Airports,GATWICK,NORWICH,38,0,38,0,0,0,0
29/01/2018 16:44,2016,2015,A,London Area Airports,GATWICK,SOUTHEND,1,0,1,0,0,0,0
29/01/2018 16:44,2016,2015,A,London Area Airports,GATWICK,STANSTED,2,0,2,0,0,0,0
29/01/2018 16:44,2016,2015,A,London Area Airports,GATWICK,WARTON,33,0,33,0,0,0,0
29/01/2018 16:44,2016,2015,A,London Area Airports,HEATHROW,ABERDEEN,592701,592701,0,726745,726745,0,-18.44443
29/01/2018 16:44,2016,2015,A,London Area Airports,HEATHROW,BELFAST CITY (GEORGE BEST),693937,693937,0,684255,684145,110,1.41497
29/01/2018 16:44,2016,2015,A,London Area Airports,HEATHROW,DURHAM TEES VALLEY,0,0,0,48,0,48,-100
29/01/2018 16:44,2016,2015,A,London Area Airports,HEATHROW,EDINBURGH,1053382,1053382,0,1383915,1383915,0,-23.88391
29/01/2018 16:44,2016,2015,A,London Area Airports,HEATHROW,GLASGOW,893846,893846,0,907873,907873,0,-1.54504
29/01/2018 16:44,2016,2015,A,London Area Airports,HEATHROW,HUMBERSIDE,0,0,0,24,0,24,-100
29/01/2018 16:44,2016,2015,A,London Area Airports,HEATHROW,INVERNESS,57879,57879,0,0,0,0,0
29/01/2018 16:44,2016,2015,A,London Area Airports,HEATHROW,LEEDS BRADFORD,160703,160703,0,148796,148796,0,8.00223
29/01/2018 16:44,2016,2015,A,London Area Airports,HEATHROW,LIVERPOOL (JOHN LENNON),0,0,0,155,0,155,-100
29/01/2018 16:44,2016,2015,A,London Area Airports,HEATHROW,MANCHESTER,692960,692923,37,776369,776334,35,-10.74347
29/01/2018 16:44,2016,2015,A,London Area Airports,HEATHROW,NEWCASTLE,499479,499479,0,513496,513321,175,-2.72972
29/01/2018 16:44,2016,2015,A,London Area Airports,LONDON CITY,ABERDEEN,64452,64452,0,63433,63433,0,1.60642
29/01/2018 16:44,2016,2015,A,London Area Airports,LONDON CITY,BELFAST CITY (GEORGE BEST),111944,111944,0,114940,114940,0,-2.60658
29/01/2018 16:44,2016,2015,A,London Area Airports,LONDON CITY,CARDIFF WALES,12425,12380,45,0,0,0,0
29/01/2018 16:44,2016,2015,A,London Area Airports,LONDON CITY,EDINBURGH,528029,527934,95,532857,532857,0,-0.90606
29/01/2018 16:44,2016,2015,A,London Area Airports,LONDON CITY,EXETER,38151,38151,0,49933,49933,0,-23.59562
29/01/2018 16:44,2016,2015,A,London Area Airports,LONDON CITY,GATWICK,48,48,0,0,0,0,0
29/01/2018 16:44,2016,2015,A,London Area Airports,LONDON CITY,GLASGOW,235075,235075,0,238413,238413,0,-1.40009
29/01/2018 16:44,2016,2015,A,London Area Airports,LONDON CITY,GUERNSEY,26442,26442,0,22338,22338,0,18.37228
29/01/2018 16:44,2016,2015,A,London Area Airports,LONDON CITY,INVERNESS,0,0,0,4866,4866,0,-100
29/01/2018 16:44,2016,2015,A,London Area Airports,LONDON CITY,ISLE OF MAN,74001,74001,0,58709,58709,0,26.04711
29/01/2018 16:44,2016,2015,A,London Area Airports,LONDON CITY,JERSEY,36987,36987,0,43344,43344,0,-14.66639
29/01/2018 16:44,2016,2015,A,London Area Airports,LONDON CITY,LIVERPOOL (JOHN LENNON),43,0,43,0,0,0,0
29/01/2018 16:44,2016,2015,A,London Area Airports,LONDON CITY,MANCHESTER,84,84,0,0,0,0,0
29/01/2018 16:44,2016,2015,A,London Area Airports,LONDON CITY,SOUTHEND,0,0,0,50,50,0,-100
29/01/2018 16:44,2016,2015,A,London Area Airports,LUTON,ABERDEEN,72149,72141,8,71242,71108,134,1.27313
29/01/2018 16:44,2016,2015,A,London Area Airports,LUTON,BELFAST CITY (GEORGE BEST),37,0,37,0,0,0,0
29/01/2018 16:44,2016,2015,A,London Area Airports,LUTON,BELFAST INTERNATIONAL,310431,310315,116,295292,294894,398,5.12679
29/01/2018 16:44,2016,2015,A,London Area Airports,LUTON,BIRMINGHAM,0,0,0,104,0,104,-100
29/01/2018 16:44,2016,2015,A,London Area Airports,LUTON,BOURNEMOUTH,64,0,64,0,0,0,0
29/01/2018 16:44,2016,2015,A,London Area Airports,LUTON,BRISTOL,0,0,0,4,0,4,-100
29/01/2018 16:44,2016,2015,A,London Area Airports,LUTON,CARDIFF WALES,74,0,74,68,0,68,8.82353
29/01/2018 16:44,2016,2015,A,London Area Airports,LUTON,CITY OF DERRY (EGLINTON),0,0,0,31,0,31,-100
29/01/2018 16:44,2016,2015,A,London Area Airports,LUTON,DONCASTER SHEFFIELD,0,0,0,56,0,56,-100
29/01/2018 16:44,2016,2015,A,London Area Airports,LUTON,DUNDEE,56,29,27,73,0,73,-23.28767
29/01/2018 16:44,2016,2015,A,London Area Airports,LUTON,DURHAM TEES VALLEY,103,0,103,407,0,407,-74.69287
29/01/2018 16:44,2016,2015,A,London Area Airports,LUTON,EAST MIDLANDS INTERNATIONAL,148,148,0,0,0,0,0
29/01/2018 16:44,2016,2015,A,London Area Airports,LUTON,EDINBURGH,272503,272446,57,266562,266460,102,2.22875
29/01/2018 16:44,2016,2015,A,London Area Airports,LUTON,GLASGOW,214693,214631,62,215052,215010,42,-0.16694
29/01/2018 16:44,2016,2015,A,London Area Airports,LUTON,HUMBERSIDE,177,0,177,63,0,63,180.95238
29/01/2018 16:44,2016,2015,A,London Area Airports,LUTON,INVERNESS,133945,133876,69,93517,93361,156,43.23064
29/01/2018 16:44,2016,2015,A,London Area Airports,LUTON,ISLE OF MAN,13,0,13,0,0,0,0
29/01/2018 16:44,2016,2015,A,London Area Airports,LUTON,JERSEY,36398,36398,0,80,0,80,45397.5
29/01/2018 16:44,2016,2015,A,London Area Airports,LUTON,LEEDS BRADFORD,21,0,21,156,0,156,-86.53846
29/01/2018 16:44,2016,2015,A,London Area Airports,LUTON,LIVERPOOL (JOHN LENNON),400,0,400,438,0,438,-8.6758
29/01/2018 16:44,2016,2015,A,London Area Airports,LUTON,MANCHESTER,588,0,588,696,0,696,-15.51724
29/01/2018 16:44,2016,2015,A,London Area Airports,LUTON,NEWCASTLE,379,0,379,674,0,674,-43.76855
29/01/2018 16:44,2016,2015,A,London Area Airports,LUTON,NEWQUAY,0,0,0,31,0,31,-100
29/01/2018 16:44,2016,2015,A,London Area Airports,LUTON,NORTHOLT,5,0,5,0,0,0,0
29/01/2018 16:44,2016,2015,A,London Area Airports,LUTON,NORWICH,6,0,6,61,0,61,-90.16393
29/01/2018 16:44,2016,2015,A,London Area Airports,LUTON,PRESTWICK,0,0,0,10,0,10,-100
29/01/2018 16:44,2016,2015,A,London Area Airports,LUTON,STANSTED,213,213,0,0,0,0,0
29/01/2018 16:44,2016,2015,A,London Area Airports,LUTON,WICK JOHN O GROATS,100,0,100,0,0,0,0
29/01/2018 16:44,2016,2015,A,London Area Airports,SOUTHEND,ABERDEEN,245,245,0,55,55,0,345.45455
29/01/2018 16:44,2016,2015,A,London Area Airports,SOUTHEND,BELFAST CITY (GEORGE BEST),315,315,0,0,0,0,0
29/01/2018 16:44,2016,2015,A,London Area Airports,SOUTHEND,BELFAST INTERNATIONAL,154,154,0,0,0,0,0
29/01/2018 16:44,2016,2015,A,London Area Airports,SOUTHEND,CARDIFF WALES,42,42,0,0,0,0,0
29/01/2018 16:44,2016,2015,A,London Area Airports,SOUTHEND,DUNDEE,22,22,0,0,0,0,0
29/01/2018 16:44,2016,2015,A,London Area Airports,SOUTHEND,EDINBURGH,424,424,0,0,0,0,0
29/01/2018 16:44,2016,2015,A,London Area Airports,SOUTHEND,EXETER,213,213,0,0,0,0,0
29/01/2018 16:44,2016,2015,A,London Area Airports,SOUTHEND,GLASGOW,100,100,0,0,0,0,0
29/01/2018 16:44,2016,2015,A,London Area Airports,SOUTHEND,GUERNSEY,193,193,0,0,0,0,0
29/01/2018 16:44,2016,2015,A,London Area Airports,SOUTHEND,ISLE OF MAN,133,133,0,0,0,0,0
29/01/2018 16:44,2016,2015,A,London Area Airports,SOUTHEND,JERSEY,23761,23761,0,21669,21669,0,9.65434
29/01/2018 16:44,2016,2015,A,London Area Airports,SOUTHEND,KIRKWALL,118,0,118,0,0,0,0
29/01/2018 16:44,2016,2015,A,London Area Airports,SOUTHEND,LONDON CITY,154,154,0,0,0,0,0
29/01/2018 16:44,2016,2015,A,London Area Airports,SOUTHEND,MANCHESTER,0,0,0,287,0,287,-100
29/01/2018 16:44,2016,2015,A,London Area Airports,SOUTHEND,NEWCASTLE,85,85,0,0,0,0,0
29/01/2018 16:44,2016,2015,A,London Area Airports,STANSTED,ABERDEEN,27,27,0,0,0,0,0
29/01/2018 16:44,2016,2015,A,London Area Airports,STANSTED,BELFAST INTERNATIONAL,363943,363943,0,323659,323659,0,12.44643
29/01/2018 16:44,2016,2015,A,London Area Airports,STANSTED,BIRMINGHAM,0,0,0,36,0,36,-100
29/01/2018 16:44,2016,2015,A,London Area Airports,STANSTED,BOURNEMOUTH,0,0,0,177,0,177,-100
29/01/2018 16:44,2016,2015,A,London Area Airports,STANSTED,CARDIFF WALES,0,0,0,115,0,115,-100
29/01/2018 16:44,2016,2015,A,London Area Airports,STANSTED,CITY OF DERRY (EGLINTON),116748,116748,0,126306,126306,0,-7.56734
29/01/2018 16:44,2016,2015,A,London Area Airports,STANSTED,DUNDEE,20852,20852,0,20377,20377,0,2.33106
29/01/2018 16:44,2016,2015,A,London Area Airports,STANSTED,EDINBURGH,836860,836696,164,622172,621689,483,34.50621
29/01/2018 16:44,2016,2015,A,London Area Airports,STANSTED,GATWICK,100,100,0,0,0,0,0
29/01/2018 16:44,2016,2015,A,London Area Airports,STANSTED,GLASGOW,652434,652434,0,533327,533327,0,22.33283
29/01/2018 16:44,2016,2015,A,London Area Airports,STANSTED,GUERNSEY,26778,26778,0,26901,26901,0,-0.45723
29/01/2018 16:44,2016,2015,A,London Area Airports,STANSTED,INVERNESS,56,0,56,0,0,0,0
29/01/2018 16:44,2016,2015,A,London Area Airports,STANSTED,ISLE OF MAN,8968,8968,0,45973,45973,0,-80.4929
29/01/2018 16:44,2016,2015,A,London Area Airports,STANSTED,LEEDS BRADFORD,0,0,0,41,0,41,-100
29/01/2018 16:44,2016,2015,A,London Area Airports,STANSTED,LIVERPOOL (JOHN LENNON),182,182,0,38,0,38,378.94737
29/01/2018 16:44,2016,2015,A,London Area Airports,STANSTED,LONDON CITY,65,65,0,0,0,0,0
29/01/2018 16:44,2016,2015,A,London Area Airports,STANSTED,LUTON,0,0,0,12,12,0,-100
29/01/2018 16:44,2016,2015,A,London Area Airports,STANSTED,MANCHESTER,18,0,18,0,0,0,0
29/01/2018 16:44,2016,2015,A,London Area Airports,STANSTED,NEWCASTLE,1790,1790,0,31392,30872,520,-94.29791
29/01/2018 16:44,2016,2015,A,London Area Airports,STANSTED,NEWQUAY,21364,21364,0,14438,14438,0,47.97063
29/01/2018 16:44,2016,2015,B,Other Reporting Airports,ABERDEEN,BELFAST CITY (GEORGE BEST),43082,43082,0,40026,40026,0,7.63504
29/01/2018 16:44,2016,2015,B,Other Reporting Airports,ABERDEEN,BELFAST INTERNATIONAL,207,0,207,0,0,0,0
29/01/2018 16:44,2016,2015,B,Other Reporting Airports,ABERDEEN,BIRMINGHAM,129606,129535,71,115812,115812,0,11.91068
29/01/2018 16:44,2016,2015,B,Other Reporting Airports,ABERDEEN,BOURNEMOUTH,92,0,92,0,0,0,0
29/01/2018 16:44,2016,2015,B,Other Reporting Airports,ABERDEEN,BRISTOL,21589,21589,0,26447,26447,0,-18.36881
29/01/2018 16:44,2016,2015,B,Other Reporting Airports,ABERDEEN,CARDIFF WALES,5601,5601,0,10578,10578,0,-47.05048
29/01/2018 16:44,2016,2015,B,Other Reporting Airports,ABERDEEN,DONCASTER SHEFFIELD,0,0,0,98,0,98,-100
29/01/2018 16:44,2016,2015,B,Other Reporting Airports,ABERDEEN,DUNDEE,17,0,17,0,0,0,0
29/01/2018 16:44,2016,2015,B,Other Reporting Airports,ABERDEEN,DURHAM TEES VALLEY,13225,13159,66,28224,28224,0,-53.14272
29/01/2018 16:44,2016,2015,B,Other Reporting Airports,ABERDEEN,EAST MIDLANDS INTERNATIONAL,5370,5370,0,15480,15480,0,-65.31008
29/01/2018 16:44,2016,2015,B,Other Reporting Airports,ABERDEEN,EDINBURGH,30,30,0,146,0,146,-79.45205
29/01/2018 16:44,2016,2015,B,Other Reporting Airports,ABERDEEN,FARNBOROUGH,0,0,0,3,0,3,-100
29/01/2018 16:44,2016,2015,B,Other Reporting Airports,ABERDEEN,GATWICK,145110,145110,0,164260,164260,0,-11.65835
29/01/2018 16:44,2016,2015,B,Other Reporting Airports,ABERDEEN,GLASGOW,67,67,0,0,0,0,0
29/01/2018 16:44,2016,2015,B,Other Reporting Airports,ABERDEEN,HEATHROW,593576,593576,0,726268,726268,0,-18.27039
29/01/2018 16:44,2016,2015,B,Other Reporting Airports,ABERDEEN,HUMBERSIDE,18197,17963,234,30097,30097,0,-39.53882
29/01/2018 16:44,2016,2015,B,Other Reporting Airports,ABERDEEN,JERSEY,2433,2433,0,17896,17896,0,-86.40478
29/01/2018 16:44,2016,2015,B,Other Reporting Airports,ABERDEEN,KIRKWALL,35746,35437,309,48233,48189,44,-25.88891
29/01/2018 16:44,2016,2015,B,Other Reporting Airports,ABERDEEN,LEEDS BRADFORD,3627,3627,0,9226,9226,0,-60.68719
29/01/2018 16:44,2016,2015,B,Other Reporting Airports,ABERDEEN,LONDON CITY,65104,65104,0,64087,64087,0,1.58691
29/01/2018 16:44,2016,2015,B,Other Reporting Airports,ABERDEEN,LUTON,72050,72050,0,71230,71096,134,1.1512
29/01/2018 16:44,2016,2015,B,Other Reporting Airports,ABERDEEN,MANCHESTER,202391,201704,687,202623,201205,1418,-0.1145
29/01/2018 16:44,2016,2015,B,Other Reporting Airports,ABERDEEN,NEWCASTLE,8925,8925,0,20788,20726,62,-57.06658
29/01/2018 16:44,2016,2015,B,Other Reporting Airports,ABERDEEN,NEWQUAY,1552,1552,0,0,0,0,0
29/01/2018 16:44,2016,2015,B,Other Reporting Airports,ABERDEEN,NORWICH,42389,40672,1717,50584,50584,0,-16.20077
29/01/2018 16:44,2016,2015,B,Other Reporting Airports,ABERDEEN,SCATSTA,75080,1385,73695,142655,6668,135987,-47.36953
29/01/2018 16:44,2016,2015,B,Other Reporting Airports,ABERDEEN,SOUTHAMPTON,6709,6590,119,13884,13884,0,-51.67819
29/01/2018 16:44,2016,2015,B,Other Reporting Airports,ABERDEEN,SOUTHEND,74,74,0,0,0,0,0
29/01/2018 16:44,2016,2015,B,Other Reporting Airports,ABERDEEN,STANSTED,27,27,0,0,0,0,0
29/01/2018 16:44,2016,2015,B,Other Reporting Airports,ABERDEEN,STORNOWAY,3593,3561,32,5467,5467,0,-34.2784
29/01/2018 16:44,2016,2015,B,Other Reporting Airports,ABERDEEN,SUMBURGH,107401,95486,11915,143693,76360,67333,-25.25662
29/01/2018 16:44,2016,2015,B,Other Reporting Airports,ABERDEEN,WICK JOHN O GROATS,5703,5543,160,12774,11462,1312,-55.35463
29/01/2018 16:44,2016,2015,B,Other Reporting Airports,ALDERNEY,GUERNSEY,34355,34355,0,35778,35778,0,-3.9773
29/01/2018 16:44,2016,2015,B,Other Reporting Airports,ALDERNEY,SOUTHAMPTON,23240,23240,0,24000,24000,0,-3.16667
29/01/2018 16:44,2016,2015,B,Other Reporting Airports,BARRA,BENBECULA,12,12,0,0,0,0,0
29/01/2018 16:44,2016,2015,B,Other Reporting Airports,BARRA,GLASGOW,12793,12793,0,10683,10683,0,19.75101
29/01/2018 16:44,2016,2015,B,Other Reporting Airports,BARRA,TIREE,3,3,0,0,0,0,0
29/01/2018 16:44,2016,2015,B,Other Reporting Airports,BELFAST CITY (GEORGE BEST),ABERDEEN,42477,42477,0,39383,39383,0,7.85618
29/01/2018 16:44,2016,2015,B,Other Reporting Airports,BELFAST CITY (GEORGE BEST),BIRMINGHAM,256598,256598,0,256023,255751,272,0.22459
29/01/2018 16:44,2016,2015,B,Other Reporting Airports,BELFAST CITY (GEORGE BEST),BLACKPOOL,0,0,0,5398,5398,0,-100
29/01/2018 16:44,2016,2015,B,Other Reporting Airports,BELFAST CITY (GEORGE BEST),CARDIFF WALES,43676,43676,0,41862,41862,0,4.33329
29/01/2018 16:44,2016,2015,B,Other Reporting Airports,BELFAST CITY (GEORGE BEST),DONCASTER SHEFFIELD,0,0,0,81,81,0,-100
29/01/2018 16:44,2016,2015,B,Other Reporting Airports,BELFAST CITY (GEORGE BEST),EAST MIDLANDS INTERNATIONAL,144312,144312,0,148170,148170,0,-2.60377
29/01/2018 16:44,2016,2015,B,Other Reporting Airports,BELFAST CITY (GEORGE BEST),EDINBURGH,165550,165550,0,137972,137938,34,19.98811
29/01/2018 16:44,2016,2015,B,Other Reporting Airports,BELFAST CITY (GEORGE BEST),EXETER,32531,32531,0,34671,34671,0,-6.17231
29/01/2018 16:44,2016,2015,B,Other Reporting Airports,BELFAST CITY (GEORGE BEST),GATWICK,39626,39626,0,212427,212287,140,-81.34606
29/01/2018 16:44,2016,2015,B,Other Reporting Airports,BELFAST CITY (GEORGE BEST),GLASGOW,169839,169793,46,155157,155132,25,9.46267
29/01/2018 16:44,2016,2015,B,Other Reporting Airports,BELFAST CITY (GEORGE BEST),GLOUCESTERSHIRE,8,8,0,0,0,0,0
29/01/2018 16:44,2016,2015,B,Other Reporting Airports,BELFAST CITY (GEORGE BEST),HEATHROW,689428,689067,361,679478,679367,111,1.46436
29/01/2018 16:44,2016,2015,B,Other Reporting Airports,BELFAST CITY (GEORGE BEST),INVERNESS,30286,30286,0,29193,29193,0,3.74405
29/01/2018 16:44,2016,2015,B,Other Reporting Airports,BELFAST CITY (GEORGE BEST),ISLE OF MAN,23424,23424,0,20029,20029,0,16.95042
29/01/2018 16:44,2016,2015,B,Other Reporting Airports,BELFAST CITY (GEORGE BEST),LEEDS BRADFORD,159107,159107,0,150842,150842,0,5.47924
29/01/2018 16:44,2016,2015,B,Other Reporting Airports,BELFAST CITY (GEORGE BEST),LIVERPOOL (JOHN LENNON),97866,97866,0,86051,86051,0,13.73023
29/01/2018 16:44,2016,2015,B,Other Reporting Airports,BELFAST CITY (GEORGE BEST),LONDON CITY,112066,112066,0,114891,114891,0,-2.45885
29/01/2018 16:44,2016,2015,B,Other Reporting Airports,BELFAST CITY (GEORGE BEST),MANCHESTER,266431,266316,115,276512,276512,0,-3.64577
29/01/2018 16:44,2016,2015,B,Other Reporting Airports,BELFAST CITY (GEORGE BEST),NEWCASTLE,9911,9911,0,24335,24335,0,-59.27265
29/01/2018 16:44,2016,2015,B,Other Reporting Airports,BELFAST CITY (GEORGE BEST),NEWQUAY,1679,1679,0,1605,1605,0,4.61059
29/01/2018 16:44,2016,2015,B,Other Reporting Airports,BELFAST CITY (GEORGE BEST),SOUTHAMPTON,117277,117277,0,108528,108528,0,8.06151
29/01/2018 16:44,2016,2015,B,Other Reporting Airports,BELFAST INTERNATIONAL,BELFAST CITY (GEORGE BEST),72,11,61,0,0,0,0
29/01/2018 16:44,2016,2015,B,Other Reporting Airports,BELFAST INTERNATIONAL,BIRMINGHAM,227526,227526,0,196202,196084,118,15.96518
29/01/2018 16:44,2016,2015,B,Other Reporting Airports,BELFAST INTERNATIONAL,BOURNEMOUTH,0,0,0,352,0,352,-100
29/01/2018 16:44,2016,2015,B,Other Reporting Airports,BELFAST INTERNATIONAL,BRISTOL,249481,249481,0,246504,246406,98,1.20769
29/01/2018 16:44,2016,2015,B,Other Reporting Airports,BELFAST INTERNATIONAL,CARDIFF WALES,171,0,171,317,90,227,-46.05678
29/01/2018 16:44,2016,2015,B,Other Reporting Airports,BELFAST INTERNATIONAL,EAST MIDLANDS INTERNATIONAL,0,0,0,47,0,47,-100
29/01/2018 16:44,2016,2015,B,Other Reporting Airports,BELFAST INTERNATIONAL,EDINBURGH,274292,274292,0,262773,262684,89,4.38363
29/01/2018 16:44,2016,2015,B,Other Reporting Airports,BELFAST INTERNATIONAL,EXETER,0,0,0,192,0,192,-100
29/01/2018 16:44,2016,2015,B,Other Reporting Airports,BELFAST INTERNATIONAL,FARNBOROUGH,0,0,0,97,0,97,-100
29/01/2018 16:44,2016,2015,B,Other Reporting Airports,BELFAST INTERNATIONAL,GATWICK,862688,862688,0,474681,474681,0,81.74058
29/01/2018 16:44,2016,2015,B,Other Reporting Airports,BELFAST INTERNATIONAL,GLASGOW,282375,282291,84,266275,265368,907,6.04638
29/01/2018 16:44,2016,2015,B,Other Reporting Airports,BELFAST INTERNATIONAL,JERSEY,19930,19930,0,10355,10355,0,92.46741
29/01/2018 16:44,2016,2015,B,Other Reporting Airports,BELFAST INTERNATIONAL,LIVERPOOL (JOHN LENNON),465543,465543,0,426106,426106,0,9.25521
29/01/2018 16:44,2016,2015,B,Other Reporting Airports,BELFAST INTERNATIONAL,LONDON CITY,43,0,43,137,52,85,-68.61314
29/01/2018 16:44,2016,2015,B,Other Reporting Airports,BELFAST INTERNATIONAL,LUTON,312064,311899,165,298198,297677,521,4.64993
29/01/2018 16:44,2016,2015,B,Other Reporting Airports,BELFAST INTERNATIONAL,MANCHESTER,253217,253171,46,224497,224356,141,12.79304
29/01/2018 16:44,2016,2015,B,Other Reporting Airports,BELFAST INTERNATIONAL,NEWCASTLE,250418,250418,0,219499,219499,0,14.08617
29/01/2018 16:44,2016,2015,B,Other Reporting Airports,BELFAST INTERNATIONAL,PERTH (UK),3,0,3,0,0,0,0
29/01/2018 16:44,2016,2015,B,Other Reporting Airports,BELFAST INTERNATIONAL,SOUTHAMPTON,0,0,0,190,0,190,-100
29/01/2018 16:44,2016,2015,B,Other Reporting Airports,BELFAST INTERNATIONAL,SOUTHEND,0,0,0,94,0,94,-100
29/01/2018 16:44,2016,2015,B,Other Reporting Airports,BELFAST INTERNATIONAL,STANSTED,364910,364770,140,323641,323535,106,12.75147
29/01/2018 16:44,2016,2015,B,Other Reporting Airports,BENBECULA,BARRA,12,12,0,0,0,0,0
29/01/2018 16:44,2016,2015,B,Other Reporting Airports,BENBECULA,EDINBURGH,22,22,0,0,0,0,0
29/01/2018 16:44,2016,2015,B,Other Reporting Airports,BENBECULA,GLASGOW,24199,24199,0,23548,23548,0,2.76457
29/01/2018 16:44,2016,2015,B,Other Reporting Airports,BENBECULA,INVERNESS,3,3,0,2051,2051,0,-99.85373
29/01/2018 16:44,2016,2015,B,Other Reporting Airports,BENBECULA,STORNOWAY,8203,8203,0,6488,6488,0,26.43342
29/01/2018 16:44,2016,2015,B,Other Reporting Airports,BIGGIN HILL,BIRMINGHAM,0,0,0,73,0,73,-100
29/01/2018 16:44,2016,2015,B,Other Reporting Airports,BIGGIN HILL,CITY OF DERRY (EGLINTON),0,0,0,35,0,35,-100
29/01/2018 16:44,2016,2015,B,Other Reporting Airports,BIGGIN HILL,EDINBURGH,0,0,0,31,0,31,-100
29/01/2018 16:44,2016,2015,B,Other Reporting Airports,BIGGIN HILL,EXETER,0,0,0,116,0,116,-100
29/01/2018 16:44,2016,2015,B,Other Reporting Airports,BIGGIN HILL,INVERNESS,0,0,0,27,0,27,-100
29/01/2018 16:44,2016,2015,B,Other Reporting Airports,BIGGIN HILL,LIVERPOOL (JOHN LENNON),0,0,0,80,0,80,-100
29/01/2018 16:44,2016,2015,B,Other Reporting Airports,BIRMINGHAM,ABERDEEN,128700,128700,0,115326,115326,0,11.59669
29/01/2018 16:44,2016,2015,B,Other Reporting Airports,BIRMINGHAM,BELFAST CITY (GEORGE BEST),256228,256228,0,255798,255526,272,0.1681
29/01/2018 16:44,2016,2015,B,Other Reporting Airports,BIRMINGHAM,BELFAST INTERNATIONAL,225893,225893,0,194633,194517,116,16.061
29/01/2018 16:44,2016,2015,B,Other Reporting Airports,BIRMINGHAM,BOURNEMOUTH,65,0,65,0,0,0,0
29/01/2018 16:44,2016,2015,B,Other Reporting Airports,BIRMINGHAM,DONCASTER SHEFFIELD,48,48,0,0,0,0,0
29/01/2018 16:44,2016,2015,B,Other Reporting Airports,BIRMINGHAM,EDINBURGH,267279,267198,81,277911,277644,267,-3.82569
29/01/2018 16:44,2016,2015,B,Other Reporting Airports,BIRMINGHAM,EXETER,45,45,0,14,0,14,221.42857
29/01/2018 16:44,2016,2015,B,Other Reporting Airports,BIRMINGHAM,GATWICK,56,56,0,147,0,147,-61.90476
29/01/2018 16:44,2016,2015,B,Other Reporting Airports,BIRMINGHAM,GLASGOW,226731,226469,262,226704,226119,585,0.01191
29/01/2018 16:44,2016,2015,B,Other Reporting Airports,BIRMINGHAM,GUERNSEY,32746,32746,0,33746,33592,154,-2.96331
29/01/2018 16:44,2016,2015,B,Other Reporting Airports,BIRMINGHAM,INVERNESS,42480,42386,94,41359,41359,0,2.71041
29/01/2018 16:44,2016,2015,B,Other Reporting Airports,BIRMINGHAM,ISLE OF MAN,38454,38357,97,42606,42521,85,-9.74511
29/01/2018 16:44,2016,2015,B,Other Reporting Airports,BIRMINGHAM,JERSEY,59832,59832,0,58735,58735,0,1.86771
29/01/2018 16:44,2016,2015,B,Other Reporting Airports,BIRMINGHAM,LEEDS BRADFORD,39,39,0,27,0,27,44.44444
29/01/2018 16:44,2016,2015,B,Other Reporting Airports,BIRMINGHAM,LIVERPOOL (JOHN LENNON),71,71,0,0,0,0,0
29/01/2018 16:44,2016,2015,B,Other Reporting Airports,BIRMINGHAM,LONDON CITY,0,0,0,59,59,0,-100
29/01/2018 16:44,2016,2015,B,Other Reporting Airports,BIRMINGHAM,LUTON,0,0,0,104,0,104,-100
29/01/2018 16:44,2016,2015,B,Other Reporting Airports,BIRMINGHAM,MANCHESTER,762,762,0,0,0,0,0
29/01/2018 16:44,2016,2015,B,Other Reporting Airports,BIRMINGHAM,NEWCASTLE,3612,3495,117,8490,8356,134,-57.45583
29/01/2018 16:44,2016,2015,B,Other Reporting Airports,BIRMINGHAM,NEWQUAY,23955,23920,35,23659,23659,0,1.25111
29/01/2018 16:44,2016,2015,B,Other Reporting Airports,BIRMINGHAM,SOUTHAMPTON,186,141,45,0,0,0,0
29/01/2018 16:44,2016,2015,B,Other Reporting Airports,BIRMINGHAM,STANSTED,67,67,0,490,0,490,-86.32653
29/01/2018 16:44,2016,2015,B,Other Reporting Airports,BLACKPOOL,CARDIFF WALES,3,3,0,0,0,0,0
29/01/2018 16:44,2016,2015,B,Other Reporting Airports,BLACKPOOL,GLOUCESTERSHIRE,13,13,0,0,0,0,0
29/01/2018 16:44,2016,2015,B,Other Reporting Airports,BLACKPOOL,ISLE OF MAN,15750,15750,0,10339,10339,0,52.33582
29/01/2018 16:44,2016,2015,B,Other Reporting Airports,BOURNEMOUTH,ABERDEEN,127,35,92,0,0,0,0
29/01/2018 16:44,2016,2015,B,Other Reporting Airports,BOURNEMOUTH,BELFAST CITY (GEORGE BEST),32,32,0,0,0,0,0
29/01/2018 16:44,2016,2015,B,Other Reporting Airports,BOURNEMOUTH,BELFAST INTERNATIONAL,0,0,0,314,0,314,-100
29/01/2018 16:44,2016,2015,B,Other Reporting Airports,BOURNEMOUTH,BIRMINGHAM,178,0,178,67,0,67,165.67164
29/01/2018 16:44,2016,2015,B,Other Reporting Airports,BOURNEMOUTH,CARDIFF WALES,68,0,68,60,0,60,13.33333
29/01/2018 16:44,2016,2015,B,Other Reporting Airports,BOURNEMOUTH,DURHAM TEES VALLEY,80,0,80,76,0,76,5.26316
29/01/2018 16:44,2016,2015,B,Other Reporting Airports,BOURNEMOUTH,EAST MIDLANDS INTERNATIONAL,0,0,0,34,0,34,-100
29/01/2018 16:44,2016,2015,B,Other Reporting Airports,BOURNEMOUTH,EDINBURGH,143,143,0,340,0,340,-57.94118
29/01/2018 16:44,2016,2015,B,Other Reporting Airports,BOURNEMOUTH,GLASGOW,387,387,0,33399,33399,0,-98.84128
29/01/2018 16:44,2016,2015,B,Other Reporting Airports,BOURNEMOUTH,GUERNSEY,204,204,0,137,52,85,48.90511
29/01/2018 16:44,2016,2015,B,Other Reporting Airports,BOURNEMOUTH,HUMBERSIDE,69,0,69,0,0,0,0
29/01/2018 16:44,2016,2015,B,Other Reporting Airports,BOURNEMOUTH,JERSEY,409,375,34,18012,18012,0,-97.72929
29/01/2018 16:44,2016,2015,B,Other Reporting Airports,BOURNEMOUTH,LIVERPOOL (JOHN LENNON),364,0,364,272,0,272,33.82353
29/01/2018 16:44,2016,2015,B,Other Reporting Airports,BOURNEMOUTH,LUTON,66,0,66,0,0,0,0
29/01/2018 16:44,2016,2015,B,Other Reporting Airports,BOURNEMOUTH,MANCHESTER,4135,3254,881,29766,29360,406,-86.10831
29/01/2018 16:44,2016,2015,B,Other Reporting Airports,BOURNEMOUTH,NEWCASTLE,327,71,256,168,0,168,94.64286
29/01/2018 16:44,2016,2015,B,Other Reporting Airports,BOURNEMOUTH,NORWICH,70,0,70,128,0,128,-45.3125
29/01/2018 16:44,2016,2015,B,Other Reporting Airports,BOURNEMOUTH,STANSTED,83,0,83,242,0,242,-65.70248
29/01/2018 16:44,2016,2015,B,Other Reporting Airports,BRISTOL,ABERDEEN,21765,21765,0,26394,26394,0,-17.53808
29/01/2018 16:44,2016,2015,B,Other Reporting Airports,BRISTOL,BELFAST INTERNATIONAL,249490,249490,0,246357,246259,98,1.27173
29/01/2018 16:44,2016,2015,B,Other Reporting Airports,BRISTOL,BIRMINGHAM,177,177,0,0,0,0,0
29/01/2018 16:44,2016,2015,B,Other Reporting Airports,BRISTOL,CARDIFF WALES,1188,1188,0,0,0,0,0
29/01/2018 16:44,2016,2015,B,Other Reporting Airports,BRISTOL,EAST MIDLANDS INTERNATIONAL,8,2,6,0,0,0,0
29/01/2018 16:44,2016,2015,B,Other Reporting Airports,BRISTOL,EDINBURGH,381945,381945,0,351954,351747,207,8.52128
29/01/2018 16:44,2016,2015,B,Other Reporting Airports,BRISTOL,GATWICK,12,12,0,77,0,77,-84.41558
29/01/2018 16:44,2016,2015,B,Other Reporting Airports,BRISTOL,GLASGOW,297295,297295,0,267162,267162,0,11.27892
29/01/2018 16:44,2016,2015,B,Other Reporting Airports,BRISTOL,GUERNSEY,26677,26677,0,24248,24248,0,10.01732
29/01/2018 16:44,2016,2015,B,Other Reporting Airports,BRISTOL,HAWARDEN,2340,14,2326,4735,0,4735,-50.58078
29/01/2018 16:44,2016,2015,B,Other Reporting Airports,BRISTOL,HUMBERSIDE,0,0,0,62,0,62,-100
29/01/2018 16:44,2016,2015,B,Other Reporting Airports,BRISTOL,INVERNESS,87714,87714,0,82446,82446,0,6.38964
29/01/2018 16:44,2016,2015,B,Other Reporting Airports,BRISTOL,ISLE OF MAN,24663,24663,0,23512,23512,0,4.89537
29/01/2018 16:44,2016,2015,B,Other Reporting Airports,BRISTOL,JERSEY,30380,30380,0,33369,33369,0,-8.95742
29/01/2018 16:44,2016,2015,B,Other Reporting Airports,BRISTOL,LIVERPOOL (JOHN LENNON),305,305,0,6,0,6,4983.33333
29/01/2018 16:44,2016,2015,B,Other Reporting Airports,BRISTOL,MANCHESTER,346,340,6,0,0,0,0
29/01/2018 16:44,2016,2015,B,Other Reporting Airports,BRISTOL,NEWCASTLE,164595,164515,80,169231,169145,86,-2.73945
29/01/2018 16:44,2016,2015,B,Other Reporting Airports,BRISTOL,NORWICH,218,190,28,0,0,0,0
29/01/2018 16:44,2016,2015,B,Other Reporting Airports,BRISTOL,SOUTHAMPTON,29,0,29,0,0,0,0
29/01/2018 16:44,2016,2015,B,Other Reporting Airports,BRISTOL,SOUTHEND,4,4,0,0,0,0,0
29/01/2018 16:44,2016,2015,B,Other Reporting Airports,BRISTOL,STANSTED,19,0,19,29,0,29,-34.48276
29/01/2018 16:44,2016,2015,B,Other Reporting Airports,CAMBRIDGE,JERSEY,0,0,0,1741,0,1741,-100
29/01/2018 16:44,2016,2015,B,Other Reporting Airports,CAMPBELTOWN,GLASGOW,8406,8406,0,8234,8234,0,2.0889
29/01/2018 16:44,2016,2015,B,Other Reporting Airports,CAMPBELTOWN,ISLAY,37,37,0,18,18,0,105.55556
29/01/2018 16:44,2016,2015,B,Other Reporting Airports,CAMPBELTOWN,TIREE,29,29,0,0,0,0,0
29/01/2018 16:44,2016,2015,B,Other Reporting Airports,CARDIFF WALES,ABERDEEN,705,705,0,2514,2514,0,-71.95704
29/01/2018 16:44,2016,2015,B,Other Reporting Airports,CARDIFF WALES,ANGLESEY (VALLEY),9187,9187,0,10860,10860,0,-15.40516
29/01/2018 16:44,2016,2015,B,Other Reporting Airports,CARDIFF WALES,BELFAST CITY (GEORGE BEST),44154,44154,0,41992,41992,0,5.1486
29/01/2018 16:44,2016,2015,B,Other Reporting Airports,CARDIFF WALES,BELFAST INTERNATIONAL,790,486,304,224,0,224,252.67857
29/01/2018 16:44,2016,2015,B,Other Reporting Airports,CARDIFF WALES,BOURNEMOUTH,68,0,68,64,0,64,6.25
29/01/2018 16:44,2016,2015,B,Other Reporting Airports,CARDIFF WALES,DONCASTER SHEFFIELD,137,19,118,0,0,0,0
29/01/2018 16:44,2016,2015,B,Other Reporting Airports,CARDIFF WALES,DURHAM TEES VALLEY,38,0,38,122,0,122,-68.85246
29/01/2018 16:44,2016,2015,B,Other Reporting Airports,CARDIFF WALES,EAST MIDLANDS INTERNATIONAL,166,0,166,95,0,95,74.73684
29/01/2018 16:44,2016,2015,B,Other Reporting Airports,CARDIFF WALES,EDINBURGH,94288,94232,56,69229,68528,701,36.19726
29/01/2018 16:44,2016,2015,B,Other Reporting Airports,CARDIFF WALES,FARNBOROUGH,63,0,63,3,0,3,2000
29/01/2018 16:44,2016,2015,B,Other Reporting Airports,CARDIFF WALES,GATWICK,138,0,138,37,0,37,272.97297
29/01/2018 16:44,2016,2015,B,Other Reporting Airports,CARDIFF WALES,GLASGOW,37714,37682,32,18136,18011,125,107.95104
29/01/2018 16:44,2016,2015,B,Other Reporting Airports,CARDIFF WALES,GLOUCESTERSHIRE,12,12,0,0,0,0,0
29/01/2018 16:44,2016,2015,B,Other Reporting Airports,CARDIFF WALES,HAWARDEN,22,22,0,0,0,0,0
29/01/2018 16:44,2016,2015,B,Other Reporting Airports,CARDIFF WALES,HUMBERSIDE,78,0,78,231,0,231,-66.23377
29/01/2018 16:44,2016,2015,B,Other Reporting Airports,CARDIFF WALES,INVERNESS,174,120,54,0,0,0,0
29/01/2018 16:44,2016,2015,B,Other Reporting Airports,CARDIFF WALES,ISLE OF MAN,7,7,0,0,0,0,0
29/01/2018 16:44,2016,2015,B,Other Reporting Airports,CARDIFF WALES,JERSEY,16630,16630,0,9434,9434,0,76.27729
29/01/2018 16:44,2016,2015,B,Other Reporting Airports,CARDIFF WALES,LEEDS BRADFORD,66,0,66,77,0,77,-14.28571
29/01/2018 16:44,2016,2015,B,Other Reporting Airports,CARDIFF WALES,LIVERPOOL (JOHN LENNON),319,0,319,340,0,340,-6.17647
29/01/2018 16:44,2016,2015,B,Other Reporting Airports,CARDIFF WALES,LONDON CITY,12475,12434,41,0,0,0,0
29/01/2018 16:44,2016,2015,B,Other Reporting Airports,CARDIFF WALES,LUTON,223,0,223,78,0,78,185.89744
29/01/2018 16:44,2016,2015,B,Other Reporting Airports,CARDIFF WALES,MANCHESTER,480,30,450,622,0,622,-22.82958
29/01/2018 16:44,2016,2015,B,Other Reporting Airports,CARDIFF WALES,NEWCASTLE,13664,13463,201,12412,12044,368,10.08701
29/01/2018 16:44,2016,2015,B,Other Reporting Airports,CARDIFF WALES,NORWICH,138,0,138,581,417,164,-76.24785
29/01/2018 16:44,2016,2015,B,Other Reporting Airports,CARDIFF WALES,SOUTHAMPTON,71,0,71,59,0,59,20.33898
29/01/2018 16:44,2016,2015,B,Other Reporting Airports,CARDIFF WALES,STANSTED,68,0,68,317,0,317,-78.5489
29/01/2018 16:44,2016,2015,B,Other Reporting Airports,CITY OF DERRY (EGLINTON),GLASGOW,80671,80671,0,75986,75986,0,6.16561
29/01/2018 16:44,2016,2015,B,Other Reporting Airports,CITY OF DERRY (EGLINTON),LIVERPOOL (JOHN LENNON),81412,81412,0,77099,77099,0,5.59411
29/01/2018 16:44,2016,2015,B,Other Reporting Airports,CITY OF DERRY (EGLINTON),LUTON,0,0,0,37,0,37,-100
29/01/2018 16:44,2016,2015,B,Other Reporting Airports,CITY OF DERRY (EGLINTON),SOUTHAMPTON,0,0,0,170,0,170,-100
29/01/2018 16:44,2016,2015,B,Other Reporting Airports,CITY OF DERRY (EGLINTON),STANSTED,116737,116737,0,125875,125875,0,-7.25958
29/01/2018 16:44,2016,2015,B,Other Reporting Airports,CONINGSBY,ABERDEEN,20,20,0,0,0,0,0
29/01/2018 16:44,2016,2015,B,Other Reporting Airports,DONCASTER SHEFFIELD,ABERDEEN,19,19,0,0,0,0,0
29/01/2018 16:44,2016,2015,B,Other Reporting Airports,DONCASTER SHEFFIELD,BELFAST CITY (GEORGE BEST),177,177,0,79,79,0,124.05063
29/01/2018 16:44,2016,2015,B,Other Reporting Airports,DONCASTER SHEFFIELD,BIRMINGHAM,159,159,0,0,0,0,0
29/01/2018 16:44,2016,2015,B,Other Reporting Airports,DONCASTER SHEFFIELD,BRISTOL,25,0,25,0,0,0,0
29/01/2018 16:44,2016,2015,B,Other Reporting Airports,DONCASTER SHEFFIELD,CARDIFF WALES,149,25,124,0,0,0,0
29/01/2018 16:44,2016,2015,B,Other Reporting Airports,DONCASTER SHEFFIELD,EXETER,35,6,29,0,0,0,0
29/01/2018 16:44,2016,2015,B,Other Reporting Airports,DONCASTER SHEFFIELD,GATWICK,309,0,309,37,0,37,735.13514
29/01/2018 16:44,2016,2015,B,Other Reporting Airports,DONCASTER SHEFFIELD,GLASGOW,94,45,49,0,0,0,0
29/01/2018 16:44,2016,2015,B,Other Reporting Airports,DONCASTER SHEFFIELD,ISLE OF MAN,0,0,0,231,231,0,-100
29/01/2018 16:44,2016,2015,B,Other Reporting Airports,DONCASTER SHEFFIELD,JERSEY,33085,32825,260,2807,2807,0,1078.66049
29/01/2018 16:44,2016,2015,B,Other Reporting Airports,DONCASTER SHEFFIELD,LEEDS BRADFORD,74,74,0,0,0,0,0
29/01/2018 16:44,2016,2015,B,Other Reporting Airports,DONCASTER SHEFFIELD,LUTON,5,0,5,58,0,58,-91.37931
29/01/2018 16:44,2016,2015,B,Other Reporting Airports,DONCASTER SHEFFIELD,MANCHESTER,2,2,0,0,0,0,0
29/01/2018 16:44,2016,2015,B,Other Reporting Airports,DONCASTER SHEFFIELD,NEWQUAY,11255,11255,0,0,0,0,0
29/01/2018 16:44,2016,2015,B,Other Reporting Airports,DONCASTER SHEFFIELD,SOUTHAMPTON,5,5,0,0,0,0,0
29/01/2018 16:44,2016,2015,B,Other Reporting Airports,DONCASTER SHEFFIELD,STANSTED,0,0,0,80,0,80,-100
29/01/2018 16:44,2016,2015,B,Other Reporting Airports,DUNDEE,DURHAM TEES VALLEY,18,0,18,0,0,0,0
29/01/2018 16:44,2016,2015,B,Other Reporting Airports,DUNDEE,FARNBOROUGH,0,0,0,9,0,9,-100
29/01/2018 16:44,2016,2015,B,Other Reporting Airports,DUNDEE,JERSEY,0,0,0,1291,0,1291,-100
29/01/2018 16:44,2016,2015,B,Other Reporting Airports,DUNDEE,LIVERPOOL (JOHN LENNON),0,0,0,80,0,80,-100
29/01/2018 16:44,2016,2015,B,Other Reporting Airports,DUNDEE,LUTON,0,0,0,78,0,78,-100
29/01/2018 16:44,2016,2015,B,Other Reporting Airports,DUNDEE,STANSTED,20773,20773,0,20187,20187,0,2.90286
29/01/2018 16:44,2016,2015,B,Other Reporting Airports,DURHAM TEES VALLEY,ABERDEEN,21189,21112,77,28086,28086,0,-24.55672
29/01/2018 16:44,2016,2015,B,Other Reporting Airports,DURHAM TEES VALLEY,BIGGIN HILL,35,0,35,0,0,0,0
29/01/2018 16:44,2016,2015,B,Other Reporting Airports,DURHAM TEES VALLEY,BIRMINGHAM,41,41,0,0,0,0,0
29/01/2018 16:44,2016,2015,B,Other Reporting Airports,DURHAM TEES VALLEY,BOURNEMOUTH,74,40,34,75,0,75,-1.33333
29/01/2018 16:44,2016,2015,B,Other Reporting Airports,DURHAM TEES VALLEY,BRISTOL,4,0,4,0,0,0,0
29/01/2018 16:44,2016,2015,B,Other Reporting Airports,DURHAM TEES VALLEY,CARDIFF WALES,9,9,0,114,0,114,-92.10526
29/01/2018 16:44,2016,2015,B,Other Reporting Airports,DURHAM TEES VALLEY,FARNBOROUGH,0,0,0,73,0,73,-100
29/01/2018 16:44,2016,2015,B,Other Reporting Airports,DURHAM TEES VALLEY,GATWICK,79,21,58,63,0,63,25.39683
29/01/2018 16:44,2016,2015,B,Other Reporting Airports,DURHAM TEES VALLEY,GLASGOW,0,0,0,12,0,12,-100
29/01/2018 16:44,2016,2015,B,Other Reporting Airports,DURHAM TEES VALLEY,HEATHROW,0,0,0,47,0,47,-100
29/01/2018 16:44,2016,2015,B,Other Reporting Airports,DURHAM TEES VALLEY,HUMBERSIDE,108,108,0,0,0,0,0
29/01/2018 16:44,2016,2015,B,Other Reporting Airports,DURHAM TEES VALLEY,JERSEY,2111,2111,0,2408,2408,0,-12.33389
29/01/2018 16:44,2016,2015,B,Other Reporting Airports,DURHAM TEES VALLEY,LEEDS BRADFORD,78,78,0,0,0,0,0
29/01/2018 16:44,2016,2015,B,Other Reporting Airports,DURHAM TEES VALLEY,LIVERPOOL (JOHN LENNON),131,33,98,0,0,0,0
29/01/2018 16:44,2016,2015,B,Other Reporting Airports,DURHAM TEES VALLEY,LUTON,126,41,85,374,0,374,-66.31016
29/01/2018 16:44,2016,2015,B,Other Reporting Airports,DURHAM TEES VALLEY,MANCHESTER,73,35,38,0,0,0,0
29/01/2018 16:44,2016,2015,B,Other Reporting Airports,DURHAM TEES VALLEY,NEWCASTLE,85,85,0,5,5,0,1600
29/01/2018 16:44,2016,2015,B,Other Reporting Airports,DURHAM TEES VALLEY,NORWICH,14,14,0,15,15,0,-6.66667
29/01/2018 16:44,2016,2015,B,Other Reporting Airports,DURHAM TEES VALLEY,SOUTHAMPTON,66,66,0,0,0,0,0
29/01/2018 16:44,2016,2015,B,Other Reporting Airports,DURHAM TEES VALLEY,STANSTED,80,0,80,0,0,0,0
29/01/2018 16:44,2016,2015,B,Other Reporting Airports,EAST MIDLANDS INTERNATIONAL,ABERDEEN,6602,6602,0,14647,14647,0,-54.92592
29/01/2018 16:44,2016,2015,B,Other Reporting Airports,EAST MIDLANDS INTERNATIONAL,BELFAST CITY (GEORGE BEST),144335,144335,0,147991,147991,0,-2.47042
29/01/2018 16:44,2016,2015,B,Other Reporting Airports,EAST MIDLANDS INTERNATIONAL,BELFAST INTERNATIONAL,0,0,0,50,0,50,-100
29/01/2018 16:44,2016,2015,B,Other Reporting Airports,EAST MIDLANDS INTERNATIONAL,BIGGIN HILL,35,0,35,0,0,0,0
29/01/2018 16:44,2016,2015,B,Other Reporting Airports,EAST MIDLANDS INTERNATIONAL,BIRMINGHAM,652,652,0,0,0,0,0
29/01/2018 16:44,2016,2015,B,Other Reporting Airports,EAST MIDLANDS INTERNATIONAL,BOURNEMOUTH,0,0,0,50,0,50,-100
29/01/2018 16:44,2016,2015,B,Other Reporting Airports,EAST MIDLANDS INTERNATIONAL,BRISTOL,170,170,0,0,0,0,0
29/01/2018 16:44,2016,2015,B,Other Reporting Airports,EAST MIDLANDS INTERNATIONAL,CARDIFF WALES,33,0,33,95,0,95,-65.26316
29/01/2018 16:44,2016,2015,B,Other Reporting Airports,EAST MIDLANDS INTERNATIONAL,DONCASTER SHEFFIELD,180,0,180,0,0,0,0
29/01/2018 16:44,2016,2015,B,Other Reporting Airports,EAST MIDLANDS INTERNATIONAL,EDINBURGH,93710,93710,0,95307,95307,0,-1.67564
29/01/2018 16:44,2016,2015,B,Other Reporting Airports,EAST MIDLANDS INTERNATIONAL,FARNBOROUGH,34,0,34,76,0,76,-55.26316
29/01/2018 16:44,2016,2015,B,Other Reporting Airports,EAST MIDLANDS INTERNATIONAL,GATWICK,166,0,166,182,0,182,-8.79121
29/01/2018 16:44,2016,2015,B,Other Reporting Airports,EAST MIDLANDS INTERNATIONAL,GLASGOW,109538,109538,0,94954,94954,0,15.35902
29/01/2018 16:44,2016,2015,B,Other Reporting Airports,EAST MIDLANDS INTERNATIONAL,GUERNSEY,26709,26709,0,30893,30893,0,-13.54352
29/01/2018 16:44,2016,2015,B,Other Reporting Airports,EAST MIDLANDS INTERNATIONAL,HUMBERSIDE,94,69,25,50,50,0,88
29/01/2018 16:44,2016,2015,B,Other Reporting Airports,EAST MIDLANDS INTERNATIONAL,JERSEY,26523,26523,0,30538,30538,0,-13.14755
29/01/2018 16:44,2016,2015,B,Other Reporting Airports,EAST MIDLANDS INTERNATIONAL,LEEDS BRADFORD,2,2,0,0,0,0,0
29/01/2018 16:44,2016,2015,B,Other Reporting Airports,EAST MIDLANDS INTERNATIONAL,LIVERPOOL (JOHN LENNON),74,0,74,0,0,0,0
29/01/2018 16:44,2016,2015,B,Other Reporting Airports,EAST MIDLANDS INTERNATIONAL,MANCHESTER,341,0,341,0,0,0,0
29/01/2018 16:44,2016,2015,B,Other Reporting Airports,EAST MIDLANDS INTERNATIONAL,NEWCASTLE,549,122,427,288,0,288,90.625
29/01/2018 16:44,2016,2015,B,Other Reporting Airports,EAST MIDLANDS INTERNATIONAL,NORWICH,44,21,23,39,39,0,12.82051
29/01/2018 16:44,2016,2015,B,Other Reporting Airports,EAST MIDLANDS INTERNATIONAL,PRESTWICK,54,0,54,0,0,0,0
29/01/2018 16:44,2016,2015,B,Other Reporting Airports,EAST MIDLANDS INTERNATIONAL,SOUTHAMPTON,0,0,0,68,0,68,-100
29/01/2018 16:44,2016,2015,B,Other Reporting Airports,EAST MIDLANDS INTERNATIONAL,STANSTED,68,0,68,0,0,0,0
29/01/2018 16:44,2016,2015,B,Other Reporting Airports,EAST MIDLANDS INTERNATIONAL,STORNOWAY,173,0,173,248,0,248,-30.24194
29/01/2018 16:44,2016,2015,B,Other Reporting Airports,EAST MIDLANDS INTERNATIONAL,WICK JOHN O GROATS,76,76,0,0,0,0,0
29/01/2018 16:44,2016,2015,B,Other Reporting Airports,EDINBURGH,ABERDEEN,0,0,0,147,0,147,-100
29/01/2018 16:44,2016,2015,B,Other Reporting Airports,EDINBURGH,BELFAST CITY (GEORGE BEST),166232,166232,0,138444,138444,0,20.07165
29/01/2018 16:44,2016,2015,B,Other Reporting Airports,EDINBURGH,BELFAST INTERNATIONAL,273487,273487,0,262973,262878,95,3.99813
29/01/2018 16:44,2016,2015,B,Other Reporting Airports,EDINBURGH,BENBECULA,22,22,0,0,0,0,0
29/01/2018 16:44,2016,2015,B,Other Reporting Airports,EDINBURGH,BIGGIN HILL,0,0,0,31,0,31,-100
29/01/2018 16:44,2016,2015,B,Other Reporting Airports,EDINBURGH,BIRMINGHAM,267574,267412,162,278236,278106,130,-3.832
29/01/2018 16:44,2016,2015,B,Other Reporting Airports,EDINBURGH,BOURNEMOUTH,184,184,0,348,0,348,-47.12644
29/01/2018 16:44,2016,2015,B,Other Reporting Airports,EDINBURGH,BRISTOL,381766,381766,0,352658,352477,181,8.25389
29/01/2018 16:44,2016,2015,B,Other Reporting Airports,EDINBURGH,CARDIFF WALES,93617,93557,60,69672,68971,701,34.36818
29/01/2018 16:44,2016,2015,B,Other Reporting Airports,EDINBURGH,DUNDEE,14,14,0,0,0,0,0
29/01/2018 16:44,2016,2015,B,Other Reporting Airports,EDINBURGH,EAST MIDLANDS INTERNATIONAL,93620,93620,0,95304,95304,0,-1.76698
29/01/2018 16:44,2016,2015,B,Other Reporting Airports,EDINBURGH,EXETER,45213,45213,0,45115,45115,0,0.21722
29/01/2018 16:44,2016,2015,B,Other Reporting Airports,EDINBURGH,FARNBOROUGH,45,0,45,37,0,37,21.62162
29/01/2018 16:44,2016,2015,B,Other Reporting Airports,EDINBURGH,GATWICK,702047,701879,168,675632,675632,0,3.90967
29/01/2018 16:44,2016,2015,B,Other Reporting Airports,EDINBURGH,HEATHROW,1051567,1051567,0,1384244,1384244,0,-24.03312
29/01/2018 16:44,2016,2015,B,Other Reporting Airports,EDINBURGH,INVERNESS,110,110,0,0,0,0,0
29/01/2018 16:44,2016,2015,B,Other Reporting Airports,EDINBURGH,JERSEY,7011,7011,0,6412,6412,0,9.34186
29/01/2018 16:44,2016,2015,B,Other Reporting Airports,EDINBURGH,KIRKWALL,45846,45818,28,44530,44530,0,2.95531
29/01/2018 16:44,2016,2015,B,Other Reporting Airports,EDINBURGH,LIVERPOOL (JOHN LENNON),15869,15869,0,2776,2776,0,471.64986
29/01/2018 16:44,2016,2015,B,Other Reporting Airports,EDINBURGH,LONDON CITY,528174,528174,0,534049,534049,0,-1.10009
29/01/2018 16:44,2016,2015,B,Other Reporting Airports,EDINBURGH,LUTON,272950,272901,49,268314,268234,80,1.72783
29/01/2018 16:44,2016,2015,B,Other Reporting Airports,EDINBURGH,MANCHESTER,102259,102259,0,114095,114095,0,-10.37381
29/01/2018 16:44,2016,2015,B,Other Reporting Airports,EDINBURGH,NEWCASTLE,129,129,0,0,0,0,0
29/01/2018 16:44,2016,2015,B,Other Reporting Airports,EDINBURGH,NEWQUAY,2693,2693,0,2358,2358,0,14.20696
29/01/2018 16:44,2016,2015,B,Other Reporting Airports,EDINBURGH,NORWICH,25838,25838,0,29260,29260,0,-11.69515
29/01/2018 16:44,2016,2015,B,Other Reporting Airports,EDINBURGH,SOUTHAMPTON,198501,198501,0,194058,194058,0,2.28952
29/01/2018 16:44,2016,2015,B,Other Reporting Airports,EDINBURGH,STANSTED,837211,837031,180,622214,621731,483,34.55355
29/01/2018 16:44,2016,2015,B,Other Reporting Airports,EDINBURGH,STORNOWAY,20595,20595,0,20607,20607,0,-0.05823
29/01/2018 16:44,2016,2015,B,Other Reporting Airports,EDINBURGH,SUMBURGH,43530,43530,0,44786,44786,0,-2.80445
29/01/2018 16:44,2016,2015,B,Other Reporting Airports,EDINBURGH,WICK JOHN O GROATS,11607,11607,0,11067,11067,0,4.87937
29/01/2018 16:44,2016,2015,B,Other Reporting Airports,EXETER,ALDERNEY,11,11,0,0,0,0,0
29/01/2018 16:44,2016,2015,B,Other Reporting Airports,EXETER,BELFAST CITY (GEORGE BEST),32985,32985,0,35276,35276,0,-6.4945
29/01/2018 16:44,2016,2015,B,Other Reporting Airports,EXETER,BELFAST INTERNATIONAL,0,0,0,190,0,190,-100
29/01/2018 16:44,2016,2015,B,Other Reporting Airports,EXETER,BIGGIN HILL,0,0,0,112,0,112,-100
29/01/2018 16:44,2016,2015,B,Other Reporting Airports,EXETER,BIRMINGHAM,0,0,0,26,0,26,-100
29/01/2018 16:44,2016,2015,B,Other Reporting Airports,EXETER,BRISTOL,148,0,148,0,0,0,0
29/01/2018 16:44,2016,2015,B,Other Reporting Airports,EXETER,CARDIFF WALES,102,102,0,4,0,4,2450
29/01/2018 16:44,2016,2015,B,Other Reporting Airports,EXETER,DONCASTER SHEFFIELD,25,0,25,0,0,0,0
29/01/2018 16:44,2016,2015,B,Other Reporting Airports,EXETER,EDINBURGH,45489,45303,186,45397,45397,0,0.20266
29/01/2018 16:44,2016,2015,B,Other Reporting Airports,EXETER,GATWICK,120,94,26,111,0,111,8.10811
29/01/2018 16:44,2016,2015,B,Other Reporting Airports,EXETER,GLASGOW,32794,32746,48,3059,3059,0,972.04969
29/01/2018 16:44,2016,2015,B,Other Reporting Airports,EXETER,GUERNSEY,29645,29645,0,25106,25106,0,18.07934
29/01/2018 16:44,2016,2015,B,Other Reporting Airports,EXETER,HUMBERSIDE,61,0,61,0,0,0,0
29/01/2018 16:44,2016,2015,B,Other Reporting Airports,EXETER,ISLES OF SCILLY (ST.MARYS),15063,15063,0,14002,14002,0,7.57749
29/01/2018 16:44,2016,2015,B,Other Reporting Airports,EXETER,JERSEY,41421,41421,0,37560,37560,0,10.27955
29/01/2018 16:44,2016,2015,B,Other Reporting Airports,EXETER,LEEDS BRADFORD,0,0,0,25,0,25,-100
29/01/2018 16:44,2016,2015,B,Other Reporting Airports,EXETER,LIVERPOOL (JOHN LENNON),325,0,325,0,0,0,0
29/01/2018 16:44,2016,2015,B,Other Reporting Airports,EXETER,LONDON CITY,38150,38150,0,50161,50161,0,-23.9449
29/01/2018 16:44,2016,2015,B,Other Reporting Airports,EXETER,MANCHESTER,113291,113242,49,127644,127566,78,-11.24456
29/01/2018 16:44,2016,2015,B,Other Reporting Airports,EXETER,NEWCASTLE,39713,39631,82,35883,35795,88,10.67358
29/01/2018 16:44,2016,2015,B,Other Reporting Airports,EXETER,NEWQUAY,94,94,0,47,45,2,100
29/01/2018 16:44,2016,2015,B,Other Reporting Airports,EXETER,NORWICH,22359,22359,0,55,0,55,40552.72727
29/01/2018 16:44,2016,2015,B,Other Reporting Airports,EXETER,SOUTHAMPTON,9,9,0,0,0,0,0
29/01/2018 16:44,2016,2015,B,Other Reporting Airports,EXETER,SOUTHEND,241,241,0,0,0,0,0
29/01/2018 16:44,2016,2015,B,Other Reporting Airports,GLASGOW,ABERDEEN,0,0,0,21,21,0,-100
29/01/2018 16:44,2016,2015,B,Other Reporting Airports,GLASGOW,BARRA,11798,11798,0,10891,10891,0,8.32798
29/01/2018 16:44,2016,2015,B,Other Reporting Airports,GLASGOW,BELFAST CITY (GEORGE BEST),170836,170744,92,155903,155903,0,9.57839
29/01/2018 16:44,2016,2015,B,Other Reporting Airports,GLASGOW,BELFAST INTERNATIONAL,282305,282221,84,266410,265568,842,5.96637
29/01/2018 16:44,2016,2015,B,Other Reporting Airports,GLASGOW,BENBECULA,22371,22371,0,23861,23861,0,-6.2445
29/01/2018 16:44,2016,2015,B,Other Reporting Airports,GLASGOW,BIRMINGHAM,226234,225793,441,226816,226200,616,-0.2566
29/01/2018 16:44,2016,2015,B,Other Reporting Airports,GLASGOW,BOURNEMOUTH,394,394,0,33651,33651,0,-98.82916
29/01/2018 16:44,2016,2015,B,Other Reporting Airports,GLASGOW,BRISTOL,297863,297863,0,267679,267657,22,11.27619
29/01/2018 16:44,2016,2015,B,Other Reporting Airports,GLASGOW,CAMPBELTOWN,7774,7774,0,8358,8358,0,-6.98732
29/01/2018 16:44,2016,2015,B,Other Reporting Airports,GLASGOW,CARDIFF WALES,37282,37252,30,18288,18122,166,103.86045
29/01/2018 16:44,2016,2015,B,Other Reporting Airports,GLASGOW,CITY OF DERRY (EGLINTON),80699,80699,0,75907,75907,0,6.31299
29/01/2018 16:44,2016,2015,B,Other Reporting Airports,GLASGOW,DONCASTER SHEFFIELD,62,0,62,0,0,0,0
29/01/2018 16:44,2016,2015,B,Other Reporting Airports,GLASGOW,DURHAM TEES VALLEY,0,0,0,12,0,12,-100
29/01/2018 16:44,2016,2015,B,Other Reporting Airports,GLASGOW,EAST MIDLANDS INTERNATIONAL,109392,109301,91,95055,95055,0,15.08285
29/01/2018 16:44,2016,2015,B,Other Reporting Airports,GLASGOW,EDINBURGH,109,109,0,0,0,0,0
29/01/2018 16:44,2016,2015,B,Other Reporting Airports,GLASGOW,EXETER,32673,32673,0,3036,3036,0,976.18577
29/01/2018 16:44,2016,2015,B,Other Reporting Airports,GLASGOW,FARNBOROUGH,0,0,0,6,0,6,-100
29/01/2018 16:44,2016,2015,B,Other Reporting Airports,GLASGOW,GATWICK,610511,610511,0,614293,614125,168,-0.61567
29/01/2018 16:44,2016,2015,B,Other Reporting Airports,GLASGOW,HEATHROW,893935,893935,0,908016,908016,0,-1.55074
29/01/2018 16:44,2016,2015,B,Other Reporting Airports,GLASGOW,INVERNESS,524,443,81,0,0,0,0
29/01/2018 16:44,2016,2015,B,Other Reporting Airports,GLASGOW,ISLAY,25349,25349,0,28687,28687,0,-11.63593
29/01/2018 16:44,2016,2015,B,Other Reporting Airports,GLASGOW,ISLE OF MAN,8797,8797,0,9901,9901,0,-11.15039
29/01/2018 16:44,2016,2015,B,Other Reporting Airports,GLASGOW,JERSEY,40671,40644,27,34665,34665,0,17.32583
29/01/2018 16:44,2016,2015,B,Other Reporting Airports,GLASGOW,KIRKWALL,17402,17216,186,17372,17372,0,0.17269
29/01/2018 16:44,2016,2015,B,Other Reporting Airports,GLASGOW,LEEDS BRADFORD,7636,7636,0,8332,8332,0,-8.35334
29/01/2018 16:44,2016,2015,B,Other Reporting Airports,GLASGOW,LIVERPOOL (JOHN LENNON),0,0,0,16,0,16,-100
29/01/2018 16:44,2016,2015,B,Other Reporting Airports,GLASGOW,LONDON CITY,235499,235499,0,238642,238642,0,-1.31704
29/01/2018 16:44,2016,2015,B,Other Reporting Airports,GLASGOW,LUTON,215496,215416,80,216260,216196,64,-0.35328
29/01/2018 16:44,2016,2015,B,Other Reporting Airports,GLASGOW,MANCHESTER,43466,42984,482,45389,45248,141,-4.23671
29/01/2018 16:44,2016,2015,B,Other Reporting Airports,GLASGOW,NEWCASTLE,0,0,0,12,0,12,-100
29/01/2018 16:44,2016,2015,B,Other Reporting Airports,GLASGOW,NEWQUAY,2307,2307,0,0,0,0,0
29/01/2018 16:44,2016,2015,B,Other Reporting Airports,GLASGOW,PRESTWICK,0,0,0,304,304,0,-100
29/01/2018 16:44,2016,2015,B,Other Reporting Airports,GLASGOW,SOUTHAMPTON,179436,179436,0,158310,158310,0,13.3447
29/01/2018 16:44,2016,2015,B,Other Reporting Airports,GLASGOW,STANSTED,653042,652939,103,533535,533535,0,22.39909
29/01/2018 16:44,2016,2015,B,Other Reporting Airports,GLASGOW,STORNOWAY,59983,59983,0,62413,62413,0,-3.89342
29/01/2018 16:44,2016,2015,B,Other Reporting Airports,GLASGOW,SUMBURGH,26768,26768,0,28599,28599,0,-6.40232
29/01/2018 16:44,2016,2015,B,Other Reporting Airports,GLASGOW,TIREE,9326,9326,0,8675,8675,0,7.50432
29/01/2018 16:44,2016,2015,B,Other Reporting Airports,GLOUCESTERSHIRE,ANGLESEY (VALLEY),25,25,0,0,0,0,0
29/01/2018 16:44,2016,2015,B,Other Reporting Airports,GLOUCESTERSHIRE,ISLE OF MAN,11824,11824,0,11718,11718,0,0.90459
29/01/2018 16:44,2016,2015,B,Other Reporting Airports,GLOUCESTERSHIRE,JERSEY,472,472,0,534,534,0,-11.61049
29/01/2018 16:44,2016,2015,B,Other Reporting Airports,GUERNSEY,ALDERNEY,34266,34266,0,35827,35827,0,-4.35705
29/01/2018 16:44,2016,2015,B,Other Reporting Airports,GUERNSEY,BIRMINGHAM,27816,27750,66,28228,28057,171,-1.45954
29/01/2018 16:44,2016,2015,B,Other Reporting Airports,GUERNSEY,BOURNEMOUTH,80,80,0,147,62,85,-45.57823
29/01/2018 16:44,2016,2015,B,Other Reporting Airports,GUERNSEY,BRISTOL,24888,24789,99,24195,24195,0,2.86423
29/01/2018 16:44,2016,2015,B,Other Reporting Airports,GUERNSEY,EAST MIDLANDS INTERNATIONAL,27007,26980,27,31311,31311,0,-13.74597
29/01/2018 16:44,2016,2015,B,Other Reporting Airports,GUERNSEY,ELSTREE,33,33,0,0,0,0,0
29/01/2018 16:44,2016,2015,B,Other Reporting Airports,GUERNSEY,EXETER,27309,27309,0,24734,24734,0,10.41077
29/01/2018 16:44,2016,2015,B,Other Reporting Airports,GUERNSEY,GATWICK,310896,310896,0,319116,319116,0,-2.57587
29/01/2018 16:44,2016,2015,B,Other Reporting Airports,GUERNSEY,HAVERFORD WEST,0,0,0,26,0,26,-100
29/01/2018 16:44,2016,2015,B,Other Reporting Airports,GUERNSEY,JERSEY,113904,113368,536,127014,126838,176,-10.3217
29/01/2018 16:44,2016,2015,B,Other Reporting Airports,GUERNSEY,LEEDS BRADFORD,7854,7854,0,0,0,0,0
29/01/2018 16:44,2016,2015,B,Other Reporting Airports,GUERNSEY,LIVERPOOL (JOHN LENNON),0,0,0,128,128,0,-100
29/01/2018 16:44,2016,2015,B,Other Reporting Airports,GUERNSEY,LONDON CITY,26394,26394,0,22317,22317,0,18.26858
29/01/2018 16:44,2016,2015,B,Other Reporting Airports,GUERNSEY,MANCHESTER,65285,65285,0,67733,67733,0,-3.61419
29/01/2018 16:44,2016,2015,B,Other Reporting Airports,GUERNSEY,NEWQUAY,0,0,0,37,0,37,-100
29/01/2018 16:44,2016,2015,B,Other Reporting Airports,GUERNSEY,NORWICH,1362,1362,0,651,649,2,109.21659
29/01/2018 16:44,2016,2015,B,Other Reporting Airports,GUERNSEY,SOUTHAMPTON,135792,135791,1,140425,140425,0,-3.29927
29/01/2018 16:44,2016,2015,B,Other Reporting Airports,GUERNSEY,SOUTHEND,90,90,0,0,0,0,0
29/01/2018 16:44,2016,2015,B,Other Reporting Airports,GUERNSEY,STANSTED,26753,26750,3,26738,26738,0,0.0561
29/01/2018 16:44,2016,2015,B,Other Reporting Airports,HAWARDEN,EXETER,0,0,0,7,0,7,-100
29/01/2018 16:44,2016,2015,B,Other Reporting Airports,HUMBERSIDE,ABERDEEN,23387,23387,0,31099,31099,0,-24.79823
29/01/2018 16:44,2016,2015,B,Other Reporting Airports,HUMBERSIDE,BIGGIN HILL,36,0,36,0,0,0,0
29/01/2018 16:44,2016,2015,B,Other Reporting Airports,HUMBERSIDE,BIRMINGHAM,36,0,36,0,0,0,0
29/01/2018 16:44,2016,2015,B,Other Reporting Airports,HUMBERSIDE,BOURNEMOUTH,69,35,34,0,0,0,0
29/01/2018 16:44,2016,2015,B,Other Reporting Airports,HUMBERSIDE,BRISTOL,59,28,31,62,0,62,-4.83871
29/01/2018 16:44,2016,2015,B,Other Reporting Airports,HUMBERSIDE,CARDIFF WALES,78,38,40,142,0,142,-45.07042
29/01/2018 16:44,2016,2015,B,Other Reporting Airports,HUMBERSIDE,DURHAM TEES VALLEY,96,96,0,0,0,0,0
29/01/2018 16:44,2016,2015,B,Other Reporting Airports,HUMBERSIDE,EAST MIDLANDS INTERNATIONAL,45,45,0,181,181,0,-75.13812
29/01/2018 16:44,2016,2015,B,Other Reporting Airports,HUMBERSIDE,EDINBURGH,0,0,0,33,0,33,-100
29/01/2018 16:44,2016,2015,B,Other Reporting Airports,HUMBERSIDE,EXETER,61,0,61,0,0,0,0
29/01/2018 16:44,2016,2015,B,Other Reporting Airports,HUMBERSIDE,GATWICK,40,0,40,140,0,140,-71.42857
29/01/2018 16:44,2016,2015,B,Other Reporting Airports,HUMBERSIDE,JERSEY,2158,0,2158,2385,2385,0,-9.51782
29/01/2018 16:44,2016,2015,B,Other Reporting Airports,HUMBERSIDE,LEEDS BRADFORD,75,40,35,0,0,0,0
29/01/2018 16:44,2016,2015,B,Other Reporting Airports,HUMBERSIDE,LIVERPOOL (JOHN LENNON),0,0,0,168,0,168,-100
29/01/2018 16:44,2016,2015,B,Other Reporting Airports,HUMBERSIDE,LONDON CITY,38,0,38,0,0,0,0
29/01/2018 16:44,2016,2015,B,Other Reporting Airports,HUMBERSIDE,LOSSIEMOUTH,2,2,0,0,0,0,0
29/01/2018 16:44,2016,2015,B,Other Reporting Airports,HUMBERSIDE,LUTON,103,0,103,0,0,0,0
29/01/2018 16:44,2016,2015,B,Other Reporting Airports,HUMBERSIDE,MARHAM(KINGS LYNN),99,99,0,0,0,0,0
29/01/2018 16:44,2016,2015,B,Other Reporting Airports,HUMBERSIDE,NEWCASTLE,103,35,68,0,0,0,0
29/01/2018 16:44,2016,2015,B,Other Reporting Airports,HUMBERSIDE,NORWICH,56,56,0,48,0,48,16.66667
29/01/2018 16:44,2016,2015,B,Other Reporting Airports,HUMBERSIDE,SOUTHAMPTON,105,2,103,33,0,33,218.18182
29/01/2018 16:44,2016,2015,B,Other Reporting Airports,HUMBERSIDE,STANSTED,32,0,32,0,0,0,0
29/01/2018 16:44,2016,2015,B,Other Reporting Airports,HUMBERSIDE,WADDINGTON,32,32,0,0,0,0,0
29/01/2018 16:44,2016,2015,B,Other Reporting Airports,HUMBERSIDE,WARTON,98,98,0,0,0,0,0
29/01/2018 16:44,2016,2015,B,Other Reporting Airports,INVERNESS,ABERDEEN,0,0,0,13,0,13,-100
29/01/2018 16:44,2016,2015,B,Other Reporting Airports,INVERNESS,BELFAST CITY (GEORGE BEST),30495,30495,0,29294,29294,0,4.09982
29/01/2018 16:44,2016,2015,B,Other Reporting Airports,INVERNESS,BENBECULA,0,0,0,5794,5794,0,-100
29/01/2018 16:44,2016,2015,B,Other Reporting Airports,INVERNESS,BIGGIN HILL,0,0,0,24,0,24,-100
29/01/2018 16:44,2016,2015,B,Other Reporting Airports,INVERNESS,BIRMINGHAM,42371,42371,0,41539,41539,0,2.00294
29/01/2018 16:44,2016,2015,B,Other Reporting Airports,INVERNESS,BRISTOL,87905,87905,0,82218,82218,0,6.91698
29/01/2018 16:44,2016,2015,B,Other Reporting Airports,INVERNESS,EDINBURGH,113,113,0,31,31,0,264.51613
29/01/2018 16:44,2016,2015,B,Other Reporting Airports,INVERNESS,GATWICK,239685,239685,0,208749,208749,0,14.81971
29/01/2018 16:44,2016,2015,B,Other Reporting Airports,INVERNESS,GLASGOW,134,134,0,0,0,0,0
29/01/2018 16:44,2016,2015,B,Other Reporting Airports,INVERNESS,HEATHROW,57373,57373,0,0,0,0,0
29/01/2018 16:44,2016,2015,B,Other Reporting Airports,INVERNESS,JERSEY,1925,1925,0,2080,2025,55,-7.45192
29/01/2018 16:44,2016,2015,B,Other Reporting Airports,INVERNESS,KIRKWALL,19216,19216,0,19919,19919,0,-3.52929
29/01/2018 16:44,2016,2015,B,Other Reporting Airports,INVERNESS,LEEDS BRADFORD,0,0,0,39,39,0,-100
29/01/2018 16:44,2016,2015,B,Other Reporting Airports,INVERNESS,LONDON CITY,0,0,0,4851,4851,0,-100
29/01/2018 16:44,2016,2015,B,Other Reporting Airports,INVERNESS,LUTON,133761,133761,0,94632,94539,93,41.34859
29/01/2018 16:44,2016,2015,B,Other Reporting Airports,INVERNESS,MANCHESTER,68244,68244,0,84436,84436,0,-19.17665
29/01/2018 16:44,2016,2015,B,Other Reporting Airports,INVERNESS,NEWCASTLE,0,0,0,24,0,24,-100
29/01/2018 16:44,2016,2015,B,Other Reporting Airports,INVERNESS,STORNOWAY,31198,31198,0,27133,26923,210,14.98176
29/01/2018 16:44,2016,2015,B,Other Reporting Airports,INVERNESS,SUMBURGH,3546,3546,0,3733,3733,0,-5.00938
29/01/2018 16:44,2016,2015,B,Other Reporting Airports,ISLAY,CAMPBELTOWN,38,38,0,55,55,0,-30.90909
29/01/2018 16:44,2016,2015,B,Other Reporting Airports,ISLAY,GLASGOW,27281,27281,0,28308,28308,0,-3.62795
29/01/2018 16:44,2016,2015,B,Other Reporting Airports,ISLAY,TIREE,29,29,0,0,0,0,0
29/01/2018 16:44,2016,2015,B,Other Reporting Airports,ISLE OF MAN,BELFAST CITY (GEORGE BEST),24811,24811,0,24980,24980,0,-0.67654
29/01/2018 16:44,2016,2015,B,Other Reporting Airports,ISLE OF MAN,BIRMINGHAM,38392,38392,0,43008,42923,85,-10.73289
29/01/2018 16:44,2016,2015,B,Other Reporting Airports,ISLE OF MAN,BLACKPOOL,15004,15004,0,9490,9490,0,58.10327
29/01/2018 16:44,2016,2015,B,Other Reporting Airports,ISLE OF MAN,BRISTOL,24641,24641,0,23468,23468,0,4.9983
29/01/2018 16:44,2016,2015,B,Other Reporting Airports,ISLE OF MAN,DONCASTER SHEFFIELD,0,0,0,236,236,0,-100
29/01/2018 16:44,2016,2015,B,Other Reporting Airports,ISLE OF MAN,GATWICK,156454,156454,0,145591,145591,0,7.46131
29/01/2018 16:44,2016,2015,B,Other Reporting Airports,ISLE OF MAN,GLASGOW,9970,9970,0,10077,10077,0,-1.06182
29/01/2018 16:44,2016,2015,B,Other Reporting Airports,ISLE OF MAN,GLOUCESTERSHIRE,11746,11746,0,11762,11762,0,-0.13603
29/01/2018 16:44,2016,2015,B,Other Reporting Airports,ISLE OF MAN,JERSEY,0,0,0,384,0,384,-100
29/01/2018 16:44,2016,2015,B,Other Reporting Airports,ISLE OF MAN,LEEDS BRADFORD,0,0,0,146,0,146,-100
29/01/2018 16:44,2016,2015,B,Other Reporting Airports,ISLE OF MAN,LIVERPOOL (JOHN LENNON),213190,213190,0,200784,200784,0,6.17878
29/01/2018 16:44,2016,2015,B,Other Reporting Airports,ISLE OF MAN,LONDON CITY,73793,73793,0,58668,58668,0,25.78066
29/01/2018 16:44,2016,2015,B,Other Reporting Airports,ISLE OF MAN,MANCHESTER,159194,159194,0,158896,158871,25,0.18754
29/01/2018 16:44,2016,2015,B,Other Reporting Airports,ISLE OF MAN,NEWCASTLE,4191,4191,0,4409,4409,0,-4.94443
29/01/2018 16:44,2016,2015,B,Other Reporting Airports,ISLE OF MAN,SOUTHEND,23,23,0,0,0,0,0
29/01/2018 16:44,2016,2015,B,Other Reporting Airports,ISLE OF MAN,STANSTED,9047,9047,0,45827,45827,0,-80.25836
29/01/2018 16:44,2016,2015,B,Other Reporting Airports,JERSEY,ABERDEEN,2416,2416,0,20009,20009,0,-87.92543
29/01/2018 16:44,2016,2015,B,Other Reporting Airports,JERSEY,ALDERNEY,0,0,0,21,21,0,-100
29/01/2018 16:44,2016,2015,B,Other Reporting Airports,JERSEY,BELFAST INTERNATIONAL,19706,19706,0,10152,10152,0,94.10954
29/01/2018 16:44,2016,2015,B,Other Reporting Airports,JERSEY,BIRMINGHAM,73300,73300,0,70112,70112,0,4.54701
29/01/2018 16:44,2016,2015,B,Other Reporting Airports,JERSEY,BOURNEMOUTH,273,273,0,18070,18070,0,-98.48921
29/01/2018 16:44,2016,2015,B,Other Reporting Airports,JERSEY,BRISTOL,30092,30092,0,33597,33597,0,-10.43248
29/01/2018 16:44,2016,2015,B,Other Reporting Airports,JERSEY,CAMBRIDGE,0,0,0,1772,1772,0,-100
29/01/2018 16:44,2016,2015,B,Other Reporting Airports,JERSEY,CARDIFF WALES,16244,16244,0,9438,9438,0,72.11274
29/01/2018 16:44,2016,2015,B,Other Reporting Airports,JERSEY,DONCASTER SHEFFIELD,30162,29904,258,2822,2822,0,968.81644
29/01/2018 16:44,2016,2015,B,Other Reporting Airports,JERSEY,DUNDEE,1244,1244,0,1292,1292,0,-3.71517
29/01/2018 16:44,2016,2015,B,Other Reporting Airports,JERSEY,DURHAM TEES VALLEY,2171,2171,0,2441,2441,0,-11.06104
29/01/2018 16:44,2016,2015,B,Other Reporting Airports,JERSEY,EAST MIDLANDS INTERNATIONAL,26449,26449,0,30521,30521,0,-13.34163
29/01/2018 16:44,2016,2015,B,Other Reporting Airports,JERSEY,EDINBURGH,6928,6928,0,6419,6419,0,7.92958
29/01/2018 16:44,2016,2015,B,Other Reporting Airports,JERSEY,EXETER,45990,45990,0,40795,40795,0,12.7344
29/01/2018 16:44,2016,2015,B,Other Reporting Airports,JERSEY,GATWICK,655150,655150,0,645206,645206,0,1.54121
29/01/2018 16:44,2016,2015,B,Other Reporting Airports,JERSEY,GLASGOW,40060,40060,0,34109,34109,0,17.44701
29/01/2018 16:44,2016,2015,B,Other Reporting Airports,JERSEY,GLOUCESTERSHIRE,490,490,0,558,558,0,-12.18638
29/01/2018 16:44,2016,2015,B,Other Reporting Airports,JERSEY,GUERNSEY,102982,102940,42,120199,120148,51,-14.32375
29/01/2018 16:44,2016,2015,B,Other Reporting Airports,JERSEY,HUMBERSIDE,2184,2184,0,2455,2455,0,-11.0387
29/01/2018 16:44,2016,2015,B,Other Reporting Airports,JERSEY,INVERNESS,1908,1908,0,2074,2021,53,-8.00386
29/01/2018 16:44,2016,2015,B,Other Reporting Airports,JERSEY,ISLE OF MAN,0,0,0,564,0,564,-100
29/01/2018 16:44,2016,2015,B,Other Reporting Airports,JERSEY,LEEDS BRADFORD,12200,12200,0,50035,50035,0,-75.61707
29/01/2018 16:44,2016,2015,B,Other Reporting Airports,JERSEY,LIVERPOOL (JOHN LENNON),115485,115342,143,107637,107637,0,7.29117
29/01/2018 16:44,2016,2015,B,Other Reporting Airports,JERSEY,LONDON CITY,37031,37031,0,42796,42796,0,-13.47089
29/01/2018 16:44,2016,2015,B,Other Reporting Airports,JERSEY,LUTON,35637,35637,0,78,0,78,45588.46154
29/01/2018 16:44,2016,2015,B,Other Reporting Airports,JERSEY,MANCHESTER,51024,51024,0,50652,50652,0,0.73442
29/01/2018 16:44,2016,2015,B,Other Reporting Airports,JERSEY,NEWCASTLE,23674,23674,0,17853,17853,0,32.60516
29/01/2018 16:44,2016,2015,B,Other Reporting Airports,JERSEY,NORWICH,3920,3920,0,2773,2773,0,41.36314
29/01/2018 16:44,2016,2015,B,Other Reporting Airports,JERSEY,SOUTHAMPTON,161927,161927,0,118862,118862,0,36.23109
29/01/2018 16:44,2016,2015,B,Other Reporting Airports,JERSEY,SOUTHEND,23687,23687,0,21607,21607,0,9.62651
29/01/2018 16:44,2016,2015,B,Other Reporting Airports,JERSEY,STORNOWAY,0,0,0,197,0,197,-100
29/01/2018 16:44,2016,2015,B,Other Reporting Airports,KIRKWALL,ABERDEEN,47668,47668,0,47851,47822,29,-0.38244
29/01/2018 16:44,2016,2015,B,Other Reporting Airports,KIRKWALL,DUNDEE,29,29,0,0,0,0,0
29/01/2018 16:44,2016,2015,B,Other Reporting Airports,KIRKWALL,EDAY,673,673,0,684,684,0,-1.60819
29/01/2018 16:44,2016,2015,B,Other Reporting Airports,KIRKWALL,EDINBURGH,45591,45556,35,44509,44509,0,2.43097
29/01/2018 16:44,2016,2015,B,Other Reporting Airports,KIRKWALL,GLASGOW,18240,18140,100,17196,17196,0,6.07118
29/01/2018 16:44,2016,2015,B,Other Reporting Airports,KIRKWALL,INVERNESS,9821,9821,0,10288,10288,0,-4.53927
29/01/2018 16:44,2016,2015,B,Other Reporting Airports,KIRKWALL,NORTH RONALDSAY,6423,6423,0,5624,5624,0,14.20697
29/01/2018 16:44,2016,2015,B,Other Reporting Airports,KIRKWALL,PAPA WESTRAY,4915,4915,0,4802,4802,0,2.35319
29/01/2018 16:44,2016,2015,B,Other Reporting Airports,KIRKWALL,SANDAY,3060,3060,0,3126,3126,0,-2.11132
29/01/2018 16:44,2016,2015,B,Other Reporting Airports,KIRKWALL,STRONSAY,3246,3246,0,3282,3282,0,-1.09689
29/01/2018 16:44,2016,2015,B,Other Reporting Airports,KIRKWALL,SUMBURGH,8953,8953,0,8429,8429,0,6.21663
29/01/2018 16:44,2016,2015,B,Other Reporting Airports,KIRKWALL,WESTRAY,3560,3560,0,3630,3630,0,-1.92837
29/01/2018 16:44,2016,2015,B,Other Reporting Airports,LEEDS BRADFORD,ABERDEEN,12853,12853,0,30273,30273,0,-57.54303
29/01/2018 16:44,2016,2015,B,Other Reporting Airports,LEEDS BRADFORD,BELFAST CITY (GEORGE BEST),159201,159136,65,150678,150678,0,5.65643
29/01/2018 16:44,2016,2015,B,Other Reporting Airports,LEEDS BRADFORD,BELFAST INTERNATIONAL,0,0,0,140,140,0,-100
29/01/2018 16:44,2016,2015,B,Other Reporting Airports,LEEDS BRADFORD,BIGGIN HILL,0,0,0,11,0,11,-100
29/01/2018 16:44,2016,2015,B,Other Reporting Airports,LEEDS BRADFORD,BIRMINGHAM,0,0,0,52,0,52,-100
29/01/2018 16:44,2016,2015,B,Other Reporting Airports,LEEDS BRADFORD,CARDIFF WALES,66,0,66,88,0,88,-25
29/01/2018 16:44,2016,2015,B,Other Reporting Airports,LEEDS BRADFORD,CITY OF DERRY (EGLINTON),0,0,0,185,185,0,-100
29/01/2018 16:44,2016,2015,B,Other Reporting Airports,LEEDS BRADFORD,DONCASTER SHEFFIELD,75,75,0,0,0,0,0
29/01/2018 16:44,2016,2015,B,Other Reporting Airports,LEEDS BRADFORD,DURHAM TEES VALLEY,37,37,0,0,0,0,0
29/01/2018 16:44,2016,2015,B,Other Reporting Airports,LEEDS BRADFORD,EAST MIDLANDS INTERNATIONAL,198,198,0,0,0,0,0
29/01/2018 16:44,2016,2015,B,Other Reporting Airports,LEEDS BRADFORD,FARNBOROUGH,0,0,0,9,0,9,-100
29/01/2018 16:44,2016,2015,B,Other Reporting Airports,LEEDS BRADFORD,GATWICK,126,0,126,147,0,147,-14.28571
29/01/2018 16:44,2016,2015,B,Other Reporting Airports,LEEDS BRADFORD,GLASGOW,8283,8283,0,8341,8341,0,-0.69536
29/01/2018 16:44,2016,2015,B,Other Reporting Airports,LEEDS BRADFORD,GUERNSEY,7661,7661,0,0,0,0,0
29/01/2018 16:44,2016,2015,B,Other Reporting Airports,LEEDS BRADFORD,HEATHROW,159693,159693,0,147596,147596,0,8.19602
29/01/2018 16:44,2016,2015,B,Other Reporting Airports,LEEDS BRADFORD,HUMBERSIDE,53,53,0,0,0,0,0
29/01/2018 16:44,2016,2015,B,Other Reporting Airports,LEEDS BRADFORD,INVERNESS,27,27,0,0,0,0,0
29/01/2018 16:44,2016,2015,B,Other Reporting Airports,LEEDS BRADFORD,ISLE OF MAN,68,68,0,108,0,108,-37.03704
29/01/2018 16:44,2016,2015,B,Other Reporting Airports,LEEDS BRADFORD,JERSEY,12173,12173,0,59459,59459,0,-79.52707
29/01/2018 16:44,2016,2015,B,Other Reporting Airports,LEEDS BRADFORD,LUTON,21,0,21,157,0,157,-86.6242
29/01/2018 16:44,2016,2015,B,Other Reporting Airports,LEEDS BRADFORD,MANCHESTER,5,5,0,0,0,0,0
29/01/2018 16:44,2016,2015,B,Other Reporting Airports,LEEDS BRADFORD,NEWCASTLE,21,21,0,0,0,0,0
29/01/2018 16:44,2016,2015,B,Other Reporting Airports,LEEDS BRADFORD,NEWQUAY,3171,3171,0,0,0,0,0
29/01/2018 16:44,2016,2015,B,Other Reporting Airports,LEEDS BRADFORD,NORTHOLT,9,0,9,0,0,0,0
29/01/2018 16:44,2016,2015,B,Other Reporting Airports,LEEDS BRADFORD,NORWICH,1,1,0,17,0,17,-94.11765
29/01/2018 16:44,2016,2015,B,Other Reporting Airports,LEEDS BRADFORD,SOUTHAMPTON,40850,40850,0,45772,45716,56,-10.7533
29/01/2018 16:44,2016,2015,B,Other Reporting Airports,LEEDS BRADFORD,STANSTED,0,0,0,42,0,42,-100
29/01/2018 16:44,2016,2015,B,Other Reporting Airports,LERWICK (TINGWALL),FAIR ISLE,3150,3150,0,2305,2305,0,36.65944
29/01/2018 16:44,2016,2015,B,Other Reporting Airports,LERWICK (TINGWALL),FOULA,1235,1235,0,1063,1063,0,16.18062
29/01/2018 16:44,2016,2015,B,Other Reporting Airports,LERWICK (TINGWALL),OUT SKERRIES,0,0,0,69,69,0,-100
29/01/2018 16:44,2016,2015,B,Other Reporting Airports,LERWICK (TINGWALL),PAPA STOUR,53,53,0,64,64,0,-17.1875
29/01/2018 16:44,2016,2015,B,Other Reporting Airports,LIVERPOOL (JOHN LENNON),ABERDEEN,24,0,24,0,0,0,0
29/01/2018 16:44,2016,2015,B,Other Reporting Airports,LIVERPOOL (JOHN LENNON),BELFAST CITY (GEORGE BEST),97258,97258,0,85656,85656,0,13.54488
29/01/2018 16:44,2016,2015,B,Other Reporting Airports,LIVERPOOL (JOHN LENNON),BELFAST INTERNATIONAL,462519,462519,0,423283,423283,0,9.26945
29/01/2018 16:44,2016,2015,B,Other Reporting Airports,LIVERPOOL (JOHN LENNON),BIGGIN HILL,199,0,199,71,0,71,180.28169
29/01/2018 16:44,2016,2015,B,Other Reporting Airports,LIVERPOOL (JOHN LENNON),BIRMINGHAM,3,3,0,0,0,0,0
29/01/2018 16:44,2016,2015,B,Other Reporting Airports,LIVERPOOL (JOHN LENNON),BOURNEMOUTH,363,0,363,268,0,268,35.44776
29/01/2018 16:44,2016,2015,B,Other Reporting Airports,LIVERPOOL (JOHN LENNON),BRISTOL,0,0,0,21,0,21,-100
29/01/2018 16:44,2016,2015,B,Other Reporting Airports,LIVERPOOL (JOHN LENNON),CARDIFF WALES,325,0,325,336,0,336,-3.27381
29/01/2018 16:44,2016,2015,B,Other Reporting Airports,LIVERPOOL (JOHN LENNON),CITY OF DERRY (EGLINTON),80248,80248,0,76305,76305,0,5.16742
29/01/2018 16:44,2016,2015,B,Other Reporting Airports,LIVERPOOL (JOHN LENNON),DUNDEE,0,0,0,78,0,78,-100
29/01/2018 16:44,2016,2015,B,Other Reporting Airports,LIVERPOOL (JOHN LENNON),DURHAM TEES VALLEY,115,0,115,142,0,142,-19.01408
29/01/2018 16:44,2016,2015,B,Other Reporting Airports,LIVERPOOL (JOHN LENNON),EAST MIDLANDS INTERNATIONAL,74,0,74,0,0,0,0
29/01/2018 16:44,2016,2015,B,Other Reporting Airports,LIVERPOOL (JOHN LENNON),EDINBURGH,15961,15961,0,2736,2736,0,483.36988
29/01/2018 16:44,2016,2015,B,Other Reporting Airports,LIVERPOOL (JOHN LENNON),EXETER,308,0,308,0,0,0,0
29/01/2018 16:44,2016,2015,B,Other Reporting Airports,LIVERPOOL (JOHN LENNON),FARNBOROUGH,97,0,97,196,0,196,-50.5102
29/01/2018 16:44,2016,2015,B,Other Reporting Airports,LIVERPOOL (JOHN LENNON),GATWICK,166,0,166,311,6,305,-46.62379
29/01/2018 16:44,2016,2015,B,Other Reporting Airports,LIVERPOOL (JOHN LENNON),GUERNSEY,54,54,0,0,0,0,0
29/01/2018 16:44,2016,2015,B,Other Reporting Airports,LIVERPOOL (JOHN LENNON),HEATHROW,40,0,40,150,0,150,-73.33333
29/01/2018 16:44,2016,2015,B,Other Reporting Airports,LIVERPOOL (JOHN LENNON),ISLE OF MAN,212581,212581,0,199594,199594,0,6.50671
29/01/2018 16:44,2016,2015,B,Other Reporting Airports,LIVERPOOL (JOHN LENNON),JERSEY,116406,116406,0,107776,107776,0,8.00735
29/01/2018 16:44,2016,2015,B,Other Reporting Airports,LIVERPOOL (JOHN LENNON),LEEDS BRADFORD,21,21,0,0,0,0,0
29/01/2018 16:44,2016,2015,B,Other Reporting Airports,LIVERPOOL (JOHN LENNON),LONDON CITY,76,0,76,0,0,0,0
29/01/2018 16:44,2016,2015,B,Other Reporting Airports,LIVERPOOL (JOHN LENNON),LUTON,604,0,604,485,0,485,24.53608
29/01/2018 16:44,2016,2015,B,Other Reporting Airports,LIVERPOOL (JOHN LENNON),MANCHESTER,38,38,0,0,0,0,0
29/01/2018 16:44,2016,2015,B,Other Reporting Airports,LIVERPOOL (JOHN LENNON),NEWCASTLE,406,0,406,478,0,478,-15.06276
29/01/2018 16:44,2016,2015,B,Other Reporting Airports,LIVERPOOL (JOHN LENNON),NEWQUAY,1851,1851,0,5224,5224,0,-64.56738
29/01/2018 16:44,2016,2015,B,Other Reporting Airports,LIVERPOOL (JOHN LENNON),NORWICH,253,0,253,220,0,220,15
29/01/2018 16:44,2016,2015,B,Other Reporting Airports,LIVERPOOL (JOHN LENNON),OXFORD (KIDLINGTON),0,0,0,72,0,72,-100
29/01/2018 16:44,2016,2015,B,Other Reporting Airports,LIVERPOOL (JOHN LENNON),SOUTHAMPTON,327,0,327,351,0,351,-6.83761
29/01/2018 16:44,2016,2015,B,Other Reporting Airports,LIVERPOOL (JOHN LENNON),STANSTED,536,0,536,456,0,456,17.54386
29/01/2018 16:44,2016,2015,B,Other Reporting Airports,MANCHESTER,ABERDEEN,200600,199773,827,200785,199321,1464,-0.09214
29/01/2018 16:44,2016,2015,B,Other Reporting Airports,MANCHESTER,BELFAST CITY (GEORGE BEST),264798,264798,0,274812,274812,0,-3.64395
29/01/2018 16:44,2016,2015,B,Other Reporting Airports,MANCHESTER,BELFAST INTERNATIONAL,251315,251270,45,222578,222535,43,12.91098
29/01/2018 16:44,2016,2015,B,Other Reporting Airports,MANCHESTER,BIGGIN HILL,85,0,85,122,0,122,-30.32787
29/01/2018 16:44,2016,2015,B,Other Reporting Airports,MANCHESTER,BIRMINGHAM,167,167,0,0,0,0,0
29/01/2018 16:44,2016,2015,B,Other Reporting Airports,MANCHESTER,BOURNEMOUTH,3675,3167,508,29493,29214,279,-87.53942
29/01/2018 16:44,2016,2015,B,Other Reporting Airports,MANCHESTER,BRISTOL,25,0,25,0,0,0,0
29/01/2018 16:44,2016,2015,B,Other Reporting Airports,MANCHESTER,CAMBRIDGE,33,0,33,0,0,0,0
29/01/2018 16:44,2016,2015,B,Other Reporting Airports,MANCHESTER,CARDIFF WALES,326,0,326,654,0,654,-50.15291
29/01/2018 16:44,2016,2015,B,Other Reporting Airports,MANCHESTER,DURHAM TEES VALLEY,122,0,122,0,0,0,0
29/01/2018 16:44,2016,2015,B,Other Reporting Airports,MANCHESTER,EDINBURGH,102233,102233,0,113893,113893,0,-10.23768
29/01/2018 16:44,2016,2015,B,Other Reporting Airports,MANCHESTER,EXETER,112523,112523,0,126974,126898,76,-11.38107
29/01/2018 16:44,2016,2015,B,Other Reporting Airports,MANCHESTER,FARNBOROUGH,33,0,33,160,0,160,-79.375
29/01/2018 16:44,2016,2015,B,Other Reporting Airports,MANCHESTER,GATWICK,259,0,259,894,309,585,-71.02908
29/01/2018 16:44,2016,2015,B,Other Reporting Airports,MANCHESTER,GLASGOW,43249,42913,336,44996,44913,83,-3.88257
29/01/2018 16:44,2016,2015,B,Other Reporting Airports,MANCHESTER,GUERNSEY,64784,64784,0,67624,67624,0,-4.19969
29/01/2018 16:44,2016,2015,B,Other Reporting Airports,MANCHESTER,HEATHROW,689334,689260,74,771643,771547,96,-10.66672
29/01/2018 16:44,2016,2015,B,Other Reporting Airports,MANCHESTER,INVERNESS,67698,67698,0,83994,83994,0,-19.40139
29/01/2018 16:44,2016,2015,B,Other Reporting Airports,MANCHESTER,ISLE OF MAN,158014,157996,18,157644,157620,24,0.23471
29/01/2018 16:44,2016,2015,B,Other Reporting Airports,MANCHESTER,JERSEY,51070,51070,0,50622,50622,0,0.88499
29/01/2018 16:44,2016,2015,B,Other Reporting Airports,MANCHESTER,LEEDS BRADFORD,2,2,0,0,0,0,0
29/01/2018 16:44,2016,2015,B,Other Reporting Airports,MANCHESTER,LIVERPOOL (JOHN LENNON),199,38,161,0,0,0,0
29/01/2018 16:44,2016,2015,B,Other Reporting Airports,MANCHESTER,LUTON,452,0,452,566,0,566,-20.14134
29/01/2018 16:44,2016,2015,B,Other Reporting Airports,MANCHESTER,NEWCASTLE,391,3,388,712,0,712,-45.08427
29/01/2018 16:44,2016,2015,B,Other Reporting Airports,MANCHESTER,NEWQUAY,66480,66480,0,54580,54580,0,21.80286
29/01/2018 16:44,2016,2015,B,Other Reporting Airports,MANCHESTER,NORWICH,25847,25461,386,27702,27356,346,-6.69627
29/01/2018 16:44,2016,2015,B,Other Reporting Airports,MANCHESTER,PRESTWICK,57,0,57,0,0,0,0
29/01/2018 16:44,2016,2015,B,Other Reporting Airports,MANCHESTER,SOUTHAMPTON,188597,188286,311,149884,149657,227,25.82864
29/01/2018 16:44,2016,2015,B,Other Reporting Airports,MANCHESTER,SOUTHEND,112,0,112,282,0,282,-60.28369
29/01/2018 16:44,2016,2015,B,Other Reporting Airports,MANCHESTER,STANSTED,597,0,597,479,0,479,24.63466
29/01/2018 16:44,2016,2015,B,Other Reporting Airports,MANCHESTER,STORNOWAY,0,0,0,68,0,68,-100
29/01/2018 16:44,2016,2015,B,Other Reporting Airports,NEWCASTLE,ABERDEEN,19415,19368,47,30248,30187,61,-35.81394
29/01/2018 16:44,2016,2015,B,Other Reporting Airports,NEWCASTLE,BELFAST CITY (GEORGE BEST),9821,9821,0,24469,24469,0,-59.8635
29/01/2018 16:44,2016,2015,B,Other Reporting Airports,NEWCASTLE,BELFAST INTERNATIONAL,247903,247903,0,218238,218238,0,13.59296
29/01/2018 16:44,2016,2015,B,Other Reporting Airports,NEWCASTLE,BIGGIN HILL,40,0,40,91,0,91,-56.04396
29/01/2018 16:44,2016,2015,B,Other Reporting Airports,NEWCASTLE,BIRMINGHAM,3859,3382,477,8850,8349,501,-56.39548
29/01/2018 16:44,2016,2015,B,Other Reporting Airports,NEWCASTLE,BOURNEMOUTH,223,66,157,155,0,155,43.87097
29/01/2018 16:44,2016,2015,B,Other Reporting Airports,NEWCASTLE,BRISTOL,162748,162586,162,168305,168258,47,-3.30174
29/01/2018 16:44,2016,2015,B,Other Reporting Airports,NEWCASTLE,CAMBRIDGE,0,0,0,44,0,44,-100
29/01/2018 16:44,2016,2015,B,Other Reporting Airports,NEWCASTLE,CARDIFF WALES,12785,12573,212,13017,12628,389,-1.78228
29/01/2018 16:44,2016,2015,B,Other Reporting Airports,NEWCASTLE,DURHAM TEES VALLEY,0,0,0,29,0,29,-100
29/01/2018 16:44,2016,2015,B,Other Reporting Airports,NEWCASTLE,EAST MIDLANDS INTERNATIONAL,308,0,308,288,0,288,6.94444
29/01/2018 16:44,2016,2015,B,Other Reporting Airports,NEWCASTLE,EDINBURGH,233,0,233,0,0,0,0
29/01/2018 16:44,2016,2015,B,Other Reporting Airports,NEWCASTLE,EXETER,39215,39133,82,35373,35287,86,10.86139
29/01/2018 16:44,2016,2015,B,Other Reporting Airports,NEWCASTLE,FARNBOROUGH,92,0,92,39,0,39,135.89744
29/01/2018 16:44,2016,2015,B,Other Reporting Airports,NEWCASTLE,GATWICK,238,0,238,27547,27304,243,-99.13602
29/01/2018 16:44,2016,2015,B,Other Reporting Airports,NEWCASTLE,HEATHROW,497386,497301,85,510560,510341,219,-2.5803
29/01/2018 16:44,2016,2015,B,Other Reporting Airports,NEWCASTLE,HUMBERSIDE,298,0,298,0,0,0,0
29/01/2018 16:44,2016,2015,B,Other Reporting Airports,NEWCASTLE,INVERNESS,0,0,0,27,0,27,-100
29/01/2018 16:44,2016,2015,B,Other Reporting Airports,NEWCASTLE,ISLE OF MAN,2969,2969,0,4367,4367,0,-32.01282
29/01/2018 16:44,2016,2015,B,Other Reporting Airports,NEWCASTLE,JERSEY,24015,24015,0,17938,17938,0,33.8778
29/01/2018 16:44,2016,2015,B,Other Reporting Airports,NEWCASTLE,LIVERPOOL (JOHN LENNON),356,0,356,504,0,504,-29.36508
29/01/2018 16:44,2016,2015,B,Other Reporting Airports,NEWCASTLE,LUTON,596,0,596,757,0,757,-21.26816
29/01/2018 16:44,2016,2015,B,Other Reporting Airports,NEWCASTLE,MANCHESTER,446,0,446,1064,0,1064,-58.08271
29/01/2018 16:44,2016,2015,B,Other Reporting Airports,NEWCASTLE,NEWQUAY,1922,1922,0,2148,2148,0,-10.52142
29/01/2018 16:44,2016,2015,B,Other Reporting Airports,NEWCASTLE,NORWICH,255,0,255,189,0,189,34.92063
29/01/2018 16:44,2016,2015,B,Other Reporting Airports,NEWCASTLE,PRESTWICK,0,0,0,10,0,10,-100
29/01/2018 16:44,2016,2015,B,Other Reporting Airports,NEWCASTLE,SOUTHAMPTON,117767,117462,305,109455,109141,314,7.59399
29/01/2018 16:44,2016,2015,B,Other Reporting Airports,NEWCASTLE,SOUTHEND,88,0,88,0,0,0,0
29/01/2018 16:44,2016,2015,B,Other Reporting Airports,NEWCASTLE,STANSTED,2537,1788,749,31840,30689,1151,-92.03204
29/01/2018 16:44,2016,2015,B,Other Reporting Airports,NEWQUAY,ABERDEEN,1534,1534,0,0,0,0,0
29/01/2018 16:44,2016,2015,B,Other Reporting Airports,NEWQUAY,BELFAST CITY (GEORGE BEST),1778,1778,0,1606,1606,0,10.70984
29/01/2018 16:44,2016,2015,B,Other Reporting Airports,NEWQUAY,BIRMINGHAM,23641,23573,68,23648,23648,0,-0.0296
29/01/2018 16:44,2016,2015,B,Other Reporting Airports,NEWQUAY,DONCASTER SHEFFIELD,10003,10003,0,0,0,0,0
29/01/2018 16:44,2016,2015,B,Other Reporting Airports,NEWQUAY,EDAY,746,746,0,0,0,0,0
29/01/2018 16:44,2016,2015,B,Other Reporting Airports,NEWQUAY,EDINBURGH,1921,1921,0,2328,2328,0,-17.48282
29/01/2018 16:44,2016,2015,B,Other Reporting Airports,NEWQUAY,EXETER,204,204,0,20,20,0,920
29/01/2018 16:44,2016,2015,B,Other Reporting Airports,NEWQUAY,GATWICK,149376,149376,0,115118,115118,0,29.75903
29/01/2018 16:44,2016,2015,B,Other Reporting Airports,NEWQUAY,GLASGOW,2272,2272,0,0,0,0,0
29/01/2018 16:44,2016,2015,B,Other Reporting Airports,NEWQUAY,GUERNSEY,78,78,0,37,0,37,110.81081
29/01/2018 16:44,2016,2015,B,Other Reporting Airports,NEWQUAY,ISLES OF SCILLY (ST.MARYS),19253,19253,0,19982,19982,0,-3.64828
29/01/2018 16:44,2016,2015,B,Other Reporting Airports,NEWQUAY,JERSEY,61,61,0,0,0,0,0
29/01/2018 16:44,2016,2015,B,Other Reporting Airports,NEWQUAY,LANDS END (ST JUST),17,17,0,0,0,0,0
29/01/2018 16:44,2016,2015,B,Other Reporting Airports,NEWQUAY,LEEDS BRADFORD,3213,3213,0,0,0,0,0
29/01/2018 16:44,2016,2015,B,Other Reporting Airports,NEWQUAY,LIVERPOOL (JOHN LENNON),1911,1911,0,5224,5224,0,-63.41884
29/01/2018 16:44,2016,2015,B,Other Reporting Airports,NEWQUAY,MANCHESTER,66994,66994,0,54786,54786,0,22.28307
29/01/2018 16:44,2016,2015,B,Other Reporting Airports,NEWQUAY,NEWCASTLE,1936,1936,0,2125,2125,0,-8.89412
29/01/2018 16:44,2016,2015,B,Other Reporting Airports,NEWQUAY,NORWICH,48,48,0,0,0,0,0
29/01/2018 16:44,2016,2015,B,Other Reporting Airports,NEWQUAY,STANSTED,21124,21124,0,14194,14194,0,48.82345
29/01/2018 16:44,2016,2015,B,Other Reporting Airports,NORWICH,ABERDEEN,42600,42600,0,49993,49993,0,-14.78807
29/01/2018 16:44,2016,2015,B,Other Reporting Airports,NORWICH,BOURNEMOUTH,0,0,0,128,0,128,-100
29/01/2018 16:44,2016,2015,B,Other Reporting Airports,NORWICH,BRISTOL,119,113,6,0,0,0,0
29/01/2018 16:44,2016,2015,B,Other Reporting Airports,NORWICH,CARDIFF WALES,36,0,36,614,447,167,-94.13681
29/01/2018 16:44,2016,2015,B,Other Reporting Airports,NORWICH,DURHAM TEES VALLEY,39,39,0,15,15,0,160
29/01/2018 16:44,2016,2015,B,Other Reporting Airports,NORWICH,EAST MIDLANDS INTERNATIONAL,0,0,0,3,3,0,-100
29/01/2018 16:44,2016,2015,B,Other Reporting Airports,NORWICH,EDINBURGH,25569,25569,0,29141,28994,147,-12.25764
29/01/2018 16:44,2016,2015,B,Other Reporting Airports,NORWICH,EXETER,22113,22113,0,109,0,109,20187.15596
29/01/2018 16:44,2016,2015,B,Other Reporting Airports,NORWICH,GATWICK,40,0,40,0,0,0,0
29/01/2018 16:44,2016,2015,B,Other Reporting Airports,NORWICH,GUERNSEY,1223,1223,0,619,619,0,97.57674
29/01/2018 16:44,2016,2015,B,Other Reporting Airports,NORWICH,HUMBERSIDE,39,39,0,0,0,0,0
29/01/2018 16:44,2016,2015,B,Other Reporting Airports,NORWICH,JERSEY,3990,3990,0,2770,2770,0,44.04332
29/01/2018 16:44,2016,2015,B,Other Reporting Airports,NORWICH,LEEDS BRADFORD,32,32,0,0,0,0,0
29/01/2018 16:44,2016,2015,B,Other Reporting Airports,NORWICH,LIVERPOOL (JOHN LENNON),0,0,0,77,0,77,-100
29/01/2018 16:44,2016,2015,B,Other Reporting Airports,NORWICH,MANCHESTER,25712,25545,167,27575,27376,199,-6.75612
29/01/2018 16:44,2016,2015,B,Other Reporting Airports,NORWICH,NEWCASTLE,51,51,0,109,0,109,-53.21101
29/01/2018 16:44,2016,2015,B,Other Reporting Airports,NORWICH,SOUTHAMPTON,87,0,87,65,0,65,33.84615
29/01/2018 16:44,2016,2015,B,Other Reporting Airports,NORWICH,WARTON,6,6,0,0,0,0,0
29/01/2018 16:44,2016,2015,B,Other Reporting Airports,OXFORD (KIDLINGTON),SOUTHAMPTON,48,48,0,0,0,0,0
29/01/2018 16:44,2016,2015,B,Other Reporting Airports,PRESTWICK,ABERDEEN,49,0,49,0,0,0,0
29/01/2018 16:44,2016,2015,B,Other Reporting Airports,PRESTWICK,BELFAST INTERNATIONAL,48,0,48,0,0,0,0
29/01/2018 16:44,2016,2015,B,Other Reporting Airports,PRESTWICK,BIRMINGHAM,77,0,77,0,0,0,0
29/01/2018 16:44,2016,2015,B,Other Reporting Airports,PRESTWICK,EAST MIDLANDS INTERNATIONAL,54,0,54,0,0,0,0
29/01/2018 16:44,2016,2015,B,Other Reporting Airports,PRESTWICK,MANCHESTER,93,0,93,0,0,0,0
29/01/2018 16:44,2016,2015,B,Other Reporting Airports,SCATSTA,ABERDEEN,22744,0,22744,139151,0,139151,-83.65517
29/01/2018 16:44,2016,2015,B,Other Reporting Airports,SOUTHAMPTON,ABERDEEN,27743,27743,0,29542,29542,0,-6.08964
29/01/2018 16:44,2016,2015,B,Other Reporting Airports,SOUTHAMPTON,ALDERNEY,19964,19964,0,24317,24317,0,-17.90106
29/01/2018 16:44,2016,2015,B,Other Reporting Airports,SOUTHAMPTON,BELFAST CITY (GEORGE BEST),118526,118526,0,109885,109885,0,7.86368
29/01/2018 16:44,2016,2015,B,Other Reporting Airports,SOUTHAMPTON,BELFAST INTERNATIONAL,0,0,0,190,0,190,-100
29/01/2018 16:44,2016,2015,B,Other Reporting Airports,SOUTHAMPTON,BIRMINGHAM,146,46,100,0,0,0,0
29/01/2018 16:44,2016,2015,B,Other Reporting Airports,SOUTHAMPTON,BOURNEMOUTH,198,198,0,0,0,0,0
29/01/2018 16:44,2016,2015,B,Other Reporting Airports,SOUTHAMPTON,CAMBRIDGE,0,0,0,32,0,32,-100
29/01/2018 16:44,2016,2015,B,Other Reporting Airports,SOUTHAMPTON,CARDIFF WALES,93,22,71,59,0,59,57.62712
29/01/2018 16:44,2016,2015,B,Other Reporting Airports,SOUTHAMPTON,CITY OF DERRY (EGLINTON),0,0,0,176,0,176,-100
29/01/2018 16:44,2016,2015,B,Other Reporting Airports,SOUTHAMPTON,DURHAM TEES VALLEY,66,0,66,0,0,0,0
29/01/2018 16:44,2016,2015,B,Other Reporting Airports,SOUTHAMPTON,EAST MIDLANDS INTERNATIONAL,0,0,0,65,0,65,-100
29/01/2018 16:44,2016,2015,B,Other Reporting Airports,SOUTHAMPTON,EDINBURGH,199283,199283,0,194914,194914,0,2.2415
29/01/2018 16:44,2016,2015,B,Other Reporting Airports,SOUTHAMPTON,EXETER,11,11,0,0,0,0,0
29/01/2018 16:44,2016,2015,B,Other Reporting Airports,SOUTHAMPTON,GLASGOW,179447,179399,48,158392,158392,0,13.29297
29/01/2018 16:44,2016,2015,B,Other Reporting Airports,SOUTHAMPTON,GUERNSEY,137211,137211,0,141518,141491,27,-3.04343
29/01/2018 16:44,2016,2015,B,Other Reporting Airports,SOUTHAMPTON,HUMBERSIDE,80,0,80,65,0,65,23.07692
29/01/2018 16:44,2016,2015,B,Other Reporting Airports,SOUTHAMPTON,JERSEY,163295,163270,25,162470,162470,0,0.50779
29/01/2018 16:44,2016,2015,B,Other Reporting Airports,SOUTHAMPTON,LEEDS BRADFORD,13796,13782,14,59735,59667,68,-76.90466
29/01/2018 16:44,2016,2015,B,Other Reporting Airports,SOUTHAMPTON,LIVERPOOL (JOHN LENNON),317,0,317,277,0,277,14.44043
29/01/2018 16:44,2016,2015,B,Other Reporting Airports,SOUTHAMPTON,LONDON CITY,84,84,0,0,0,0,0
29/01/2018 16:44,2016,2015,B,Other Reporting Airports,SOUTHAMPTON,MANCHESTER,190774,190475,299,151699,151279,420,25.75824
29/01/2018 16:44,2016,2015,B,Other Reporting Airports,SOUTHAMPTON,NEWCASTLE,118388,118264,124,110159,109869,290,7.47011
29/01/2018 16:44,2016,2015,B,Other Reporting Airports,SOUTHAMPTON,NEWQUAY,117,117,0,0,0,0,0
29/01/2018 16:44,2016,2015,B,Other Reporting Airports,SOUTHAMPTON,NORWICH,136,52,84,65,0,65,109.23077
29/01/2018 16:44,2016,2015,B,Other Reporting Airports,STORNOWAY,ABERDEEN,5133,5133,0,5449,5449,0,-5.79923
29/01/2018 16:44,2016,2015,B,Other Reporting Airports,STORNOWAY,BENBECULA,6131,6131,0,6414,6414,0,-4.41222
29/01/2018 16:44,2016,2015,B,Other Reporting Airports,STORNOWAY,EAST MIDLANDS INTERNATIONAL,0,0,0,230,0,230,-100
29/01/2018 16:44,2016,2015,B,Other Reporting Airports,STORNOWAY,EDINBURGH,18450,18450,0,18499,18499,0,-0.26488
29/01/2018 16:44,2016,2015,B,Other Reporting Airports,STORNOWAY,GLASGOW,64281,64281,0,61854,61854,0,3.92376
29/01/2018 16:44,2016,2015,B,Other Reporting Airports,STORNOWAY,INVERNESS,30110,30110,0,32425,32328,97,-7.13955
29/01/2018 16:44,2016,2015,B,Other Reporting Airports,STORNOWAY,JERSEY,0,0,0,102,0,102,-100
29/01/2018 16:44,2016,2015,B,Other Reporting Airports,STORNOWAY,MANCHESTER,0,0,0,68,0,68,-100
29/01/2018 16:44,2016,2015,B,Other Reporting Airports,STORNOWAY,TIREE,28,28,0,0,0,0,0
29/01/2018 16:44,2016,2015,B,Other Reporting Airports,STORNOWAY,WICK JOHN O GROATS,21,21,0,0,0,0,0
29/01/2018 16:44,2016,2015,B,Other Reporting Airports,SUMBURGH,ABERDEEN,75045,73071,1974,144474,75887,68587,-48.0564
29/01/2018 16:44,2016,2015,B,Other Reporting Airports,SUMBURGH,EDINBURGH,42959,42959,0,44371,44371,0,-3.18226
29/01/2018 16:44,2016,2015,B,Other Reporting Airports,SUMBURGH,FAIR ISLE,126,126,0,112,112,0,12.5
29/01/2018 16:44,2016,2015,B,Other Reporting Airports,SUMBURGH,GLASGOW,28878,28878,0,28297,28297,0,2.05322
29/01/2018 16:44,2016,2015,B,Other Reporting Airports,SUMBURGH,INVERNESS,3476,3476,0,3712,3712,0,-6.35776
29/01/2018 16:44,2016,2015,B,Other Reporting Airports,SUMBURGH,KIRKWALL,18486,18486,0,17947,17947,0,3.00329
29/01/2018 16:44,2016,2015,B,Other Reporting Airports,SUMBURGH,LERWICK (TINGWALL),2,2,0,0,0,0,0
29/01/2018 16:44,2016,2015,B,Other Reporting Airports,SUMBURGH,SCATSTA,68,0,68,36,0,36,88.88889
29/01/2018 16:44,2016,2015,B,Other Reporting Airports,TIREE,CAMPBELTOWN,18,18,0,0,0,0,0
29/01/2018 16:44,2016,2015,B,Other Reporting Airports,TIREE,GLASGOW,10082,10082,0,8496,8496,0,18.66761
29/01/2018 16:44,2016,2015,B,Other Reporting Airports,TIREE,ISLAY,23,23,0,0,0,0,0
29/01/2018 16:44,2016,2015,B,Other Reporting Airports,WICK JOHN O GROATS,ABERDEEN,8280,8280,0,12061,10753,1308,-31.34898
29/01/2018 16:44,2016,2015,B,Other Reporting Airports,WICK JOHN O GROATS,EDINBURGH,11510,11510,0,11008,11008,0,4.56032
29/01/2018 16:44,2016,2015,B,Other Reporting Airports,WICK JOHN O GROATS,FARNBOROUGH,12,0,12,12,0,12,0
29/01/2018 16:44,2016,2015,B,Other Reporting Airports,WICK JOHN O GROATS,KIRKWALL,0,0,0,31,31,0,-100

