rundate,this_period,last_period,grp_cd,grp_name,apt1_apt_name,apt2_apt_name,total_pax_tp,total_pax_shd_tp,total_pax_cht_tp,total_pax_lp,total_pax_shd_lp,total_pax_cht_lp,total_pax_pc
16/04/2021 17:24,2020,2019,A,London Area Airports,GATWICK,ABERDEEN,67,67,0,10472,10472,0,-99.3602
16/04/2021 17:24,2020,2019,A,London Area Airports,GATWICK,BELFAST INTERNATIONAL,221958,221479,479,581909,581909,0,-61.85692
16/04/2021 17:24,2020,2019,A,London Area Airports,GATWICK,BIRMINGHAM,1129,371,758,609,362,247,85.38588
16/04/2021 17:24,2020,2019,A,London Area Airports,GATWICK,BLACKPOOL,78,0,78,0,0,0,0
16/04/2021 17:24,2020,2019,A,London Area Airports,GATWICK,BOURNEMOUTH,0,0,0,58,58,0,-100
16/04/2021 17:24,2020,2019,A,London Area Airports,GATWICK,BRISTOL,314,181,133,0,0,0,0
16/04/2021 17:24,2020,2019,A,London Area Airports,GATWICK,DONCASTER SHEFFIELD,128,3,125,62,0,62,106.45161
16/04/2021 17:24,2020,2019,A,London Area Airports,GATWICK,DUNDEE,100,0,100,0,0,0,0
16/04/2021 17:24,2020,2019,A,London Area Airports,GATWICK,EAST MIDLANDS INTERNATIONAL,159,0,159,145,0,145,9.65517
16/04/2021 17:24,2020,2019,A,London Area Airports,GATWICK,EDINBURGH,202694,202316,378,731793,731793,0,-72.30173
16/04/2021 17:24,2020,2019,A,London Area Airports,GATWICK,EXETER,17,0,17,0,0,0,0
16/04/2021 17:24,2020,2019,A,London Area Airports,GATWICK,GLASGOW,175346,175346,0,641566,641121,445,-72.66906
16/04/2021 17:24,2020,2019,A,London Area Airports,GATWICK,GUERNSEY,52504,52504,0,310399,310399,0,-83.085
16/04/2021 17:24,2020,2019,A,London Area Airports,GATWICK,HEATHROW,757,757,0,314,314,0,141.0828
16/04/2021 17:24,2020,2019,A,London Area Airports,GATWICK,HUMBERSIDE,76,0,76,8,0,8,850
16/04/2021 17:24,2020,2019,A,London Area Airports,GATWICK,INVERNESS,83462,83462,0,258376,258376,0,-67.69746
16/04/2021 17:24,2020,2019,A,London Area Airports,GATWICK,ISLE OF MAN,31892,31892,0,177200,177200,0,-82.00226
16/04/2021 17:24,2020,2019,A,London Area Airports,GATWICK,JERSEY,176871,176871,0,692449,692449,0,-74.45718
16/04/2021 17:24,2020,2019,A,London Area Airports,GATWICK,LEEDS BRADFORD,0,0,0,88,0,88,-100
16/04/2021 17:24,2020,2019,A,London Area Airports,GATWICK,LIVERPOOL (JOHN LENNON),332,0,332,404,102,302,-17.82178
16/04/2021 17:24,2020,2019,A,London Area Airports,GATWICK,LUTON,122,122,0,0,0,0,0
16/04/2021 17:24,2020,2019,A,London Area Airports,GATWICK,MANCHESTER,1165,165,1000,1233,183,1050,-5.515
16/04/2021 17:24,2020,2019,A,London Area Airports,GATWICK,NEWCASTLE,466,122,344,349,0,349,33.52436
16/04/2021 17:24,2020,2019,A,London Area Airports,GATWICK,NEWQUAY,0,0,0,40404,40404,0,-100
16/04/2021 17:24,2020,2019,A,London Area Airports,GATWICK,NORWICH,77,0,77,72,7,65,6.94444
16/04/2021 17:24,2020,2019,A,London Area Airports,GATWICK,PRESTWICK,1,0,1,0,0,0,0
16/04/2021 17:24,2020,2019,A,London Area Airports,GATWICK,SOUTHEND,42,0,42,234,0,234,-82.05128
16/04/2021 17:24,2020,2019,A,London Area Airports,GATWICK,STANSTED,453,269,184,165,140,25,174.54545
16/04/2021 17:24,2020,2019,A,London Area Airports,GATWICK,TEESSIDE INTERNATIONAL AIRPORT,0,0,0,34,0,34,-100
16/04/2021 17:24,2020,2019,A,London Area Airports,HEATHROW,ABERDEEN,203094,203094,0,692289,692289,0,-70.66341
16/04/2021 17:24,2020,2019,A,London Area Airports,HEATHROW,BELFAST CITY (GEORGE BEST),261777,261777,0,668575,668575,0,-60.84553
16/04/2021 17:24,2020,2019,A,London Area Airports,HEATHROW,BELFAST INTERNATIONAL,107,107,0,0,0,0,0
16/04/2021 17:24,2020,2019,A,London Area Airports,HEATHROW,CARDIFF WALES,0,0,0,21,0,21,-100
16/04/2021 17:24,2020,2019,A,London Area Airports,HEATHROW,EDINBURGH,329438,329381,57,1196921,1196921,0,-72.47621
16/04/2021 17:24,2020,2019,A,London Area Airports,HEATHROW,GATWICK,11,0,11,0,0,0,0
16/04/2021 17:24,2020,2019,A,London Area Airports,HEATHROW,GLASGOW,271723,271723,0,865008,865008,0,-68.58723
16/04/2021 17:24,2020,2019,A,London Area Airports,HEATHROW,GUERNSEY,5477,5477,0,27835,27835,0,-80.32333
16/04/2021 17:24,2020,2019,A,London Area Airports,HEATHROW,INVERNESS,42920,42920,0,140358,140358,0,-69.42105
16/04/2021 17:24,2020,2019,A,London Area Airports,HEATHROW,ISLE OF MAN,794,794,0,18016,18016,0,-95.59281
16/04/2021 17:24,2020,2019,A,London Area Airports,HEATHROW,JERSEY,56170,56170,0,0,0,0,0
16/04/2021 17:24,2020,2019,A,London Area Airports,HEATHROW,LEEDS BRADFORD,21089,21089,0,100189,100189,0,-78.95078
16/04/2021 17:24,2020,2019,A,London Area Airports,HEATHROW,LIVERPOOL (JOHN LENNON),4,4,0,0,0,0,0
16/04/2021 17:24,2020,2019,A,London Area Airports,HEATHROW,LONDON CITY,1,1,0,0,0,0,0
16/04/2021 17:24,2020,2019,A,London Area Airports,HEATHROW,LUTON,0,0,0,3,3,0,-100
16/04/2021 17:24,2020,2019,A,London Area Airports,HEATHROW,MANCHESTER,173450,173450,0,554201,554201,0,-68.70269
16/04/2021 17:24,2020,2019,A,London Area Airports,HEATHROW,NEWCASTLE,114996,114996,0,461804,461804,0,-75.09853
16/04/2021 17:24,2020,2019,A,London Area Airports,HEATHROW,NEWQUAY,38751,38751,0,141230,141230,0,-72.56178
16/04/2021 17:24,2020,2019,A,London Area Airports,HEATHROW,TEESSIDE INTERNATIONAL AIRPORT,802,802,0,0,0,0,0
16/04/2021 17:24,2020,2019,A,London Area Airports,LONDON CITY,ABERDEEN,0,0,0,5002,5002,0,-100
16/04/2021 17:24,2020,2019,A,London Area Airports,LONDON CITY,BELFAST CITY (GEORGE BEST),34287,34287,0,212767,212767,0,-83.88519
16/04/2021 17:24,2020,2019,A,London Area Airports,LONDON CITY,BOURNEMOUTH,43,0,43,0,0,0,0
16/04/2021 17:24,2020,2019,A,London Area Airports,LONDON CITY,DUNDEE,3499,3499,0,0,0,0,0
16/04/2021 17:24,2020,2019,A,London Area Airports,LONDON CITY,EDINBURGH,95446,95446,0,513360,513274,86,-81.40759
16/04/2021 17:24,2020,2019,A,London Area Airports,LONDON CITY,EXETER,4189,4189,0,32570,32570,0,-87.13847
16/04/2021 17:24,2020,2019,A,London Area Airports,LONDON CITY,GLASGOW,51562,51562,0,253784,253784,0,-79.68272
16/04/2021 17:24,2020,2019,A,London Area Airports,LONDON CITY,ISLE OF MAN,14830,14830,0,57184,57184,0,-74.06617
16/04/2021 17:24,2020,2019,A,London Area Airports,LONDON CITY,JERSEY,4519,4519,0,34215,34215,0,-86.79234
16/04/2021 17:24,2020,2019,A,London Area Airports,LONDON CITY,LIVERPOOL (JOHN LENNON),50,0,50,0,0,0,0
16/04/2021 17:24,2020,2019,A,London Area Airports,LONDON CITY,MANCHESTER,679,679,0,3227,3227,0,-78.95879
16/04/2021 17:24,2020,2019,A,London Area Airports,LONDON CITY,NEWCASTLE,0,0,0,2696,2696,0,-100
16/04/2021 17:24,2020,2019,A,London Area Airports,LONDON CITY,SOUTHAMPTON,0,0,0,52,52,0,-100
16/04/2021 17:24,2020,2019,A,London Area Airports,LONDON CITY,SOUTHEND,15,15,0,0,0,0,0
16/04/2021 17:24,2020,2019,A,London Area Airports,LONDON CITY,TEESSIDE INTERNATIONAL AIRPORT,282,282,0,0,0,0,0
16/04/2021 17:24,2020,2019,A,London Area Airports,LUTON,ABERDEEN,25427,25427,0,79592,79592,0,-68.05332
16/04/2021 17:24,2020,2019,A,London Area Airports,LUTON,BELFAST CITY (GEORGE BEST),0,0,0,77,77,0,-100
16/04/2021 17:24,2020,2019,A,London Area Airports,LUTON,BELFAST INTERNATIONAL,131086,131086,0,341091,341091,0,-61.56861
16/04/2021 17:24,2020,2019,A,London Area Airports,LUTON,EDINBURGH,96321,96321,0,312737,312737,0,-69.20064
16/04/2021 17:24,2020,2019,A,London Area Airports,LUTON,EXETER,114,0,114,0,0,0,0
16/04/2021 17:24,2020,2019,A,London Area Airports,LUTON,GATWICK,82,82,0,0,0,0,0
16/04/2021 17:24,2020,2019,A,London Area Airports,LUTON,GLASGOW,79192,79192,0,245638,245638,0,-67.76069
16/04/2021 17:24,2020,2019,A,London Area Airports,LUTON,INVERNESS,35825,35825,0,146647,146647,0,-75.57059
16/04/2021 17:24,2020,2019,A,London Area Airports,LUTON,ISLE OF MAN,0,0,0,24615,24615,0,-100
16/04/2021 17:24,2020,2019,A,London Area Airports,LUTON,JERSEY,6250,6250,0,53777,53777,0,-88.37793
16/04/2021 17:24,2020,2019,A,London Area Airports,LUTON,MANCHESTER,0,0,0,745,150,595,-100
16/04/2021 17:24,2020,2019,A,London Area Airports,LUTON,STANSTED,99,99,0,238,238,0,-58.40336
16/04/2021 17:24,2020,2019,A,London Area Airports,SOUTHEND,ABERDEEN,4920,4920,0,25123,25123,0,-80.41635
16/04/2021 17:24,2020,2019,A,London Area Airports,SOUTHEND,BELFAST CITY (GEORGE BEST),0,0,0,101,101,0,-100
16/04/2021 17:24,2020,2019,A,London Area Airports,SOUTHEND,CARLISLE,1040,1040,0,3646,3646,0,-71.47559
16/04/2021 17:24,2020,2019,A,London Area Airports,SOUTHEND,CITY OF DERRY (EGLINTON),7775,7775,0,7180,7180,0,8.28691
16/04/2021 17:24,2020,2019,A,London Area Airports,SOUTHEND,EDINBURGH,0,0,0,125,125,0,-100
16/04/2021 17:24,2020,2019,A,London Area Airports,SOUTHEND,GLASGOW,111,111,0,21638,21638,0,-99.48701
16/04/2021 17:24,2020,2019,A,London Area Airports,SOUTHEND,GUERNSEY,805,805,0,14068,14068,0,-94.27779
16/04/2021 17:24,2020,2019,A,London Area Airports,SOUTHEND,INVERNESS,0,0,0,17,17,0,-100
16/04/2021 17:24,2020,2019,A,London Area Airports,SOUTHEND,JERSEY,0,0,0,40149,40149,0,-100
16/04/2021 17:24,2020,2019,A,London Area Airports,SOUTHEND,LONDON CITY,15,15,0,0,0,0,0
16/04/2021 17:24,2020,2019,A,London Area Airports,SOUTHEND,MANCHESTER,0,0,0,511,511,0,-100
16/04/2021 17:24,2020,2019,A,London Area Airports,SOUTHEND,NEWQUAY,196,196,0,15721,15721,0,-98.75326
16/04/2021 17:24,2020,2019,A,London Area Airports,SOUTHEND,STANSTED,0,0,0,2,2,0,-100
16/04/2021 17:24,2020,2019,A,London Area Airports,SOUTHEND,STORNOWAY,0,0,0,117,117,0,-100
16/04/2021 17:24,2020,2019,A,London Area Airports,STANSTED,BELFAST INTERNATIONAL,156697,156697,0,572832,572730,102,-72.64521
16/04/2021 17:24,2020,2019,A,London Area Airports,STANSTED,BIRMINGHAM,0,0,0,181,181,0,-100
16/04/2021 17:24,2020,2019,A,London Area Airports,STANSTED,CARDIFF WALES,0,0,0,47,0,47,-100
16/04/2021 17:24,2020,2019,A,London Area Airports,STANSTED,CITY OF DERRY (EGLINTON),15040,15040,0,36694,36694,0,-59.01237
16/04/2021 17:24,2020,2019,A,London Area Airports,STANSTED,DUNDEE,3977,3977,0,20529,20529,0,-80.62741
16/04/2021 17:24,2020,2019,A,London Area Airports,STANSTED,EAST MIDLANDS INTERNATIONAL,123,123,0,348,348,0,-64.65517
16/04/2021 17:24,2020,2019,A,London Area Airports,STANSTED,EDINBURGH,100176,99833,343,618628,618507,121,-83.80675
16/04/2021 17:24,2020,2019,A,London Area Airports,STANSTED,GATWICK,63,40,23,101,101,0,-37.62376
16/04/2021 17:24,2020,2019,A,London Area Airports,STANSTED,GLASGOW,82113,81970,143,278520,278520,0,-70.5181
16/04/2021 17:24,2020,2019,A,London Area Airports,STANSTED,GUERNSEY,2993,2993,0,22969,22969,0,-86.96939
16/04/2021 17:24,2020,2019,A,London Area Airports,STANSTED,LEEDS BRADFORD,61,61,0,0,0,0,0
16/04/2021 17:24,2020,2019,A,London Area Airports,STANSTED,MANCHESTER,38,0,38,46,0,46,-17.3913
16/04/2021 17:24,2020,2019,A,London Area Airports,STANSTED,SOUTHEND,0,0,0,197,197,0,-100
16/04/2021 17:24,2020,2019,B,Other Reporting Airports,ABERDEEN,BELFAST CITY (GEORGE BEST),6044,6044,0,38711,38711,0,-84.38687
16/04/2021 17:24,2020,2019,B,Other Reporting Airports,ABERDEEN,BIRMINGHAM,17832,17832,0,113084,113084,0,-84.23119
16/04/2021 17:24,2020,2019,B,Other Reporting Airports,ABERDEEN,BRISTOL,4503,4503,0,15847,15847,0,-71.58453
16/04/2021 17:24,2020,2019,B,Other Reporting Airports,ABERDEEN,CARDIFF WALES,776,776,0,603,603,0,28.68988
16/04/2021 17:24,2020,2019,B,Other Reporting Airports,ABERDEEN,DONCASTER SHEFFIELD,0,0,0,7,7,0,-100
16/04/2021 17:24,2020,2019,B,Other Reporting Airports,ABERDEEN,EDINBURGH,30,30,0,281,281,0,-89.32384
16/04/2021 17:24,2020,2019,B,Other Reporting Airports,ABERDEEN,EXETER,62,62,0,101,0,101,-38.61386
16/04/2021 17:24,2020,2019,B,Other Reporting Airports,ABERDEEN,GATWICK,42,42,0,10598,10598,0,-99.6037
16/04/2021 17:24,2020,2019,B,Other Reporting Airports,ABERDEEN,GLASGOW,0,0,0,87,87,0,-100
16/04/2021 17:24,2020,2019,B,Other Reporting Airports,ABERDEEN,HEATHROW,202824,202824,0,691626,691626,0,-70.67432
16/04/2021 17:24,2020,2019,B,Other Reporting Airports,ABERDEEN,HUMBERSIDE,8057,8057,0,19326,19326,0,-58.31005
16/04/2021 17:24,2020,2019,B,Other Reporting Airports,ABERDEEN,INVERNESS,182,182,0,162,162,0,12.34568
16/04/2021 17:24,2020,2019,B,Other Reporting Airports,ABERDEEN,ISLE OF MAN,178,0,178,0,0,0,0
16/04/2021 17:24,2020,2019,B,Other Reporting Airports,ABERDEEN,JERSEY,0,0,0,2801,2801,0,-100
16/04/2021 17:24,2020,2019,B,Other Reporting Airports,ABERDEEN,KIRKWALL,20594,20517,77,49923,49796,127,-58.74847
16/04/2021 17:24,2020,2019,B,Other Reporting Airports,ABERDEEN,LEEDS BRADFORD,0,0,0,59,12,47,-100
16/04/2021 17:24,2020,2019,B,Other Reporting Airports,ABERDEEN,LONDON CITY,0,0,0,7773,7773,0,-100
16/04/2021 17:24,2020,2019,B,Other Reporting Airports,ABERDEEN,LUTON,25471,25471,0,79637,79580,57,-68.01612
16/04/2021 17:24,2020,2019,B,Other Reporting Airports,ABERDEEN,MANCHESTER,39764,39754,10,214033,213987,46,-81.42156
16/04/2021 17:24,2020,2019,B,Other Reporting Airports,ABERDEEN,NEWCASTLE,9066,9052,14,22215,22200,15,-59.18974
16/04/2021 17:24,2020,2019,B,Other Reporting Airports,ABERDEEN,NEWQUAY,0,0,0,631,631,0,-100
16/04/2021 17:24,2020,2019,B,Other Reporting Airports,ABERDEEN,NORWICH,18151,18145,6,45583,45566,17,-60.18033
16/04/2021 17:24,2020,2019,B,Other Reporting Airports,ABERDEEN,SCATSTA,19234,0,19234,60557,0,60557,-68.23819
16/04/2021 17:24,2020,2019,B,Other Reporting Airports,ABERDEEN,SOUTHAMPTON,1653,1653,0,1323,1323,0,24.94331
16/04/2021 17:24,2020,2019,B,Other Reporting Airports,ABERDEEN,SOUTHEND,4993,4993,0,25472,25472,0,-80.39808
16/04/2021 17:24,2020,2019,B,Other Reporting Airports,ABERDEEN,STANSTED,0,0,0,12,12,0,-100
16/04/2021 17:24,2020,2019,B,Other Reporting Airports,ABERDEEN,SUMBURGH,51041,27059,23982,116061,75322,40739,-56.02226
16/04/2021 17:24,2020,2019,B,Other Reporting Airports,ABERDEEN,TEESSIDE INTERNATIONAL AIRPORT,6188,6188,0,17055,17055,0,-63.71738
16/04/2021 17:24,2020,2019,B,Other Reporting Airports,ABERDEEN,WICK JOHN O GROATS,525,525,0,5317,5317,0,-90.12601
16/04/2021 17:24,2020,2019,B,Other Reporting Airports,ALDERNEY,GUERNSEY,24993,24993,0,28967,28967,0,-13.71906
16/04/2021 17:24,2020,2019,B,Other Reporting Airports,ALDERNEY,JERSEY,0,0,0,213,213,0,-100
16/04/2021 17:24,2020,2019,B,Other Reporting Airports,ALDERNEY,SOUTHAMPTON,3037,3037,0,23975,23975,0,-87.33264
16/04/2021 17:24,2020,2019,B,Other Reporting Airports,ANGLESEY (VALLEY),CARDIFF WALES,0,0,0,34,34,0,-100
16/04/2021 17:24,2020,2019,B,Other Reporting Airports,BARRA,BENBECULA,0,0,0,7,7,0,-100
16/04/2021 17:24,2020,2019,B,Other Reporting Airports,BARRA,GLASGOW,6087,6087,0,14592,14592,0,-58.28536
16/04/2021 17:24,2020,2019,B,Other Reporting Airports,BARRA,TIREE,53,53,0,0,0,0,0
16/04/2021 17:24,2020,2019,B,Other Reporting Airports,BELFAST CITY (GEORGE BEST),ABERDEEN,6013,6013,0,38169,38169,0,-84.24638
16/04/2021 17:24,2020,2019,B,Other Reporting Airports,BELFAST CITY (GEORGE BEST),BELFAST INTERNATIONAL,0,0,0,63,63,0,-100
16/04/2021 17:24,2020,2019,B,Other Reporting Airports,BELFAST CITY (GEORGE BEST),BIRMINGHAM,43605,43605,0,269559,269183,376,-83.82358
16/04/2021 17:24,2020,2019,B,Other Reporting Airports,BELFAST CITY (GEORGE BEST),CARDIFF WALES,6166,6166,0,62322,62322,0,-90.10622
16/04/2021 17:24,2020,2019,B,Other Reporting Airports,BELFAST CITY (GEORGE BEST),CARLISLE,1420,1420,0,4611,4611,0,-69.20408
16/04/2021 17:24,2020,2019,B,Other Reporting Airports,BELFAST CITY (GEORGE BEST),DONCASTER SHEFFIELD,0,0,0,27225,27225,0,-100
16/04/2021 17:24,2020,2019,B,Other Reporting Airports,BELFAST CITY (GEORGE BEST),DUNDEE,677,677,0,0,0,0,0
16/04/2021 17:24,2020,2019,B,Other Reporting Airports,BELFAST CITY (GEORGE BEST),EAST MIDLANDS INTERNATIONAL,22251,22251,0,139091,138961,130,-84.00256
16/04/2021 17:24,2020,2019,B,Other Reporting Airports,BELFAST CITY (GEORGE BEST),EDINBURGH,23904,23904,0,151512,151449,63,-84.22303
16/04/2021 17:24,2020,2019,B,Other Reporting Airports,BELFAST CITY (GEORGE BEST),EXETER,6055,6055,0,34924,34924,0,-82.66235
16/04/2021 17:24,2020,2019,B,Other Reporting Airports,BELFAST CITY (GEORGE BEST),GLASGOW,21119,21119,0,141897,141897,0,-85.11667
16/04/2021 17:24,2020,2019,B,Other Reporting Airports,BELFAST CITY (GEORGE BEST),HEATHROW,259252,259252,0,663978,663585,393,-60.95473
16/04/2021 17:24,2020,2019,B,Other Reporting Airports,BELFAST CITY (GEORGE BEST),INVERNESS,4565,4565,0,32897,32897,0,-86.12335
16/04/2021 17:24,2020,2019,B,Other Reporting Airports,BELFAST CITY (GEORGE BEST),LEEDS BRADFORD,26110,26110,0,155918,155869,49,-83.25402
16/04/2021 17:24,2020,2019,B,Other Reporting Airports,BELFAST CITY (GEORGE BEST),LIVERPOOL (JOHN LENNON),0,0,0,263,263,0,-100
16/04/2021 17:24,2020,2019,B,Other Reporting Airports,BELFAST CITY (GEORGE BEST),LONDON CITY,34169,34169,0,211363,211363,0,-83.83397
16/04/2021 17:24,2020,2019,B,Other Reporting Airports,BELFAST CITY (GEORGE BEST),MANCHESTER,52064,52064,0,275852,275785,67,-81.12611
16/04/2021 17:24,2020,2019,B,Other Reporting Airports,BELFAST CITY (GEORGE BEST),NEWQUAY,0,0,0,3442,3442,0,-100
16/04/2021 17:24,2020,2019,B,Other Reporting Airports,BELFAST CITY (GEORGE BEST),SOUTHAMPTON,19959,19959,0,117406,117406,0,-83.00002
16/04/2021 17:24,2020,2019,B,Other Reporting Airports,BELFAST CITY (GEORGE BEST),SOUTHEND,0,0,0,210,210,0,-100
16/04/2021 17:24,2020,2019,B,Other Reporting Airports,BELFAST CITY (GEORGE BEST),TEESSIDE INTERNATIONAL AIRPORT,1964,1964,0,0,0,0,0
16/04/2021 17:24,2020,2019,B,Other Reporting Airports,BELFAST CITY (GEORGE BEST),WICK JOHN O GROATS,0,0,0,30,30,0,-100
16/04/2021 17:24,2020,2019,B,Other Reporting Airports,BELFAST INTERNATIONAL,BELFAST CITY (GEORGE BEST),0,0,0,291,0,291,-100
16/04/2021 17:24,2020,2019,B,Other Reporting Airports,BELFAST INTERNATIONAL,BIRMINGHAM,120198,120198,0,258598,258451,147,-53.51936
16/04/2021 17:24,2020,2019,B,Other Reporting Airports,BELFAST INTERNATIONAL,BRISTOL,108773,108686,87,279075,278947,128,-61.02374
16/04/2021 17:24,2020,2019,B,Other Reporting Airports,BELFAST INTERNATIONAL,CARDIFF WALES,282,0,282,79,79,0,256.96203
16/04/2021 17:24,2020,2019,B,Other Reporting Airports,BELFAST INTERNATIONAL,CITY OF DERRY (EGLINTON),0,0,0,48,48,0,-100
16/04/2021 17:24,2020,2019,B,Other Reporting Airports,BELFAST INTERNATIONAL,DONCASTER SHEFFIELD,0,0,0,48,0,48,-100
16/04/2021 17:24,2020,2019,B,Other Reporting Airports,BELFAST INTERNATIONAL,EAST MIDLANDS INTERNATIONAL,116,58,58,0,0,0,0
16/04/2021 17:24,2020,2019,B,Other Reporting Airports,BELFAST INTERNATIONAL,EDINBURGH,120532,120012,520,330759,330604,155,-63.55897
16/04/2021 17:24,2020,2019,B,Other Reporting Airports,BELFAST INTERNATIONAL,EXETER,37,0,37,0,0,0,0
16/04/2021 17:24,2020,2019,B,Other Reporting Airports,BELFAST INTERNATIONAL,GATWICK,221750,221379,371,582787,582787,0,-61.95008
16/04/2021 17:24,2020,2019,B,Other Reporting Airports,BELFAST INTERNATIONAL,GLASGOW,112110,111858,252,293804,293515,289,-61.84191
16/04/2021 17:24,2020,2019,B,Other Reporting Airports,BELFAST INTERNATIONAL,HEATHROW,880,266,614,256,170,86,243.75
16/04/2021 17:24,2020,2019,B,Other Reporting Airports,BELFAST INTERNATIONAL,ISLE OF MAN,4190,4190,0,24038,24038,0,-82.56927
16/04/2021 17:24,2020,2019,B,Other Reporting Airports,BELFAST INTERNATIONAL,JERSEY,2100,2100,0,20782,20782,0,-89.8951
16/04/2021 17:24,2020,2019,B,Other Reporting Airports,BELFAST INTERNATIONAL,LEEDS BRADFORD,0,0,0,67,67,0,-100
16/04/2021 17:24,2020,2019,B,Other Reporting Airports,BELFAST INTERNATIONAL,LIVERPOOL (JOHN LENNON),194030,194030,0,492312,492312,0,-60.588
16/04/2021 17:24,2020,2019,B,Other Reporting Airports,BELFAST INTERNATIONAL,LONDON CITY,0,0,0,76,76,0,-100
16/04/2021 17:24,2020,2019,B,Other Reporting Airports,BELFAST INTERNATIONAL,LUTON,131735,131542,193,340262,340259,3,-61.28425
16/04/2021 17:24,2020,2019,B,Other Reporting Airports,BELFAST INTERNATIONAL,MANCHESTER,143175,142928,247,470260,470119,141,-69.55408
16/04/2021 17:24,2020,2019,B,Other Reporting Airports,BELFAST INTERNATIONAL,NEWCASTLE,97192,97192,0,269402,269402,0,-63.92306
16/04/2021 17:24,2020,2019,B,Other Reporting Airports,BELFAST INTERNATIONAL,STANSTED,156581,156581,0,572781,572648,133,-72.66302
16/04/2021 17:24,2020,2019,B,Other Reporting Airports,BENBECULA,GLASGOW,8626,8626,0,25802,25802,0,-66.56848
16/04/2021 17:24,2020,2019,B,Other Reporting Airports,BENBECULA,INVERNESS,0,0,0,24,24,0,-100
16/04/2021 17:24,2020,2019,B,Other Reporting Airports,BENBECULA,STORNOWAY,4087,4087,0,8812,8812,0,-53.62006
16/04/2021 17:24,2020,2019,B,Other Reporting Airports,BENBECULA,TIREE,0,0,0,18,18,0,-100
16/04/2021 17:24,2020,2019,B,Other Reporting Airports,BIGGIN HILL,CARDIFF WALES,0,0,0,51,0,51,-100
16/04/2021 17:24,2020,2019,B,Other Reporting Airports,BIGGIN HILL,EDINBURGH,3,0,3,0,0,0,0
16/04/2021 17:24,2020,2019,B,Other Reporting Airports,BIGGIN HILL,FARNBOROUGH,2,0,2,8,0,8,-75
16/04/2021 17:24,2020,2019,B,Other Reporting Airports,BIGGIN HILL,GLASGOW,0,0,0,3,0,3,-100
16/04/2021 17:24,2020,2019,B,Other Reporting Airports,BIGGIN HILL,GUERNSEY,0,0,0,28,0,28,-100
16/04/2021 17:24,2020,2019,B,Other Reporting Airports,BIGGIN HILL,INVERNESS,6,0,6,37,0,37,-83.78378
16/04/2021 17:24,2020,2019,B,Other Reporting Airports,BIGGIN HILL,LEEDS BRADFORD,0,0,0,74,0,74,-100
16/04/2021 17:24,2020,2019,B,Other Reporting Airports,BIGGIN HILL,LIVERPOOL (JOHN LENNON),229,0,229,252,0,252,-9.12698
16/04/2021 17:24,2020,2019,B,Other Reporting Airports,BIGGIN HILL,MANCHESTER,79,0,79,202,0,202,-60.89109
16/04/2021 17:24,2020,2019,B,Other Reporting Airports,BIGGIN HILL,NEWCASTLE,42,0,42,0,0,0,0
16/04/2021 17:24,2020,2019,B,Other Reporting Airports,BIGGIN HILL,PRESTWICK,2,0,2,0,0,0,0
16/04/2021 17:24,2020,2019,B,Other Reporting Airports,BIRMINGHAM,ABERDEEN,17897,17897,0,112727,112727,0,-84.12359
16/04/2021 17:24,2020,2019,B,Other Reporting Airports,BIRMINGHAM,BELFAST CITY (GEORGE BEST),44235,44235,0,270052,269877,175,-83.61982
16/04/2021 17:24,2020,2019,B,Other Reporting Airports,BIRMINGHAM,BELFAST INTERNATIONAL,119726,119726,0,257635,257488,147,-53.52883
16/04/2021 17:24,2020,2019,B,Other Reporting Airports,BIRMINGHAM,BOURNEMOUTH,71,0,71,133,45,88,-46.61654
16/04/2021 17:24,2020,2019,B,Other Reporting Airports,BIRMINGHAM,BRISTOL,339,254,85,178,178,0,90.44944
16/04/2021 17:24,2020,2019,B,Other Reporting Airports,BIRMINGHAM,EAST MIDLANDS INTERNATIONAL,165,165,0,137,137,0,20.43796
16/04/2021 17:24,2020,2019,B,Other Reporting Airports,BIRMINGHAM,EDINBURGH,56086,56086,0,265832,265832,0,-78.90171
16/04/2021 17:24,2020,2019,B,Other Reporting Airports,BIRMINGHAM,GATWICK,38,0,38,35,0,35,8.57143
16/04/2021 17:24,2020,2019,B,Other Reporting Airports,BIRMINGHAM,GLASGOW,43976,43976,0,229991,229946,45,-80.87925
16/04/2021 17:24,2020,2019,B,Other Reporting Airports,BIRMINGHAM,GUERNSEY,328,328,0,18496,18411,85,-98.22664
16/04/2021 17:24,2020,2019,B,Other Reporting Airports,BIRMINGHAM,HEATHROW,59,59,0,64,64,0,-7.8125
16/04/2021 17:24,2020,2019,B,Other Reporting Airports,BIRMINGHAM,INVERNESS,4613,4613,0,39699,39699,0,-88.38006
16/04/2021 17:24,2020,2019,B,Other Reporting Airports,BIRMINGHAM,ISLE OF MAN,5513,5513,0,43201,43201,0,-87.23872
16/04/2021 17:24,2020,2019,B,Other Reporting Airports,BIRMINGHAM,JERSEY,13766,13766,0,71801,71801,0,-80.82757
16/04/2021 17:24,2020,2019,B,Other Reporting Airports,BIRMINGHAM,LEEDS BRADFORD,62,62,0,58,58,0,6.89655
16/04/2021 17:24,2020,2019,B,Other Reporting Airports,BIRMINGHAM,LIVERPOOL (JOHN LENNON),29,29,0,0,0,0,0
16/04/2021 17:24,2020,2019,B,Other Reporting Airports,BIRMINGHAM,LONDON CITY,0,0,0,66,0,66,-100
16/04/2021 17:24,2020,2019,B,Other Reporting Airports,BIRMINGHAM,MANCHESTER,562,314,248,975,185,790,-42.35897
16/04/2021 17:24,2020,2019,B,Other Reporting Airports,BIRMINGHAM,NEWCASTLE,197,165,32,529,454,75,-62.75992
16/04/2021 17:24,2020,2019,B,Other Reporting Airports,BIRMINGHAM,NEWQUAY,48,48,0,20802,20802,0,-99.76925
16/04/2021 17:24,2020,2019,B,Other Reporting Airports,BIRMINGHAM,NORWICH,33,0,33,74,0,74,-55.40541
16/04/2021 17:24,2020,2019,B,Other Reporting Airports,BIRMINGHAM,PRESTWICK,0,0,0,110,110,0,-100
16/04/2021 17:24,2020,2019,B,Other Reporting Airports,BIRMINGHAM,SOUTHAMPTON,82,53,29,50,0,50,64
16/04/2021 17:24,2020,2019,B,Other Reporting Airports,BIRMINGHAM,SOUTHEND,0,0,0,131,0,131,-100
16/04/2021 17:24,2020,2019,B,Other Reporting Airports,BIRMINGHAM,STANSTED,142,142,0,1,1,0,14100
16/04/2021 17:24,2020,2019,B,Other Reporting Airports,BOURNEMOUTH,BIRMINGHAM,116,0,116,439,0,439,-73.57631
16/04/2021 17:24,2020,2019,B,Other Reporting Airports,BOURNEMOUTH,CARDIFF WALES,0,0,0,74,74,0,-100
16/04/2021 17:24,2020,2019,B,Other Reporting Airports,BOURNEMOUTH,DONCASTER SHEFFIELD,0,0,0,26,0,26,-100
16/04/2021 17:24,2020,2019,B,Other Reporting Airports,BOURNEMOUTH,EAST MIDLANDS INTERNATIONAL,0,0,0,169,0,169,-100
16/04/2021 17:24,2020,2019,B,Other Reporting Airports,BOURNEMOUTH,EXETER,99,67,32,0,0,0,0
16/04/2021 17:24,2020,2019,B,Other Reporting Airports,BOURNEMOUTH,GATWICK,0,0,0,445,300,145,-100
16/04/2021 17:24,2020,2019,B,Other Reporting Airports,BOURNEMOUTH,GUERNSEY,0,0,0,106,106,0,-100
16/04/2021 17:24,2020,2019,B,Other Reporting Airports,BOURNEMOUTH,HEATHROW,226,226,0,0,0,0,0
16/04/2021 17:24,2020,2019,B,Other Reporting Airports,BOURNEMOUTH,JERSEY,0,0,0,1425,1425,0,-100
16/04/2021 17:24,2020,2019,B,Other Reporting Airports,BOURNEMOUTH,LEEDS BRADFORD,96,0,96,50,0,50,92
16/04/2021 17:24,2020,2019,B,Other Reporting Airports,BOURNEMOUTH,LIVERPOOL (JOHN LENNON),231,0,231,143,0,143,61.53846
16/04/2021 17:24,2020,2019,B,Other Reporting Airports,BOURNEMOUTH,LONDON CITY,43,0,43,0,0,0,0
16/04/2021 17:24,2020,2019,B,Other Reporting Airports,BOURNEMOUTH,MANCHESTER,132,0,132,150,0,150,-12
16/04/2021 17:24,2020,2019,B,Other Reporting Airports,BOURNEMOUTH,NEWCASTLE,0,0,0,197,82,115,-100
16/04/2021 17:24,2020,2019,B,Other Reporting Airports,BOURNEMOUTH,NORWICH,47,0,47,66,0,66,-28.78788
16/04/2021 17:24,2020,2019,B,Other Reporting Airports,BOURNEMOUTH,STANSTED,68,0,68,0,0,0,0
16/04/2021 17:24,2020,2019,B,Other Reporting Airports,BRISTOL,ABERDEEN,4322,4322,0,15947,15947,0,-72.89772
16/04/2021 17:24,2020,2019,B,Other Reporting Airports,BRISTOL,BELFAST INTERNATIONAL,108811,108638,173,277209,277088,121,-60.74767
16/04/2021 17:24,2020,2019,B,Other Reporting Airports,BRISTOL,BIRMINGHAM,226,226,0,263,263,0,-14.06844
16/04/2021 17:24,2020,2019,B,Other Reporting Airports,BRISTOL,CARDIFF WALES,47,47,0,182,182,0,-74.17582
16/04/2021 17:24,2020,2019,B,Other Reporting Airports,BRISTOL,EAST MIDLANDS INTERNATIONAL,148,0,148,0,0,0,0
16/04/2021 17:24,2020,2019,B,Other Reporting Airports,BRISTOL,EDINBURGH,129920,129920,0,396911,396852,59,-67.26722
16/04/2021 17:24,2020,2019,B,Other Reporting Airports,BRISTOL,EXETER,110,0,110,0,0,0,0
16/04/2021 17:24,2020,2019,B,Other Reporting Airports,BRISTOL,GATWICK,226,0,226,137,137,0,64.9635
16/04/2021 17:24,2020,2019,B,Other Reporting Airports,BRISTOL,GLASGOW,99107,99107,0,322136,322136,0,-69.23442
16/04/2021 17:24,2020,2019,B,Other Reporting Airports,BRISTOL,GUERNSEY,2758,2758,0,22236,22236,0,-87.59669
16/04/2021 17:24,2020,2019,B,Other Reporting Airports,BRISTOL,HAWARDEN,950,0,950,4183,1541,2642,-77.28903
16/04/2021 17:24,2020,2019,B,Other Reporting Airports,BRISTOL,HUMBERSIDE,74,0,74,220,0,220,-66.36364
16/04/2021 17:24,2020,2019,B,Other Reporting Airports,BRISTOL,INVERNESS,28165,28165,0,90954,90954,0,-69.0338
16/04/2021 17:24,2020,2019,B,Other Reporting Airports,BRISTOL,ISLE OF MAN,5124,5124,0,28553,28553,0,-82.05443
16/04/2021 17:24,2020,2019,B,Other Reporting Airports,BRISTOL,JERSEY,9235,9235,0,26205,26205,0,-64.75863
16/04/2021 17:24,2020,2019,B,Other Reporting Airports,BRISTOL,LEEDS BRADFORD,139,0,139,105,29,76,32.38095
16/04/2021 17:24,2020,2019,B,Other Reporting Airports,BRISTOL,LIVERPOOL (JOHN LENNON),0,0,0,146,146,0,-100
16/04/2021 17:24,2020,2019,B,Other Reporting Airports,BRISTOL,LUTON,0,0,0,2,0,2,-100
16/04/2021 17:24,2020,2019,B,Other Reporting Airports,BRISTOL,MANCHESTER,82,0,82,207,0,207,-60.38647
16/04/2021 17:24,2020,2019,B,Other Reporting Airports,BRISTOL,NEWCASTLE,52813,52813,0,191235,191180,55,-72.38319
16/04/2021 17:24,2020,2019,B,Other Reporting Airports,BRISTOL,NORWICH,68,0,68,0,0,0,0
16/04/2021 17:24,2020,2019,B,Other Reporting Airports,BRISTOL,TEESSIDE INTERNATIONAL AIRPORT,62,0,62,0,0,0,0
16/04/2021 17:24,2020,2019,B,Other Reporting Airports,CAMPBELTOWN,GLASGOW,1999,1999,0,7919,7919,0,-74.75691
16/04/2021 17:24,2020,2019,B,Other Reporting Airports,CAMPBELTOWN,ISLAY,70,70,0,32,32,0,118.75
16/04/2021 17:24,2020,2019,B,Other Reporting Airports,CAMPBELTOWN,TIREE,39,39,0,24,24,0,62.5
16/04/2021 17:24,2020,2019,B,Other Reporting Airports,CARDIFF WALES,ABERDEEN,161,134,27,73,73,0,120.54795
16/04/2021 17:24,2020,2019,B,Other Reporting Airports,CARDIFF WALES,ANGLESEY (VALLEY),2604,2604,0,13593,13593,0,-80.84308
16/04/2021 17:24,2020,2019,B,Other Reporting Airports,CARDIFF WALES,BELFAST CITY (GEORGE BEST),6245,6245,0,62777,62777,0,-90.05209
16/04/2021 17:24,2020,2019,B,Other Reporting Airports,CARDIFF WALES,BELFAST INTERNATIONAL,373,0,373,189,189,0,97.3545
16/04/2021 17:24,2020,2019,B,Other Reporting Airports,CARDIFF WALES,BIGGIN HILL,0,0,0,56,0,56,-100
16/04/2021 17:24,2020,2019,B,Other Reporting Airports,CARDIFF WALES,BLACKPOOL,0,0,0,37,0,37,-100
16/04/2021 17:24,2020,2019,B,Other Reporting Airports,CARDIFF WALES,BOURNEMOUTH,0,0,0,74,0,74,-100
16/04/2021 17:24,2020,2019,B,Other Reporting Airports,CARDIFF WALES,DONCASTER SHEFFIELD,0,0,0,198,0,198,-100
16/04/2021 17:24,2020,2019,B,Other Reporting Airports,CARDIFF WALES,EAST MIDLANDS INTERNATIONAL,0,0,0,83,0,83,-100
16/04/2021 17:24,2020,2019,B,Other Reporting Airports,CARDIFF WALES,EDINBURGH,16821,16469,352,111415,110391,1024,-84.90239
16/04/2021 17:24,2020,2019,B,Other Reporting Airports,CARDIFF WALES,FARNBOROUGH,0,0,0,42,0,42,-100
16/04/2021 17:24,2020,2019,B,Other Reporting Airports,CARDIFF WALES,GLASGOW,1194,911,283,24604,24604,0,-95.14713
16/04/2021 17:24,2020,2019,B,Other Reporting Airports,CARDIFF WALES,HUMBERSIDE,173,0,173,202,0,202,-14.35644
16/04/2021 17:24,2020,2019,B,Other Reporting Airports,CARDIFF WALES,JERSEY,1700,1698,2,16678,16678,0,-89.80693
16/04/2021 17:24,2020,2019,B,Other Reporting Airports,CARDIFF WALES,LEEDS BRADFORD,191,0,191,354,0,354,-46.0452
16/04/2021 17:24,2020,2019,B,Other Reporting Airports,CARDIFF WALES,LIVERPOOL (JOHN LENNON),125,0,125,483,68,415,-74.12008
16/04/2021 17:24,2020,2019,B,Other Reporting Airports,CARDIFF WALES,MANCHESTER,433,0,433,590,0,590,-26.61017
16/04/2021 17:24,2020,2019,B,Other Reporting Airports,CARDIFF WALES,NEWCASTLE,882,656,226,5702,5615,87,-84.53174
16/04/2021 17:24,2020,2019,B,Other Reporting Airports,CARDIFF WALES,NORWICH,121,0,121,72,0,72,68.05556
16/04/2021 17:24,2020,2019,B,Other Reporting Airports,CARDIFF WALES,SOUTHEND,0,0,0,36,0,36,-100
16/04/2021 17:24,2020,2019,B,Other Reporting Airports,CARDIFF WALES,STANSTED,0,0,0,332,0,332,-100
16/04/2021 17:24,2020,2019,B,Other Reporting Airports,CARDIFF WALES,STORNOWAY,0,0,0,58,0,58,-100
16/04/2021 17:24,2020,2019,B,Other Reporting Airports,CARDIFF WALES,TEESSIDE INTERNATIONAL AIRPORT,554,295,259,184,0,184,201.08696
16/04/2021 17:24,2020,2019,B,Other Reporting Airports,CARDIFF WALES,WARTON,0,0,0,160,0,160,-100
16/04/2021 17:24,2020,2019,B,Other Reporting Airports,CITY OF DERRY (EGLINTON),EDINBURGH,24797,24797,0,76984,76984,0,-67.78941
16/04/2021 17:24,2020,2019,B,Other Reporting Airports,CITY OF DERRY (EGLINTON),GLASGOW,4118,4118,0,14363,14363,0,-71.32911
16/04/2021 17:24,2020,2019,B,Other Reporting Airports,CITY OF DERRY (EGLINTON),LIVERPOOL (JOHN LENNON),27912,27912,0,58533,58533,0,-52.31408
16/04/2021 17:24,2020,2019,B,Other Reporting Airports,CITY OF DERRY (EGLINTON),MANCHESTER,222,222,0,9518,9518,0,-97.66758
16/04/2021 17:24,2020,2019,B,Other Reporting Airports,CITY OF DERRY (EGLINTON),SOUTHEND,8280,8280,0,7479,7479,0,10.70999
16/04/2021 17:24,2020,2019,B,Other Reporting Airports,CITY OF DERRY (EGLINTON),STANSTED,15056,15056,0,36516,36516,0,-58.76876
16/04/2021 17:24,2020,2019,B,Other Reporting Airports,DONCASTER SHEFFIELD,ABERDEEN,49,49,0,49,30,19,0
16/04/2021 17:24,2020,2019,B,Other Reporting Airports,DONCASTER SHEFFIELD,BELFAST CITY (GEORGE BEST),0,0,0,29269,29269,0,-100
16/04/2021 17:24,2020,2019,B,Other Reporting Airports,DONCASTER SHEFFIELD,BIRMINGHAM,6,0,6,4,4,0,50
16/04/2021 17:24,2020,2019,B,Other Reporting Airports,DONCASTER SHEFFIELD,BOURNEMOUTH,370,0,370,52,0,52,611.53846
16/04/2021 17:24,2020,2019,B,Other Reporting Airports,DONCASTER SHEFFIELD,CARDIFF WALES,0,0,0,185,0,185,-100
16/04/2021 17:24,2020,2019,B,Other Reporting Airports,DONCASTER SHEFFIELD,EDINBURGH,159,74,85,0,0,0,0
16/04/2021 17:24,2020,2019,B,Other Reporting Airports,DONCASTER SHEFFIELD,EXETER,41,0,41,8,8,0,412.5
16/04/2021 17:24,2020,2019,B,Other Reporting Airports,DONCASTER SHEFFIELD,GATWICK,281,0,281,71,6,65,295.77465
16/04/2021 17:24,2020,2019,B,Other Reporting Airports,DONCASTER SHEFFIELD,HUMBERSIDE,0,0,0,94,0,94,-100
16/04/2021 17:24,2020,2019,B,Other Reporting Airports,DONCASTER SHEFFIELD,INVERNESS,0,0,0,60,60,0,-100
16/04/2021 17:24,2020,2019,B,Other Reporting Airports,DONCASTER SHEFFIELD,JERSEY,0,0,0,29483,29483,0,-100
16/04/2021 17:24,2020,2019,B,Other Reporting Airports,DONCASTER SHEFFIELD,LUTON,133,2,131,50,0,50,166
16/04/2021 17:24,2020,2019,B,Other Reporting Airports,DONCASTER SHEFFIELD,MANCHESTER,131,0,131,0,0,0,0
16/04/2021 17:24,2020,2019,B,Other Reporting Airports,DONCASTER SHEFFIELD,NEWCASTLE,42,0,42,0,0,0,0
16/04/2021 17:24,2020,2019,B,Other Reporting Airports,DONCASTER SHEFFIELD,NEWQUAY,0,0,0,6737,6737,0,-100
16/04/2021 17:24,2020,2019,B,Other Reporting Airports,DONCASTER SHEFFIELD,NORWICH,142,0,142,72,0,72,97.22222
16/04/2021 17:24,2020,2019,B,Other Reporting Airports,DONCASTER SHEFFIELD,SOUTHAMPTON,94,0,94,2,2,0,4600
16/04/2021 17:24,2020,2019,B,Other Reporting Airports,DONCASTER SHEFFIELD,STANSTED,130,0,130,50,0,50,160
16/04/2021 17:24,2020,2019,B,Other Reporting Airports,DUNDEE,BELFAST CITY (GEORGE BEST),741,741,0,0,0,0,0
16/04/2021 17:24,2020,2019,B,Other Reporting Airports,DUNDEE,DONCASTER SHEFFIELD,0,0,0,6,0,6,-100
16/04/2021 17:24,2020,2019,B,Other Reporting Airports,DUNDEE,FARNBOROUGH,0,0,0,27,0,27,-100
16/04/2021 17:24,2020,2019,B,Other Reporting Airports,DUNDEE,GATWICK,101,0,101,0,0,0,0
16/04/2021 17:24,2020,2019,B,Other Reporting Airports,DUNDEE,LONDON CITY,3600,3600,0,0,0,0,0
16/04/2021 17:24,2020,2019,B,Other Reporting Airports,DUNDEE,SOUTHAMPTON,0,0,0,28,0,28,-100
16/04/2021 17:24,2020,2019,B,Other Reporting Airports,DUNDEE,STANSTED,4082,3982,100,20401,20401,0,-79.99118
16/04/2021 17:24,2020,2019,B,Other Reporting Airports,EAST MIDLANDS INTERNATIONAL,ABERDEEN,0,0,0,78,78,0,-100
16/04/2021 17:24,2020,2019,B,Other Reporting Airports,EAST MIDLANDS INTERNATIONAL,BELFAST CITY (GEORGE BEST),22266,22266,0,139722,139722,0,-84.06407
16/04/2021 17:24,2020,2019,B,Other Reporting Airports,EAST MIDLANDS INTERNATIONAL,BELFAST INTERNATIONAL,166,166,0,0,0,0,0
16/04/2021 17:24,2020,2019,B,Other Reporting Airports,EAST MIDLANDS INTERNATIONAL,BIRMINGHAM,813,792,21,481,481,0,69.02287
16/04/2021 17:24,2020,2019,B,Other Reporting Airports,EAST MIDLANDS INTERNATIONAL,BRISTOL,81,0,81,568,568,0,-85.73944
16/04/2021 17:24,2020,2019,B,Other Reporting Airports,EAST MIDLANDS INTERNATIONAL,DONCASTER SHEFFIELD,0,0,0,187,0,187,-100
16/04/2021 17:24,2020,2019,B,Other Reporting Airports,EAST MIDLANDS INTERNATIONAL,EDINBURGH,10759,10759,0,72098,72098,0,-85.07726
16/04/2021 17:24,2020,2019,B,Other Reporting Airports,EAST MIDLANDS INTERNATIONAL,GATWICK,0,0,0,761,295,466,-100
16/04/2021 17:24,2020,2019,B,Other Reporting Airports,EAST MIDLANDS INTERNATIONAL,GLASGOW,6796,6796,0,64868,64858,10,-89.52334
16/04/2021 17:24,2020,2019,B,Other Reporting Airports,EAST MIDLANDS INTERNATIONAL,GUERNSEY,2263,2263,0,19097,19097,0,-88.14997
16/04/2021 17:24,2020,2019,B,Other Reporting Airports,EAST MIDLANDS INTERNATIONAL,HUMBERSIDE,0,0,0,168,0,168,-100
16/04/2021 17:24,2020,2019,B,Other Reporting Airports,EAST MIDLANDS INTERNATIONAL,INVERNESS,145,145,0,3725,3725,0,-96.10738
16/04/2021 17:24,2020,2019,B,Other Reporting Airports,EAST MIDLANDS INTERNATIONAL,JERSEY,2465,2465,0,31225,31225,0,-92.10568
16/04/2021 17:24,2020,2019,B,Other Reporting Airports,EAST MIDLANDS INTERNATIONAL,LEEDS BRADFORD,92,92,0,0,0,0,0
16/04/2021 17:24,2020,2019,B,Other Reporting Airports,EAST MIDLANDS INTERNATIONAL,LUTON,23,0,23,0,0,0,0
16/04/2021 17:24,2020,2019,B,Other Reporting Airports,EAST MIDLANDS INTERNATIONAL,MANCHESTER,29,0,29,217,217,0,-86.63594
16/04/2021 17:24,2020,2019,B,Other Reporting Airports,EAST MIDLANDS INTERNATIONAL,NEWCASTLE,0,0,0,97,26,71,-100
16/04/2021 17:24,2020,2019,B,Other Reporting Airports,EAST MIDLANDS INTERNATIONAL,NORWICH,34,0,34,491,0,491,-93.07536
16/04/2021 17:24,2020,2019,B,Other Reporting Airports,EAST MIDLANDS INTERNATIONAL,SOUTHAMPTON,0,0,0,30,30,0,-100
16/04/2021 17:24,2020,2019,B,Other Reporting Airports,EAST MIDLANDS INTERNATIONAL,STANSTED,860,860,0,494,494,0,74.08907
16/04/2021 17:24,2020,2019,B,Other Reporting Airports,EDINBURGH,ABERDEEN,28,28,0,48,48,0,-41.66667
16/04/2021 17:24,2020,2019,B,Other Reporting Airports,EDINBURGH,BELFAST CITY (GEORGE BEST),24036,24036,0,152141,152141,0,-84.2015
16/04/2021 17:24,2020,2019,B,Other Reporting Airports,EDINBURGH,BELFAST INTERNATIONAL,120081,119901,180,329528,329528,0,-63.5597
16/04/2021 17:24,2020,2019,B,Other Reporting Airports,EDINBURGH,BIRMINGHAM,55161,55161,0,265976,265976,0,-79.26091
16/04/2021 17:24,2020,2019,B,Other Reporting Airports,EDINBURGH,BRISTOL,130137,130013,124,398650,398650,0,-67.35558
16/04/2021 17:24,2020,2019,B,Other Reporting Airports,EDINBURGH,CARDIFF WALES,16328,15923,405,111005,110026,979,-85.29075
16/04/2021 17:24,2020,2019,B,Other Reporting Airports,EDINBURGH,CITY OF DERRY (EGLINTON),25044,25044,0,77106,77106,0,-67.52004
16/04/2021 17:24,2020,2019,B,Other Reporting Airports,EDINBURGH,DONCASTER SHEFFIELD,75,0,75,0,0,0,0
16/04/2021 17:24,2020,2019,B,Other Reporting Airports,EDINBURGH,EAST MIDLANDS INTERNATIONAL,10799,10799,0,72121,72121,0,-85.02655
16/04/2021 17:24,2020,2019,B,Other Reporting Airports,EDINBURGH,EXETER,9102,9102,0,58135,58135,0,-84.34334
16/04/2021 17:24,2020,2019,B,Other Reporting Airports,EDINBURGH,FARNBOROUGH,50,0,50,0,0,0,0
16/04/2021 17:24,2020,2019,B,Other Reporting Airports,EDINBURGH,GATWICK,202985,202607,378,731284,731284,0,-72.24266
16/04/2021 17:24,2020,2019,B,Other Reporting Airports,EDINBURGH,GLASGOW,1442,1383,59,196,196,0,635.71429
16/04/2021 17:24,2020,2019,B,Other Reporting Airports,EDINBURGH,GUERNSEY,47,47,0,1558,1558,0,-96.98331
16/04/2021 17:24,2020,2019,B,Other Reporting Airports,EDINBURGH,HEATHROW,329523,329466,57,1197216,1197216,0,-72.47589
16/04/2021 17:24,2020,2019,B,Other Reporting Airports,EDINBURGH,INVERNESS,7,7,0,432,432,0,-98.37963
16/04/2021 17:24,2020,2019,B,Other Reporting Airports,EDINBURGH,ISLAY,0,0,0,5979,5979,0,-100
16/04/2021 17:24,2020,2019,B,Other Reporting Airports,EDINBURGH,ISLE OF MAN,1751,1751,0,7878,7878,0,-77.77355
16/04/2021 17:24,2020,2019,B,Other Reporting Airports,EDINBURGH,JERSEY,4749,4749,0,23337,23337,0,-79.65034
16/04/2021 17:24,2020,2019,B,Other Reporting Airports,EDINBURGH,KIRKWALL,13031,13031,0,48413,48413,0,-73.08368
16/04/2021 17:24,2020,2019,B,Other Reporting Airports,EDINBURGH,LONDON CITY,95669,95669,0,514721,514625,96,-81.41343
16/04/2021 17:24,2020,2019,B,Other Reporting Airports,EDINBURGH,LUTON,96388,96338,50,313375,313375,0,-69.24196
16/04/2021 17:24,2020,2019,B,Other Reporting Airports,EDINBURGH,MANCHESTER,14009,14009,0,116320,116301,19,-87.9565
16/04/2021 17:24,2020,2019,B,Other Reporting Airports,EDINBURGH,NEWCASTLE,16,16,0,0,0,0,0
16/04/2021 17:24,2020,2019,B,Other Reporting Airports,EDINBURGH,NEWQUAY,0,0,0,4002,4002,0,-100
16/04/2021 17:24,2020,2019,B,Other Reporting Airports,EDINBURGH,NORWICH,5491,5491,0,33752,33752,0,-83.73133
16/04/2021 17:24,2020,2019,B,Other Reporting Airports,EDINBURGH,SOUTHAMPTON,28935,28935,0,182716,182409,307,-84.16395
16/04/2021 17:24,2020,2019,B,Other Reporting Airports,EDINBURGH,STANSTED,100437,100094,343,616966,616845,121,-83.72082
16/04/2021 17:24,2020,2019,B,Other Reporting Airports,EDINBURGH,STORNOWAY,4183,4183,0,18430,18430,0,-77.30331
16/04/2021 17:24,2020,2019,B,Other Reporting Airports,EDINBURGH,SUMBURGH,11662,11662,0,44820,44820,0,-73.98037
16/04/2021 17:24,2020,2019,B,Other Reporting Airports,EDINBURGH,WICK JOHN O GROATS,1401,1401,0,7395,7395,0,-81.05477
16/04/2021 17:24,2020,2019,B,Other Reporting Airports,EXETER,ABERDEEN,12,12,0,101,0,101,-88.11881
16/04/2021 17:24,2020,2019,B,Other Reporting Airports,EXETER,BELFAST CITY (GEORGE BEST),6192,6192,0,35349,35349,0,-82.48324
16/04/2021 17:24,2020,2019,B,Other Reporting Airports,EXETER,BOURNEMOUTH,67,0,67,0,0,0,0
16/04/2021 17:24,2020,2019,B,Other Reporting Airports,EXETER,CARDIFF WALES,10,10,0,0,0,0,0
16/04/2021 17:24,2020,2019,B,Other Reporting Airports,EXETER,EDINBURGH,9089,9089,0,58891,58891,0,-84.5664
16/04/2021 17:24,2020,2019,B,Other Reporting Airports,EXETER,GATWICK,140,0,140,0,0,0,0
16/04/2021 17:24,2020,2019,B,Other Reporting Airports,EXETER,GLASGOW,3161,2937,224,34310,34310,0,-90.78694
16/04/2021 17:24,2020,2019,B,Other Reporting Airports,EXETER,GUERNSEY,3445,3420,25,30552,30552,0,-88.72414
16/04/2021 17:24,2020,2019,B,Other Reporting Airports,EXETER,HAWARDEN,0,0,0,3,3,0,-100
16/04/2021 17:24,2020,2019,B,Other Reporting Airports,EXETER,HEATHROW,40,40,0,168,168,0,-76.19048
16/04/2021 17:24,2020,2019,B,Other Reporting Airports,EXETER,HUMBERSIDE,26,26,0,0,0,0,0
16/04/2021 17:24,2020,2019,B,Other Reporting Airports,EXETER,ISLES OF SCILLY (ST.MARYS),3160,3160,0,12773,12773,0,-75.26031
16/04/2021 17:24,2020,2019,B,Other Reporting Airports,EXETER,JERSEY,6863,6814,49,41094,41094,0,-83.29927
16/04/2021 17:24,2020,2019,B,Other Reporting Airports,EXETER,LEEDS BRADFORD,27,27,0,0,0,0,0
16/04/2021 17:24,2020,2019,B,Other Reporting Airports,EXETER,LONDON CITY,3990,3990,0,32383,32383,0,-87.67872
16/04/2021 17:24,2020,2019,B,Other Reporting Airports,EXETER,MANCHESTER,18544,18544,0,128754,128527,227,-85.59734
16/04/2021 17:24,2020,2019,B,Other Reporting Airports,EXETER,NEWCASTLE,4743,4743,0,41813,41761,52,-88.65664
16/04/2021 17:24,2020,2019,B,Other Reporting Airports,EXETER,NEWQUAY,40,40,0,58,58,0,-31.03448
16/04/2021 17:24,2020,2019,B,Other Reporting Airports,EXETER,NORWICH,0,0,0,24550,24550,0,-100
16/04/2021 17:24,2020,2019,B,Other Reporting Airports,EXETER,SOUTHAMPTON,24,0,24,94,94,0,-74.46809
16/04/2021 17:24,2020,2019,B,Other Reporting Airports,EXETER,SOUTHEND,0,0,0,85,85,0,-100
16/04/2021 17:24,2020,2019,B,Other Reporting Airports,EXETER,TEESSIDE INTERNATIONAL AIRPORT,63,63,0,0,0,0,0
16/04/2021 17:24,2020,2019,B,Other Reporting Airports,GLASGOW,ABERDEEN,0,0,0,33,33,0,-100
16/04/2021 17:24,2020,2019,B,Other Reporting Airports,GLASGOW,BARRA,6346,6346,0,14873,14873,0,-57.33208
16/04/2021 17:24,2020,2019,B,Other Reporting Airports,GLASGOW,BELFAST CITY (GEORGE BEST),21268,21268,0,142602,142554,48,-85.08576
16/04/2021 17:24,2020,2019,B,Other Reporting Airports,GLASGOW,BELFAST INTERNATIONAL,112142,111888,254,293824,293751,73,-61.83361
16/04/2021 17:24,2020,2019,B,Other Reporting Airports,GLASGOW,BENBECULA,9987,9944,43,26350,26350,0,-62.09867
16/04/2021 17:24,2020,2019,B,Other Reporting Airports,GLASGOW,BIRMINGHAM,43841,43841,0,230214,230076,138,-80.95641
16/04/2021 17:24,2020,2019,B,Other Reporting Airports,GLASGOW,BRISTOL,99099,99099,0,324005,323829,176,-69.41436
16/04/2021 17:24,2020,2019,B,Other Reporting Airports,GLASGOW,CAMPBELTOWN,2416,2416,0,8097,8097,0,-70.16179
16/04/2021 17:24,2020,2019,B,Other Reporting Airports,GLASGOW,CARDIFF WALES,1177,894,283,24750,24750,0,-95.24444
16/04/2021 17:24,2020,2019,B,Other Reporting Airports,GLASGOW,CITY OF DERRY (EGLINTON),4119,4119,0,14423,14395,28,-71.44145
16/04/2021 17:24,2020,2019,B,Other Reporting Airports,GLASGOW,DUNDEE,0,0,0,21,21,0,-100
16/04/2021 17:24,2020,2019,B,Other Reporting Airports,GLASGOW,EAST MIDLANDS INTERNATIONAL,6928,6881,47,64711,64678,33,-89.29394
16/04/2021 17:24,2020,2019,B,Other Reporting Airports,GLASGOW,EDINBURGH,236,236,0,144,144,0,63.88889
16/04/2021 17:24,2020,2019,B,Other Reporting Airports,GLASGOW,EXETER,3161,2937,224,34214,34214,0,-90.76109
16/04/2021 17:24,2020,2019,B,Other Reporting Airports,GLASGOW,GATWICK,175156,175156,0,643323,642714,609,-72.77324
16/04/2021 17:24,2020,2019,B,Other Reporting Airports,GLASGOW,GUERNSEY,0,0,0,1219,1219,0,-100
16/04/2021 17:24,2020,2019,B,Other Reporting Airports,GLASGOW,HEATHROW,271939,271939,0,865203,865203,0,-68.56934
16/04/2021 17:24,2020,2019,B,Other Reporting Airports,GLASGOW,INVERNESS,20,20,0,117,117,0,-82.90598
16/04/2021 17:24,2020,2019,B,Other Reporting Airports,GLASGOW,ISLAY,8516,8516,0,28967,28967,0,-70.60103
16/04/2021 17:24,2020,2019,B,Other Reporting Airports,GLASGOW,ISLE OF MAN,0,0,0,142,142,0,-100
16/04/2021 17:24,2020,2019,B,Other Reporting Airports,GLASGOW,JERSEY,10537,10537,0,49880,49880,0,-78.8753
16/04/2021 17:24,2020,2019,B,Other Reporting Airports,GLASGOW,KIRKWALL,5344,5344,0,20201,20201,0,-73.54586
16/04/2021 17:24,2020,2019,B,Other Reporting Airports,GLASGOW,LEEDS BRADFORD,0,0,0,21,0,21,-100
16/04/2021 17:24,2020,2019,B,Other Reporting Airports,GLASGOW,LONDON CITY,51621,51568,53,254335,254335,0,-79.70354
16/04/2021 17:24,2020,2019,B,Other Reporting Airports,GLASGOW,LUTON,79392,79392,0,245515,245515,0,-67.66308
16/04/2021 17:24,2020,2019,B,Other Reporting Airports,GLASGOW,MANCHESTER,86,79,7,47185,47185,0,-99.81774
16/04/2021 17:24,2020,2019,B,Other Reporting Airports,GLASGOW,NEWCASTLE,74,0,74,0,0,0,0
16/04/2021 17:24,2020,2019,B,Other Reporting Airports,GLASGOW,NEWQUAY,0,0,0,3823,3823,0,-100
16/04/2021 17:24,2020,2019,B,Other Reporting Airports,GLASGOW,PRESTWICK,31,31,0,7,7,0,342.85714
16/04/2021 17:24,2020,2019,B,Other Reporting Airports,GLASGOW,SOUTHAMPTON,28603,28603,0,170559,170559,0,-83.22985
16/04/2021 17:24,2020,2019,B,Other Reporting Airports,GLASGOW,SOUTHEND,112,112,0,21795,21634,161,-99.48612
16/04/2021 17:24,2020,2019,B,Other Reporting Airports,GLASGOW,STANSTED,81983,81983,0,278986,278948,38,-70.61394
16/04/2021 17:24,2020,2019,B,Other Reporting Airports,GLASGOW,STORNOWAY,26072,26049,23,75839,75839,0,-65.62191
16/04/2021 17:24,2020,2019,B,Other Reporting Airports,GLASGOW,SUMBURGH,5817,5817,0,23312,23312,0,-75.04719
16/04/2021 17:24,2020,2019,B,Other Reporting Airports,GLASGOW,TIREE,4943,4943,0,11598,11598,0,-57.38058
16/04/2021 17:24,2020,2019,B,Other Reporting Airports,GLASGOW,WICK JOHN O GROATS,0,0,0,26,26,0,-100
16/04/2021 17:24,2020,2019,B,Other Reporting Airports,GUERNSEY,ALDERNEY,25078,25078,0,29302,29302,0,-14.4154
16/04/2021 17:24,2020,2019,B,Other Reporting Airports,GUERNSEY,BIRMINGHAM,4161,4161,0,28655,28571,84,-85.47897
16/04/2021 17:24,2020,2019,B,Other Reporting Airports,GUERNSEY,BOURNEMOUTH,0,0,0,300,300,0,-100
16/04/2021 17:24,2020,2019,B,Other Reporting Airports,GUERNSEY,BRISTOL,3338,3338,0,23443,23443,0,-85.76121
16/04/2021 17:24,2020,2019,B,Other Reporting Airports,GUERNSEY,EAST MIDLANDS INTERNATIONAL,2492,2489,3,19284,19284,0,-87.07737
16/04/2021 17:24,2020,2019,B,Other Reporting Airports,GUERNSEY,EDINBURGH,45,45,0,1556,1556,0,-97.10797
16/04/2021 17:24,2020,2019,B,Other Reporting Airports,GUERNSEY,EXETER,3415,3415,0,30242,30242,0,-88.70776
16/04/2021 17:24,2020,2019,B,Other Reporting Airports,GUERNSEY,GATWICK,52155,52155,0,310040,310040,0,-83.17798
16/04/2021 17:24,2020,2019,B,Other Reporting Airports,GUERNSEY,GLASGOW,0,0,0,1250,1250,0,-100
16/04/2021 17:24,2020,2019,B,Other Reporting Airports,GUERNSEY,HEATHROW,5443,5443,0,27644,27644,0,-80.31037
16/04/2021 17:24,2020,2019,B,Other Reporting Airports,GUERNSEY,ISLE OF MAN,8090,8090,0,0,0,0,0
16/04/2021 17:24,2020,2019,B,Other Reporting Airports,GUERNSEY,JERSEY,20028,19993,35,115628,114812,816,-82.67894
16/04/2021 17:24,2020,2019,B,Other Reporting Airports,GUERNSEY,LEEDS BRADFORD,0,0,0,4352,4352,0,-100
16/04/2021 17:24,2020,2019,B,Other Reporting Airports,GUERNSEY,LIVERPOOL (JOHN LENNON),0,0,0,3116,3116,0,-100
16/04/2021 17:24,2020,2019,B,Other Reporting Airports,GUERNSEY,MANCHESTER,10329,10329,0,65281,65208,73,-84.17763
16/04/2021 17:24,2020,2019,B,Other Reporting Airports,GUERNSEY,NEWQUAY,0,0,0,72,72,0,-100
16/04/2021 17:24,2020,2019,B,Other Reporting Airports,GUERNSEY,NORWICH,0,0,0,1277,1277,0,-100
16/04/2021 17:24,2020,2019,B,Other Reporting Airports,GUERNSEY,OXFORD (KIDLINGTON),2,0,2,0,0,0,0
16/04/2021 17:24,2020,2019,B,Other Reporting Airports,GUERNSEY,SOUTHAMPTON,45009,45003,6,147855,147813,42,-69.55869
16/04/2021 17:24,2020,2019,B,Other Reporting Airports,GUERNSEY,SOUTHEND,822,822,0,14091,14091,0,-94.16649
16/04/2021 17:24,2020,2019,B,Other Reporting Airports,GUERNSEY,STANSTED,2981,2981,0,23347,23347,0,-87.23176
16/04/2021 17:24,2020,2019,B,Other Reporting Airports,HUMBERSIDE,ABERDEEN,6698,6698,0,19197,19197,0,-65.10913
16/04/2021 17:24,2020,2019,B,Other Reporting Airports,HUMBERSIDE,BELFAST INTERNATIONAL,15,15,0,0,0,0,0
16/04/2021 17:24,2020,2019,B,Other Reporting Airports,HUMBERSIDE,BRISTOL,74,0,74,175,87,88,-57.71429
16/04/2021 17:24,2020,2019,B,Other Reporting Airports,HUMBERSIDE,CARDIFF WALES,139,0,139,206,0,206,-32.52427
16/04/2021 17:24,2020,2019,B,Other Reporting Airports,HUMBERSIDE,CONINGSBY,0,0,0,1,1,0,-100
16/04/2021 17:24,2020,2019,B,Other Reporting Airports,HUMBERSIDE,EAST MIDLANDS INTERNATIONAL,4,0,4,0,0,0,0
16/04/2021 17:24,2020,2019,B,Other Reporting Airports,HUMBERSIDE,EXETER,26,26,0,0,0,0,0
16/04/2021 17:24,2020,2019,B,Other Reporting Airports,HUMBERSIDE,FARNBOROUGH,91,0,91,28,0,28,225
16/04/2021 17:24,2020,2019,B,Other Reporting Airports,HUMBERSIDE,GATWICK,32,0,32,0,0,0,0
16/04/2021 17:24,2020,2019,B,Other Reporting Airports,HUMBERSIDE,HEATHROW,6,0,6,29,0,29,-79.31034
16/04/2021 17:24,2020,2019,B,Other Reporting Airports,HUMBERSIDE,JERSEY,0,0,0,1648,0,1648,-100
16/04/2021 17:24,2020,2019,B,Other Reporting Airports,HUMBERSIDE,LEEDS BRADFORD,0,0,0,5,5,0,-100
16/04/2021 17:24,2020,2019,B,Other Reporting Airports,HUMBERSIDE,LOSSIEMOUTH,0,0,0,1,1,0,-100
16/04/2021 17:24,2020,2019,B,Other Reporting Airports,HUMBERSIDE,MARHAM(KINGS LYNN),0,0,0,12,12,0,-100
16/04/2021 17:24,2020,2019,B,Other Reporting Airports,HUMBERSIDE,NEWCASTLE,49,49,0,82,82,0,-40.2439
16/04/2021 17:24,2020,2019,B,Other Reporting Airports,HUMBERSIDE,NORWICH,0,0,0,265,233,32,-100
16/04/2021 17:24,2020,2019,B,Other Reporting Airports,HUMBERSIDE,STANSTED,0,0,0,67,0,67,-100
16/04/2021 17:24,2020,2019,B,Other Reporting Airports,HUMBERSIDE,TEESSIDE INTERNATIONAL AIRPORT,387,387,0,1041,1041,0,-62.82421
16/04/2021 17:24,2020,2019,B,Other Reporting Airports,HUMBERSIDE,WARTON,0,0,0,51,51,0,-100
16/04/2021 17:24,2020,2019,B,Other Reporting Airports,INVERNESS,ABERDEEN,243,243,0,44,44,0,452.27273
16/04/2021 17:24,2020,2019,B,Other Reporting Airports,INVERNESS,BELFAST CITY (GEORGE BEST),4649,4649,0,33047,32999,48,-85.93216
16/04/2021 17:24,2020,2019,B,Other Reporting Airports,INVERNESS,BENBECULA,0,0,0,12,12,0,-100
16/04/2021 17:24,2020,2019,B,Other Reporting Airports,INVERNESS,BIRMINGHAM,4529,4529,0,39844,39844,0,-88.63317
16/04/2021 17:24,2020,2019,B,Other Reporting Airports,INVERNESS,BRISTOL,28122,28122,0,91221,91221,0,-69.17157
16/04/2021 17:24,2020,2019,B,Other Reporting Airports,INVERNESS,EAST MIDLANDS INTERNATIONAL,146,146,0,3813,3813,0,-96.17099
16/04/2021 17:24,2020,2019,B,Other Reporting Airports,INVERNESS,EDINBURGH,8,8,0,124,124,0,-93.54839
16/04/2021 17:24,2020,2019,B,Other Reporting Airports,INVERNESS,GATWICK,83386,83386,0,257512,257512,0,-67.6186
16/04/2021 17:24,2020,2019,B,Other Reporting Airports,INVERNESS,GLASGOW,21,21,0,260,156,104,-91.92308
16/04/2021 17:24,2020,2019,B,Other Reporting Airports,INVERNESS,HEATHROW,42866,42866,0,140272,140272,0,-69.4408
16/04/2021 17:24,2020,2019,B,Other Reporting Airports,INVERNESS,ISLE OF MAN,0,0,0,50,0,50,-100
16/04/2021 17:24,2020,2019,B,Other Reporting Airports,INVERNESS,JERSEY,0,0,0,1845,1845,0,-100
16/04/2021 17:24,2020,2019,B,Other Reporting Airports,INVERNESS,KIRKWALL,4280,4280,0,21623,21623,0,-80.20626
16/04/2021 17:24,2020,2019,B,Other Reporting Airports,INVERNESS,LUTON,35714,35714,0,146493,146163,330,-75.62068
16/04/2021 17:24,2020,2019,B,Other Reporting Airports,INVERNESS,MANCHESTER,10216,10216,0,50364,50364,0,-79.71567
16/04/2021 17:24,2020,2019,B,Other Reporting Airports,INVERNESS,SOUTHEND,0,0,0,17,0,17,-100
16/04/2021 17:24,2020,2019,B,Other Reporting Airports,INVERNESS,STORNOWAY,10125,10125,0,29763,29763,0,-65.98125
16/04/2021 17:24,2020,2019,B,Other Reporting Airports,INVERNESS,SUMBURGH,24,24,0,214,214,0,-88.78505
16/04/2021 17:24,2020,2019,B,Other Reporting Airports,ISLAY,CAMPBELTOWN,259,259,0,35,35,0,640
16/04/2021 17:24,2020,2019,B,Other Reporting Airports,ISLAY,COLONSAY,49,49,0,190,190,0,-74.21053
16/04/2021 17:24,2020,2019,B,Other Reporting Airports,ISLAY,EDINBURGH,0,0,0,5942,5942,0,-100
16/04/2021 17:24,2020,2019,B,Other Reporting Airports,ISLAY,GLASGOW,8301,8301,0,28476,28476,0,-70.84914
16/04/2021 17:24,2020,2019,B,Other Reporting Airports,ISLAY,OBAN (NORTH CONNEL),40,40,0,116,116,0,-65.51724
16/04/2021 17:24,2020,2019,B,Other Reporting Airports,ISLAY,TIREE,44,44,0,12,12,0,266.66667
16/04/2021 17:24,2020,2019,B,Other Reporting Airports,ISLE OF MAN,ABERDEEN,178,0,178,0,0,0,0
16/04/2021 17:24,2020,2019,B,Other Reporting Airports,ISLE OF MAN,BELFAST INTERNATIONAL,4230,4230,0,23970,23970,0,-82.35294
16/04/2021 17:24,2020,2019,B,Other Reporting Airports,ISLE OF MAN,BIRMINGHAM,5399,5399,0,43407,43407,0,-87.56191
16/04/2021 17:24,2020,2019,B,Other Reporting Airports,ISLE OF MAN,BRISTOL,5141,5141,0,28600,28600,0,-82.02448
16/04/2021 17:24,2020,2019,B,Other Reporting Airports,ISLE OF MAN,EDINBURGH,1750,1750,0,7852,7852,0,-77.71268
16/04/2021 17:24,2020,2019,B,Other Reporting Airports,ISLE OF MAN,GATWICK,31714,31714,0,176142,176142,0,-81.99521
16/04/2021 17:24,2020,2019,B,Other Reporting Airports,ISLE OF MAN,GLASGOW,0,0,0,191,191,0,-100
16/04/2021 17:24,2020,2019,B,Other Reporting Airports,ISLE OF MAN,GUERNSEY,8133,0,8133,0,0,0,0
16/04/2021 17:24,2020,2019,B,Other Reporting Airports,ISLE OF MAN,HEATHROW,823,823,0,18016,18016,0,-95.43184
16/04/2021 17:24,2020,2019,B,Other Reporting Airports,ISLE OF MAN,INVERNESS,0,0,0,48,0,48,-100
16/04/2021 17:24,2020,2019,B,Other Reporting Airports,ISLE OF MAN,LIVERPOOL (JOHN LENNON),54342,54342,0,254250,254250,0,-78.62655
16/04/2021 17:24,2020,2019,B,Other Reporting Airports,ISLE OF MAN,LONDON CITY,15381,15381,0,56032,56032,0,-72.54961
16/04/2021 17:24,2020,2019,B,Other Reporting Airports,ISLE OF MAN,LUTON,0,0,0,25006,25006,0,-100
16/04/2021 17:24,2020,2019,B,Other Reporting Airports,ISLE OF MAN,MANCHESTER,26997,26926,71,173250,173250,0,-84.41732
16/04/2021 17:24,2020,2019,B,Other Reporting Airports,ISLE OF MAN,NEWCASTLE,226,0,226,0,0,0,0
16/04/2021 17:24,2020,2019,B,Other Reporting Airports,ISLE OF MAN,SOUTHEND,57,57,0,0,0,0,0
16/04/2021 17:24,2020,2019,B,Other Reporting Airports,JERSEY,ABERDEEN,0,0,0,2795,2795,0,-100
16/04/2021 17:24,2020,2019,B,Other Reporting Airports,JERSEY,ALDERNEY,0,0,0,249,249,0,-100
16/04/2021 17:24,2020,2019,B,Other Reporting Airports,JERSEY,BELFAST INTERNATIONAL,2106,2106,0,20795,20795,0,-89.87257
16/04/2021 17:24,2020,2019,B,Other Reporting Airports,JERSEY,BIRMINGHAM,8468,8468,0,63763,63763,0,-86.71957
16/04/2021 17:24,2020,2019,B,Other Reporting Airports,JERSEY,BOURNEMOUTH,0,0,0,1459,1459,0,-100
16/04/2021 17:24,2020,2019,B,Other Reporting Airports,JERSEY,BRISTOL,8762,8762,0,25982,25982,0,-66.27665
16/04/2021 17:24,2020,2019,B,Other Reporting Airports,JERSEY,CARDIFF WALES,1723,1723,0,16666,16666,0,-89.66159
16/04/2021 17:24,2020,2019,B,Other Reporting Airports,JERSEY,DONCASTER SHEFFIELD,0,0,0,27841,27841,0,-100
16/04/2021 17:24,2020,2019,B,Other Reporting Airports,JERSEY,EAST MIDLANDS INTERNATIONAL,2314,2314,0,31504,31504,0,-92.6549
16/04/2021 17:24,2020,2019,B,Other Reporting Airports,JERSEY,EDINBURGH,4832,4832,0,23938,23938,0,-79.81452
16/04/2021 17:24,2020,2019,B,Other Reporting Airports,JERSEY,EXETER,5999,5999,0,36248,36248,0,-83.45012
16/04/2021 17:24,2020,2019,B,Other Reporting Airports,JERSEY,GATWICK,177804,177804,0,698780,698780,0,-74.55508
16/04/2021 17:24,2020,2019,B,Other Reporting Airports,JERSEY,GLASGOW,10557,10557,0,49853,49853,0,-78.82374
16/04/2021 17:24,2020,2019,B,Other Reporting Airports,JERSEY,GUERNSEY,22772,22772,0,123710,122270,1440,-81.59243
16/04/2021 17:24,2020,2019,B,Other Reporting Airports,JERSEY,HEATHROW,56098,56098,0,122,122,0,45881.96721
16/04/2021 17:24,2020,2019,B,Other Reporting Airports,JERSEY,HUMBERSIDE,0,0,0,1646,1646,0,-100
16/04/2021 17:24,2020,2019,B,Other Reporting Airports,JERSEY,INVERNESS,0,0,0,1855,1855,0,-100
16/04/2021 17:24,2020,2019,B,Other Reporting Airports,JERSEY,LEEDS BRADFORD,0,0,0,12077,12077,0,-100
16/04/2021 17:24,2020,2019,B,Other Reporting Airports,JERSEY,LIVERPOOL (JOHN LENNON),36889,36889,0,148554,148554,0,-75.16795
16/04/2021 17:24,2020,2019,B,Other Reporting Airports,JERSEY,LONDON CITY,3839,3839,0,33652,33652,0,-88.59206
16/04/2021 17:24,2020,2019,B,Other Reporting Airports,JERSEY,LUTON,6227,6227,0,53547,53547,0,-88.37096
16/04/2021 17:24,2020,2019,B,Other Reporting Airports,JERSEY,MANCHESTER,18660,18660,0,62040,62040,0,-69.92263
16/04/2021 17:24,2020,2019,B,Other Reporting Airports,JERSEY,NEWCASTLE,3166,3029,137,26729,26505,224,-88.15519
16/04/2021 17:24,2020,2019,B,Other Reporting Airports,JERSEY,NEWQUAY,0,0,0,1844,1714,130,-100
16/04/2021 17:24,2020,2019,B,Other Reporting Airports,JERSEY,NORWICH,0,0,0,5601,5601,0,-100
16/04/2021 17:24,2020,2019,B,Other Reporting Airports,JERSEY,SOUTHAMPTON,39661,39661,0,161097,161097,0,-75.38067
16/04/2021 17:24,2020,2019,B,Other Reporting Airports,JERSEY,SOUTHEND,0,0,0,40577,40577,0,-100
16/04/2021 17:24,2020,2019,B,Other Reporting Airports,JERSEY,TEESSIDE INTERNATIONAL AIRPORT,170,0,170,2695,2695,0,-93.69202
16/04/2021 17:24,2020,2019,B,Other Reporting Airports,KIRKWALL,ABERDEEN,19770,19724,46,49992,49831,161,-60.45367
16/04/2021 17:24,2020,2019,B,Other Reporting Airports,KIRKWALL,DUNDEE,0,0,0,17,17,0,-100
16/04/2021 17:24,2020,2019,B,Other Reporting Airports,KIRKWALL,EDAY,357,357,0,534,534,0,-33.14607
16/04/2021 17:24,2020,2019,B,Other Reporting Airports,KIRKWALL,EDINBURGH,10581,10581,0,47567,47567,0,-77.75559
16/04/2021 17:24,2020,2019,B,Other Reporting Airports,KIRKWALL,FAIR ISLE,0,0,0,52,52,0,-100
16/04/2021 17:24,2020,2019,B,Other Reporting Airports,KIRKWALL,GLASGOW,4728,4728,0,20131,20131,0,-76.51383
16/04/2021 17:24,2020,2019,B,Other Reporting Airports,KIRKWALL,INVERNESS,1840,1840,0,10825,10825,0,-83.00231
16/04/2021 17:24,2020,2019,B,Other Reporting Airports,KIRKWALL,MANCHESTER,0,0,0,2053,2053,0,-100
16/04/2021 17:24,2020,2019,B,Other Reporting Airports,KIRKWALL,NORTH RONALDSAY,3204,3204,0,5662,5662,0,-43.41222
16/04/2021 17:24,2020,2019,B,Other Reporting Airports,KIRKWALL,PAPA WESTRAY,2670,2670,0,4835,4835,0,-44.77766
16/04/2021 17:24,2020,2019,B,Other Reporting Airports,KIRKWALL,SANDAY,1834,1834,0,2958,2958,0,-37.99865
16/04/2021 17:24,2020,2019,B,Other Reporting Airports,KIRKWALL,STRONSAY,1957,1957,0,3338,3338,0,-41.37208
16/04/2021 17:24,2020,2019,B,Other Reporting Airports,KIRKWALL,SUMBURGH,5651,5651,0,9436,9436,0,-40.11234
16/04/2021 17:24,2020,2019,B,Other Reporting Airports,KIRKWALL,WESTRAY,1999,1999,0,3475,3475,0,-42.47482
16/04/2021 17:24,2020,2019,B,Other Reporting Airports,KIRKWALL,WICK JOHN O GROATS,0,0,0,252,252,0,-100
16/04/2021 17:24,2020,2019,B,Other Reporting Airports,LEEDS BRADFORD,ABERDEEN,0,0,0,59,12,47,-100
16/04/2021 17:24,2020,2019,B,Other Reporting Airports,LEEDS BRADFORD,BELFAST CITY (GEORGE BEST),26060,26060,0,155855,155855,0,-83.27933
16/04/2021 17:24,2020,2019,B,Other Reporting Airports,LEEDS BRADFORD,BELFAST INTERNATIONAL,0,0,0,122,122,0,-100
16/04/2021 17:24,2020,2019,B,Other Reporting Airports,LEEDS BRADFORD,BOURNEMOUTH,50,0,50,0,0,0,0
16/04/2021 17:24,2020,2019,B,Other Reporting Airports,LEEDS BRADFORD,CAERNARFON,0,0,0,63,63,0,-100
16/04/2021 17:24,2020,2019,B,Other Reporting Airports,LEEDS BRADFORD,EAST MIDLANDS INTERNATIONAL,59,59,0,0,0,0,0
16/04/2021 17:24,2020,2019,B,Other Reporting Airports,LEEDS BRADFORD,EXETER,0,0,0,50,0,50,-100
16/04/2021 17:24,2020,2019,B,Other Reporting Airports,LEEDS BRADFORD,GATWICK,0,0,0,129,0,129,-100
16/04/2021 17:24,2020,2019,B,Other Reporting Airports,LEEDS BRADFORD,GLASGOW,1,1,0,0,0,0,0
16/04/2021 17:24,2020,2019,B,Other Reporting Airports,LEEDS BRADFORD,GUERNSEY,0,0,0,4351,4351,0,-100
16/04/2021 17:24,2020,2019,B,Other Reporting Airports,LEEDS BRADFORD,HEATHROW,20976,20976,0,99663,99663,0,-78.95307
16/04/2021 17:24,2020,2019,B,Other Reporting Airports,LEEDS BRADFORD,HUMBERSIDE,0,0,0,20,20,0,-100
16/04/2021 17:24,2020,2019,B,Other Reporting Airports,LEEDS BRADFORD,ISLE OF MAN,0,0,0,64,64,0,-100
16/04/2021 17:24,2020,2019,B,Other Reporting Airports,LEEDS BRADFORD,JERSEY,0,0,0,12407,12407,0,-100
16/04/2021 17:24,2020,2019,B,Other Reporting Airports,LEEDS BRADFORD,LONDON CITY,0,0,0,41,41,0,-100
16/04/2021 17:24,2020,2019,B,Other Reporting Airports,LEEDS BRADFORD,MANCHESTER,10,10,0,433,433,0,-97.69053
16/04/2021 17:24,2020,2019,B,Other Reporting Airports,LEEDS BRADFORD,NEWCASTLE,216,216,0,555,555,0,-61.08108
16/04/2021 17:24,2020,2019,B,Other Reporting Airports,LEEDS BRADFORD,NEWQUAY,3855,3855,0,17672,17672,0,-78.18583
16/04/2021 17:24,2020,2019,B,Other Reporting Airports,LEEDS BRADFORD,SOUTHAMPTON,5007,5007,0,26930,26930,0,-81.40735
16/04/2021 17:24,2020,2019,B,Other Reporting Airports,LERWICK (TINGWALL),FAIR ISLE,775,775,0,2199,2199,0,-64.75671
16/04/2021 17:24,2020,2019,B,Other Reporting Airports,LERWICK (TINGWALL),FOULA,450,450,0,1075,1075,0,-58.13953
16/04/2021 17:24,2020,2019,B,Other Reporting Airports,LERWICK (TINGWALL),PAPA STOUR,2,2,0,35,35,0,-94.28571
16/04/2021 17:24,2020,2019,B,Other Reporting Airports,LIVERPOOL (JOHN LENNON),BELFAST CITY (GEORGE BEST),0,0,0,265,265,0,-100
16/04/2021 17:24,2020,2019,B,Other Reporting Airports,LIVERPOOL (JOHN LENNON),BELFAST INTERNATIONAL,193294,193294,0,490338,490338,0,-60.57944
16/04/2021 17:24,2020,2019,B,Other Reporting Airports,LIVERPOOL (JOHN LENNON),BIGGIN HILL,192,0,192,196,0,196,-2.04082
16/04/2021 17:24,2020,2019,B,Other Reporting Airports,LIVERPOOL (JOHN LENNON),BIRMINGHAM,0,0,0,38,0,38,-100
16/04/2021 17:24,2020,2019,B,Other Reporting Airports,LIVERPOOL (JOHN LENNON),BOURNEMOUTH,254,0,254,360,0,360,-29.44444
16/04/2021 17:24,2020,2019,B,Other Reporting Airports,LIVERPOOL (JOHN LENNON),BRISTOL,8,8,0,0,0,0,0
16/04/2021 17:24,2020,2019,B,Other Reporting Airports,LIVERPOOL (JOHN LENNON),CARDIFF WALES,133,0,133,224,0,224,-40.625
16/04/2021 17:24,2020,2019,B,Other Reporting Airports,LIVERPOOL (JOHN LENNON),CITY OF DERRY (EGLINTON),27556,27556,0,57565,57565,0,-52.13063
16/04/2021 17:24,2020,2019,B,Other Reporting Airports,LIVERPOOL (JOHN LENNON),CRANFIELD,0,0,0,81,0,81,-100
16/04/2021 17:24,2020,2019,B,Other Reporting Airports,LIVERPOOL (JOHN LENNON),EAST MIDLANDS INTERNATIONAL,0,0,0,135,0,135,-100
16/04/2021 17:24,2020,2019,B,Other Reporting Airports,LIVERPOOL (JOHN LENNON),EDINBURGH,0,0,0,47,0,47,-100
16/04/2021 17:24,2020,2019,B,Other Reporting Airports,LIVERPOOL (JOHN LENNON),FARNBOROUGH,107,0,107,166,0,166,-35.54217
16/04/2021 17:24,2020,2019,B,Other Reporting Airports,LIVERPOOL (JOHN LENNON),GATWICK,357,1,356,490,87,403,-27.14286
16/04/2021 17:24,2020,2019,B,Other Reporting Airports,LIVERPOOL (JOHN LENNON),GLASGOW,0,0,0,19,19,0,-100
16/04/2021 17:24,2020,2019,B,Other Reporting Airports,LIVERPOOL (JOHN LENNON),GUERNSEY,0,0,0,3156,3156,0,-100
16/04/2021 17:24,2020,2019,B,Other Reporting Airports,LIVERPOOL (JOHN LENNON),HEATHROW,38,0,38,104,104,0,-63.46154
16/04/2021 17:24,2020,2019,B,Other Reporting Airports,LIVERPOOL (JOHN LENNON),ISLE OF MAN,53943,53943,0,253170,253170,0,-78.69297
16/04/2021 17:24,2020,2019,B,Other Reporting Airports,LIVERPOOL (JOHN LENNON),JERSEY,36684,36684,0,147373,147373,0,-75.10806
16/04/2021 17:24,2020,2019,B,Other Reporting Airports,LIVERPOOL (JOHN LENNON),LONDON CITY,163,0,163,86,0,86,89.53488
16/04/2021 17:24,2020,2019,B,Other Reporting Airports,LIVERPOOL (JOHN LENNON),LUTON,727,0,727,823,177,646,-11.66464
16/04/2021 17:24,2020,2019,B,Other Reporting Airports,LIVERPOOL (JOHN LENNON),NEWCASTLE,315,0,315,500,0,500,-37
16/04/2021 17:24,2020,2019,B,Other Reporting Airports,LIVERPOOL (JOHN LENNON),NEWQUAY,0,0,0,2873,2873,0,-100
16/04/2021 17:24,2020,2019,B,Other Reporting Airports,LIVERPOOL (JOHN LENNON),NORWICH,255,0,255,126,0,126,102.38095
16/04/2021 17:24,2020,2019,B,Other Reporting Airports,LIVERPOOL (JOHN LENNON),OLD WARDEN,0,0,0,161,161,0,-100
16/04/2021 17:24,2020,2019,B,Other Reporting Airports,LIVERPOOL (JOHN LENNON),SOUTHAMPTON,191,0,191,250,0,250,-23.6
16/04/2021 17:24,2020,2019,B,Other Reporting Airports,LIVERPOOL (JOHN LENNON),SOUTHEND,0,0,0,207,0,207,-100
16/04/2021 17:24,2020,2019,B,Other Reporting Airports,LIVERPOOL (JOHN LENNON),STANSTED,777,0,777,543,0,543,43.09392
16/04/2021 17:24,2020,2019,B,Other Reporting Airports,LIVERPOOL (JOHN LENNON),WADDINGTON,72,0,72,0,0,0,0
16/04/2021 17:24,2020,2019,B,Other Reporting Airports,MANCHESTER,ABERDEEN,39300,39300,0,212656,212656,0,-81.51945
16/04/2021 17:24,2020,2019,B,Other Reporting Airports,MANCHESTER,BELFAST CITY (GEORGE BEST),52300,52300,0,275843,275843,0,-81.03994
16/04/2021 17:24,2020,2019,B,Other Reporting Airports,MANCHESTER,BELFAST INTERNATIONAL,141386,141379,7,468341,468341,0,-69.81131
16/04/2021 17:24,2020,2019,B,Other Reporting Airports,MANCHESTER,BIGGIN HILL,0,0,0,95,0,95,-100
16/04/2021 17:24,2020,2019,B,Other Reporting Airports,MANCHESTER,BIRMINGHAM,362,276,86,195,194,1,85.64103
16/04/2021 17:24,2020,2019,B,Other Reporting Airports,MANCHESTER,BOURNEMOUTH,44,0,44,160,0,160,-72.5
16/04/2021 17:24,2020,2019,B,Other Reporting Airports,MANCHESTER,BRISTOL,50,0,50,339,0,339,-85.25074
16/04/2021 17:24,2020,2019,B,Other Reporting Airports,MANCHESTER,CAMBRIDGE,328,328,0,2362,2362,0,-86.11346
16/04/2021 17:24,2020,2019,B,Other Reporting Airports,MANCHESTER,CARDIFF WALES,0,0,0,268,44,224,-100
16/04/2021 17:24,2020,2019,B,Other Reporting Airports,MANCHESTER,CITY OF DERRY (EGLINTON),210,210,0,9362,9362,0,-97.75689
16/04/2021 17:24,2020,2019,B,Other Reporting Airports,MANCHESTER,DONCASTER SHEFFIELD,53,53,0,0,0,0,0
16/04/2021 17:24,2020,2019,B,Other Reporting Airports,MANCHESTER,EAST MIDLANDS INTERNATIONAL,14,0,14,0,0,0,0
16/04/2021 17:24,2020,2019,B,Other Reporting Airports,MANCHESTER,EDINBURGH,13937,13937,0,116478,116345,133,-88.03465
16/04/2021 17:24,2020,2019,B,Other Reporting Airports,MANCHESTER,EXETER,18569,18569,0,128091,127864,227,-85.50328
16/04/2021 17:24,2020,2019,B,Other Reporting Airports,MANCHESTER,FARNBOROUGH,0,0,0,50,0,50,-100
16/04/2021 17:24,2020,2019,B,Other Reporting Airports,MANCHESTER,GATWICK,94,16,78,294,158,136,-68.02721
16/04/2021 17:24,2020,2019,B,Other Reporting Airports,MANCHESTER,GLASGOW,89,89,0,47055,47055,0,-99.81086
16/04/2021 17:24,2020,2019,B,Other Reporting Airports,MANCHESTER,GUERNSEY,10400,10400,0,65353,65353,0,-84.08642
16/04/2021 17:24,2020,2019,B,Other Reporting Airports,MANCHESTER,HEATHROW,172179,172179,0,552151,552151,0,-68.81668
16/04/2021 17:24,2020,2019,B,Other Reporting Airports,MANCHESTER,INVERNESS,10164,10164,0,49035,49035,0,-79.27195
16/04/2021 17:24,2020,2019,B,Other Reporting Airports,MANCHESTER,ISLE OF MAN,26939,26939,0,172371,172020,351,-84.3715
16/04/2021 17:24,2020,2019,B,Other Reporting Airports,MANCHESTER,JERSEY,18516,18516,0,61663,61663,0,-69.97227
16/04/2021 17:24,2020,2019,B,Other Reporting Airports,MANCHESTER,KIRKWALL,0,0,0,2042,2042,0,-100
16/04/2021 17:24,2020,2019,B,Other Reporting Airports,MANCHESTER,LEEDS BRADFORD,53,53,0,316,316,0,-83.22785
16/04/2021 17:24,2020,2019,B,Other Reporting Airports,MANCHESTER,LIVERPOOL (JOHN LENNON),0,0,0,1017,1017,0,-100
16/04/2021 17:24,2020,2019,B,Other Reporting Airports,MANCHESTER,LONDON CITY,675,675,0,3146,3146,0,-78.54418
16/04/2021 17:24,2020,2019,B,Other Reporting Airports,MANCHESTER,LUTON,0,0,0,766,151,615,-100
16/04/2021 17:24,2020,2019,B,Other Reporting Airports,MANCHESTER,NEWCASTLE,272,227,45,767,466,301,-64.53716
16/04/2021 17:24,2020,2019,B,Other Reporting Airports,MANCHESTER,NEWQUAY,6324,6324,0,81762,81762,0,-92.26536
16/04/2021 17:24,2020,2019,B,Other Reporting Airports,MANCHESTER,NORWICH,255,31,224,19165,18978,187,-98.66945
16/04/2021 17:24,2020,2019,B,Other Reporting Airports,MANCHESTER,SOUTHAMPTON,33055,32975,80,198050,198000,50,-83.30977
16/04/2021 17:24,2020,2019,B,Other Reporting Airports,MANCHESTER,SOUTHEND,0,0,0,811,563,248,-100
16/04/2021 17:24,2020,2019,B,Other Reporting Airports,MANCHESTER,STANSTED,651,170,481,816,471,345,-20.22059
16/04/2021 17:24,2020,2019,B,Other Reporting Airports,MANCHESTER,STORNOWAY,0,0,0,531,531,0,-100
16/04/2021 17:24,2020,2019,B,Other Reporting Airports,MANCHESTER,SUMBURGH,154,154,0,1697,1697,0,-90.92516
16/04/2021 17:24,2020,2019,B,Other Reporting Airports,NEWCASTLE,ABERDEEN,12616,12611,5,28272,28246,26,-55.37634
16/04/2021 17:24,2020,2019,B,Other Reporting Airports,NEWCASTLE,BELFAST INTERNATIONAL,96343,96281,62,267734,267734,0,-64.0154
16/04/2021 17:24,2020,2019,B,Other Reporting Airports,NEWCASTLE,BIRMINGHAM,278,0,278,154,0,154,80.51948
16/04/2021 17:24,2020,2019,B,Other Reporting Airports,NEWCASTLE,BOURNEMOUTH,0,0,0,105,0,105,-100
16/04/2021 17:24,2020,2019,B,Other Reporting Airports,NEWCASTLE,BRISTOL,52839,52663,176,190849,190849,0,-72.31371
16/04/2021 17:24,2020,2019,B,Other Reporting Airports,NEWCASTLE,CARDIFF WALES,703,613,90,5745,5665,80,-87.76327
16/04/2021 17:24,2020,2019,B,Other Reporting Airports,NEWCASTLE,EAST MIDLANDS INTERNATIONAL,38,0,38,241,0,241,-84.23237
16/04/2021 17:24,2020,2019,B,Other Reporting Airports,NEWCASTLE,EXETER,4703,4703,0,41534,41534,0,-88.67675
16/04/2021 17:24,2020,2019,B,Other Reporting Airports,NEWCASTLE,FARNBOROUGH,120,0,120,0,0,0,0
16/04/2021 17:24,2020,2019,B,Other Reporting Airports,NEWCASTLE,GATWICK,317,0,317,0,0,0,0
16/04/2021 17:24,2020,2019,B,Other Reporting Airports,NEWCASTLE,GLASGOW,9,0,9,0,0,0,0
16/04/2021 17:24,2020,2019,B,Other Reporting Airports,NEWCASTLE,HEATHROW,114455,114379,76,459602,459562,40,-75.09693
16/04/2021 17:24,2020,2019,B,Other Reporting Airports,NEWCASTLE,JERSEY,2935,2935,0,26344,26130,214,-88.85894
16/04/2021 17:24,2020,2019,B,Other Reporting Airports,NEWCASTLE,LIVERPOOL (JOHN LENNON),240,0,240,249,0,249,-3.61446
16/04/2021 17:24,2020,2019,B,Other Reporting Airports,NEWCASTLE,LONDON CITY,0,0,0,4195,4195,0,-100
16/04/2021 17:24,2020,2019,B,Other Reporting Airports,NEWCASTLE,LUTON,90,0,90,380,0,380,-76.31579
16/04/2021 17:24,2020,2019,B,Other Reporting Airports,NEWCASTLE,MANCHESTER,236,0,236,353,0,353,-33.14448
16/04/2021 17:24,2020,2019,B,Other Reporting Airports,NEWCASTLE,NEWQUAY,0,0,0,2000,1906,94,-100
16/04/2021 17:24,2020,2019,B,Other Reporting Airports,NEWCASTLE,NORWICH,44,0,44,0,0,0,0
16/04/2021 17:24,2020,2019,B,Other Reporting Airports,NEWCASTLE,OXFORD (KIDLINGTON),42,0,42,0,0,0,0
16/04/2021 17:24,2020,2019,B,Other Reporting Airports,NEWCASTLE,SOUTHAMPTON,20519,20441,78,112956,112866,90,-81.83452
16/04/2021 17:24,2020,2019,B,Other Reporting Airports,NEWCASTLE,SOUTHEND,0,0,0,11,0,11,-100
16/04/2021 17:24,2020,2019,B,Other Reporting Airports,NEWCASTLE,STANSTED,120,0,120,129,0,129,-6.97674
16/04/2021 17:24,2020,2019,B,Other Reporting Airports,NEWQUAY,ABERDEEN,0,0,0,631,631,0,-100
16/04/2021 17:24,2020,2019,B,Other Reporting Airports,NEWQUAY,BELFAST CITY (GEORGE BEST),0,0,0,3518,3518,0,-100
16/04/2021 17:24,2020,2019,B,Other Reporting Airports,NEWQUAY,BIRMINGHAM,48,48,0,20968,20968,0,-99.77108
16/04/2021 17:24,2020,2019,B,Other Reporting Airports,NEWQUAY,DONCASTER SHEFFIELD,0,0,0,6263,6263,0,-100
16/04/2021 17:24,2020,2019,B,Other Reporting Airports,NEWQUAY,EDINBURGH,52,52,0,3994,3994,0,-98.69805
16/04/2021 17:24,2020,2019,B,Other Reporting Airports,NEWQUAY,EXETER,11,11,0,105,105,0,-89.52381
16/04/2021 17:24,2020,2019,B,Other Reporting Airports,NEWQUAY,GATWICK,0,0,0,40376,40376,0,-100
16/04/2021 17:24,2020,2019,B,Other Reporting Airports,NEWQUAY,GLASGOW,0,0,0,3813,3813,0,-100
16/04/2021 17:24,2020,2019,B,Other Reporting Airports,NEWQUAY,GUERNSEY,0,0,0,222,222,0,-100
16/04/2021 17:24,2020,2019,B,Other Reporting Airports,NEWQUAY,HEATHROW,38751,38717,34,141188,141188,0,-72.55362
16/04/2021 17:24,2020,2019,B,Other Reporting Airports,NEWQUAY,ISLES OF SCILLY (ST.MARYS),1100,1100,0,17319,17319,0,-93.64859
16/04/2021 17:24,2020,2019,B,Other Reporting Airports,NEWQUAY,JERSEY,0,0,0,1306,1306,0,-100
16/04/2021 17:24,2020,2019,B,Other Reporting Airports,NEWQUAY,LANDS END (ST JUST),17,17,0,33,33,0,-48.48485
16/04/2021 17:24,2020,2019,B,Other Reporting Airports,NEWQUAY,LEEDS BRADFORD,3886,3886,0,18025,18025,0,-78.44105
16/04/2021 17:24,2020,2019,B,Other Reporting Airports,NEWQUAY,LIVERPOOL (JOHN LENNON),0,0,0,2945,2945,0,-100
16/04/2021 17:24,2020,2019,B,Other Reporting Airports,NEWQUAY,MANCHESTER,6192,6192,0,82826,82826,0,-92.52409
16/04/2021 17:24,2020,2019,B,Other Reporting Airports,NEWQUAY,NEWCASTLE,0,0,0,1936,1936,0,-100
16/04/2021 17:24,2020,2019,B,Other Reporting Airports,NEWQUAY,SOUTHEND,197,197,0,16014,16014,0,-98.76983
16/04/2021 17:24,2020,2019,B,Other Reporting Airports,NEWQUAY,TEESSIDE INTERNATIONAL AIRPORT,1372,1372,0,0,0,0,0
16/04/2021 17:24,2020,2019,B,Other Reporting Airports,NORWICH,ABERDEEN,18079,18079,0,45215,45215,0,-60.01548
16/04/2021 17:24,2020,2019,B,Other Reporting Airports,NORWICH,BIRMINGHAM,56,0,56,73,0,73,-23.28767
16/04/2021 17:24,2020,2019,B,Other Reporting Airports,NORWICH,BOURNEMOUTH,157,30,127,66,0,66,137.87879
16/04/2021 17:24,2020,2019,B,Other Reporting Airports,NORWICH,BRISTOL,66,0,66,45,0,45,46.66667
16/04/2021 17:24,2020,2019,B,Other Reporting Airports,NORWICH,CARDIFF WALES,121,29,92,40,0,40,202.5
16/04/2021 17:24,2020,2019,B,Other Reporting Airports,NORWICH,CITY OF DERRY (EGLINTON),0,0,0,41,41,0,-100
16/04/2021 17:24,2020,2019,B,Other Reporting Airports,NORWICH,CONINGSBY,0,0,0,4,4,0,-100
16/04/2021 17:24,2020,2019,B,Other Reporting Airports,NORWICH,DONCASTER SHEFFIELD,126,32,94,0,0,0,0
16/04/2021 17:24,2020,2019,B,Other Reporting Airports,NORWICH,EAST MIDLANDS INTERNATIONAL,68,0,68,149,0,149,-54.36242
16/04/2021 17:24,2020,2019,B,Other Reporting Airports,NORWICH,EDINBURGH,5468,5468,0,33486,33486,0,-83.67079
16/04/2021 17:24,2020,2019,B,Other Reporting Airports,NORWICH,EXETER,0,0,0,24155,24155,0,-100
16/04/2021 17:24,2020,2019,B,Other Reporting Airports,NORWICH,FARNBOROUGH,33,33,0,0,0,0,0
16/04/2021 17:24,2020,2019,B,Other Reporting Airports,NORWICH,GATWICK,0,0,0,65,0,65,-100
16/04/2021 17:24,2020,2019,B,Other Reporting Airports,NORWICH,GLASGOW,0,0,0,39,39,0,-100
16/04/2021 17:24,2020,2019,B,Other Reporting Airports,NORWICH,GUERNSEY,0,0,0,1300,1265,35,-100
16/04/2021 17:24,2020,2019,B,Other Reporting Airports,NORWICH,HUMBERSIDE,0,0,0,32,0,32,-100
16/04/2021 17:24,2020,2019,B,Other Reporting Airports,NORWICH,JERSEY,0,0,0,5504,5504,0,-100
16/04/2021 17:24,2020,2019,B,Other Reporting Airports,NORWICH,LEEDS BRADFORD,62,0,62,0,0,0,0
16/04/2021 17:24,2020,2019,B,Other Reporting Airports,NORWICH,LIVERPOOL (JOHN LENNON),134,32,102,129,0,129,3.87597
16/04/2021 17:24,2020,2019,B,Other Reporting Airports,NORWICH,MANCHESTER,278,205,73,19146,18997,149,-98.548
16/04/2021 17:24,2020,2019,B,Other Reporting Airports,NORWICH,NEWCASTLE,32,0,32,0,0,0,0
16/04/2021 17:24,2020,2019,B,Other Reporting Airports,NORWICH,SOUTHAMPTON,6,0,6,34,0,34,-82.35294
16/04/2021 17:24,2020,2019,B,Other Reporting Airports,NORWICH,SOUTHEND,15,15,0,82,82,0,-81.70732
16/04/2021 17:24,2020,2019,B,Other Reporting Airports,NORWICH,TEESSIDE INTERNATIONAL AIRPORT,70,0,70,0,0,0,0
16/04/2021 17:24,2020,2019,B,Other Reporting Airports,NORWICH,WARTON,0,0,0,15,15,0,-100
16/04/2021 17:24,2020,2019,B,Other Reporting Airports,PERTH (UK),ABERDEEN,0,0,0,44,0,44,-100
16/04/2021 17:24,2020,2019,B,Other Reporting Airports,PRESTWICK,BELFAST CITY (GEORGE BEST),0,0,0,52,0,52,-100
16/04/2021 17:24,2020,2019,B,Other Reporting Airports,PRESTWICK,BIRMINGHAM,0,0,0,352,0,352,-100
16/04/2021 17:24,2020,2019,B,Other Reporting Airports,PRESTWICK,EAST MIDLANDS INTERNATIONAL,0,0,0,4,0,4,-100
16/04/2021 17:24,2020,2019,B,Other Reporting Airports,PRESTWICK,SOUTHAMPTON,0,0,0,53,0,53,-100
16/04/2021 17:24,2020,2019,B,Other Reporting Airports,PRESTWICK,SOUTHEND,0,0,0,15,0,15,-100
16/04/2021 17:24,2020,2019,B,Other Reporting Airports,PRESTWICK,STANSTED,0,0,0,3,0,3,-100
16/04/2021 17:24,2020,2019,B,Other Reporting Airports,PRESTWICK,STORNOWAY,0,0,0,45,0,45,-100
16/04/2021 17:24,2020,2019,B,Other Reporting Airports,SCATSTA,ABERDEEN,19094,0,19094,59026,0,59026,-67.65154
16/04/2021 17:24,2020,2019,B,Other Reporting Airports,SOUTHAMPTON,ABERDEEN,2044,2044,0,1263,1263,0,61.8369
16/04/2021 17:24,2020,2019,B,Other Reporting Airports,SOUTHAMPTON,ALDERNEY,3050,3050,0,24053,24053,0,-87.31967
16/04/2021 17:24,2020,2019,B,Other Reporting Airports,SOUTHAMPTON,BELFAST CITY (GEORGE BEST),19957,19957,0,118516,118516,0,-83.16092
16/04/2021 17:24,2020,2019,B,Other Reporting Airports,SOUTHAMPTON,BIRMINGHAM,209,0,209,163,126,37,28.22086
16/04/2021 17:24,2020,2019,B,Other Reporting Airports,SOUTHAMPTON,BLACKPOOL,0,0,0,87,0,87,-100
16/04/2021 17:24,2020,2019,B,Other Reporting Airports,SOUTHAMPTON,BRISTOL,0,0,0,39,39,0,-100
16/04/2021 17:24,2020,2019,B,Other Reporting Airports,SOUTHAMPTON,CARDIFF WALES,0,0,0,50,50,0,-100
16/04/2021 17:24,2020,2019,B,Other Reporting Airports,SOUTHAMPTON,DONCASTER SHEFFIELD,85,0,85,0,0,0,0
16/04/2021 17:24,2020,2019,B,Other Reporting Airports,SOUTHAMPTON,EAST MIDLANDS INTERNATIONAL,41,0,41,281,72,209,-85.40925
16/04/2021 17:24,2020,2019,B,Other Reporting Airports,SOUTHAMPTON,EDINBURGH,27939,27939,0,182672,182514,158,-84.70537
16/04/2021 17:24,2020,2019,B,Other Reporting Airports,SOUTHAMPTON,EXETER,88,88,0,68,68,0,29.41176
16/04/2021 17:24,2020,2019,B,Other Reporting Airports,SOUTHAMPTON,GATWICK,2,2,0,0,0,0,0
16/04/2021 17:24,2020,2019,B,Other Reporting Airports,SOUTHAMPTON,GLASGOW,29149,29149,0,170397,170397,0,-82.89348
16/04/2021 17:24,2020,2019,B,Other Reporting Airports,SOUTHAMPTON,GUERNSEY,45035,45035,0,145715,145715,0,-69.09378
16/04/2021 17:24,2020,2019,B,Other Reporting Airports,SOUTHAMPTON,JERSEY,39494,39494,0,163452,163452,0,-75.83755
16/04/2021 17:24,2020,2019,B,Other Reporting Airports,SOUTHAMPTON,LEEDS BRADFORD,5145,5070,75,27135,27051,84,-81.03925
16/04/2021 17:24,2020,2019,B,Other Reporting Airports,SOUTHAMPTON,LIVERPOOL (JOHN LENNON),166,0,166,260,99,161,-36.15385
16/04/2021 17:24,2020,2019,B,Other Reporting Airports,SOUTHAMPTON,LONDON CITY,0,0,0,44,44,0,-100
16/04/2021 17:24,2020,2019,B,Other Reporting Airports,SOUTHAMPTON,MANCHESTER,33434,33162,272,199338,198953,385,-83.22748
16/04/2021 17:24,2020,2019,B,Other Reporting Airports,SOUTHAMPTON,NEWCASTLE,18985,18860,125,113618,113395,223,-83.2905
16/04/2021 17:24,2020,2019,B,Other Reporting Airports,SOUTHAMPTON,NORWICH,37,0,37,31,0,31,19.35484
16/04/2021 17:24,2020,2019,B,Other Reporting Airports,SOUTHAMPTON,PRESTWICK,0,0,0,121,121,0,-100
16/04/2021 17:24,2020,2019,B,Other Reporting Airports,SOUTHAMPTON,SOUTHEND,12,12,0,67,0,67,-82.08955
16/04/2021 17:24,2020,2019,B,Other Reporting Airports,SOUTHAMPTON,TEESSIDE INTERNATIONAL AIRPORT,853,853,0,0,0,0,0
16/04/2021 17:24,2020,2019,B,Other Reporting Airports,STORNOWAY,BENBECULA,4244,4244,0,6825,6825,0,-37.81685
16/04/2021 17:24,2020,2019,B,Other Reporting Airports,STORNOWAY,CARDIFF WALES,0,0,0,110,0,110,-100
16/04/2021 17:24,2020,2019,B,Other Reporting Airports,STORNOWAY,EDINBURGH,4164,4164,0,18256,18256,0,-77.19106
16/04/2021 17:24,2020,2019,B,Other Reporting Airports,STORNOWAY,GLASGOW,25332,25309,23,75645,75645,0,-66.512
16/04/2021 17:24,2020,2019,B,Other Reporting Airports,STORNOWAY,INVERNESS,9329,9329,0,27954,27954,0,-66.62732
16/04/2021 17:24,2020,2019,B,Other Reporting Airports,STORNOWAY,MANCHESTER,0,0,0,536,536,0,-100
16/04/2021 17:24,2020,2019,B,Other Reporting Airports,STORNOWAY,PRESTWICK,0,0,0,49,49,0,-100
16/04/2021 17:24,2020,2019,B,Other Reporting Airports,STORNOWAY,SOUTHEND,0,0,0,80,0,80,-100
16/04/2021 17:24,2020,2019,B,Other Reporting Airports,SUMBURGH,ABERDEEN,50303,25156,25147,113682,71684,41998,-55.75113
16/04/2021 17:24,2020,2019,B,Other Reporting Airports,SUMBURGH,DUNDEE,0,0,0,25,25,0,-100
16/04/2021 17:24,2020,2019,B,Other Reporting Airports,SUMBURGH,EDINBURGH,10793,10793,0,44020,44020,0,-75.4816
16/04/2021 17:24,2020,2019,B,Other Reporting Airports,SUMBURGH,FAIR ISLE,0,0,0,22,22,0,-100
16/04/2021 17:24,2020,2019,B,Other Reporting Airports,SUMBURGH,GLASGOW,5412,5412,0,23127,23127,0,-76.59878
16/04/2021 17:24,2020,2019,B,Other Reporting Airports,SUMBURGH,INVERNESS,15,15,0,182,182,0,-91.75824
16/04/2021 17:24,2020,2019,B,Other Reporting Airports,SUMBURGH,KIRKWALL,9299,9299,0,20522,20522,0,-54.68765
16/04/2021 17:24,2020,2019,B,Other Reporting Airports,SUMBURGH,MANCHESTER,0,0,0,1643,1643,0,-100
16/04/2021 17:24,2020,2019,B,Other Reporting Airports,TEESSIDE INTERNATIONAL AIRPORT,ABERDEEN,6874,6874,0,18036,18036,0,-61.88734
16/04/2021 17:24,2020,2019,B,Other Reporting Airports,TEESSIDE INTERNATIONAL AIRPORT,BELFAST CITY (GEORGE BEST),2023,2023,0,35,35,0,5680
16/04/2021 17:24,2020,2019,B,Other Reporting Airports,TEESSIDE INTERNATIONAL AIRPORT,BIRMINGHAM,0,0,0,104,0,104,-100
16/04/2021 17:24,2020,2019,B,Other Reporting Airports,TEESSIDE INTERNATIONAL AIRPORT,BOURNEMOUTH,90,0,90,0,0,0,0
16/04/2021 17:24,2020,2019,B,Other Reporting Airports,TEESSIDE INTERNATIONAL AIRPORT,BRISTOL,62,0,62,84,0,84,-26.19048
16/04/2021 17:24,2020,2019,B,Other Reporting Airports,TEESSIDE INTERNATIONAL AIRPORT,CARDIFF WALES,465,204,261,185,0,185,151.35135
16/04/2021 17:24,2020,2019,B,Other Reporting Airports,TEESSIDE INTERNATIONAL AIRPORT,DONCASTER SHEFFIELD,0,0,0,35,0,35,-100
16/04/2021 17:24,2020,2019,B,Other Reporting Airports,TEESSIDE INTERNATIONAL AIRPORT,FARNBOROUGH,65,0,65,57,0,57,14.03509
16/04/2021 17:24,2020,2019,B,Other Reporting Airports,TEESSIDE INTERNATIONAL AIRPORT,GATWICK,0,0,0,33,0,33,-100
16/04/2021 17:24,2020,2019,B,Other Reporting Airports,TEESSIDE INTERNATIONAL AIRPORT,HEATHROW,778,778,0,0,0,0,0
16/04/2021 17:24,2020,2019,B,Other Reporting Airports,TEESSIDE INTERNATIONAL AIRPORT,HUMBERSIDE,35,35,0,50,50,0,-30
16/04/2021 17:24,2020,2019,B,Other Reporting Airports,TEESSIDE INTERNATIONAL AIRPORT,JERSEY,174,0,174,2692,2692,0,-93.5364
16/04/2021 17:24,2020,2019,B,Other Reporting Airports,TEESSIDE INTERNATIONAL AIRPORT,LONDON CITY,329,329,0,0,0,0,0
16/04/2021 17:24,2020,2019,B,Other Reporting Airports,TEESSIDE INTERNATIONAL AIRPORT,LOSSIEMOUTH,0,0,0,21,0,21,-100
16/04/2021 17:24,2020,2019,B,Other Reporting Airports,TEESSIDE INTERNATIONAL AIRPORT,LUTON,27,0,27,0,0,0,0
16/04/2021 17:24,2020,2019,B,Other Reporting Airports,TEESSIDE INTERNATIONAL AIRPORT,NEWCASTLE,15,15,0,0,0,0,0
16/04/2021 17:24,2020,2019,B,Other Reporting Airports,TEESSIDE INTERNATIONAL AIRPORT,NEWQUAY,1444,1444,0,0,0,0,0
16/04/2021 17:24,2020,2019,B,Other Reporting Airports,TEESSIDE INTERNATIONAL AIRPORT,NORWICH,70,0,70,0,0,0,0
16/04/2021 17:24,2020,2019,B,Other Reporting Airports,TEESSIDE INTERNATIONAL AIRPORT,SOUTHAMPTON,587,587,0,0,0,0,0
16/04/2021 17:24,2020,2019,B,Other Reporting Airports,TEESSIDE INTERNATIONAL AIRPORT,STANSTED,100,0,100,0,0,0,0
16/04/2021 17:24,2020,2019,B,Other Reporting Airports,TIREE,BARRA,17,17,0,0,0,0,0
16/04/2021 17:24,2020,2019,B,Other Reporting Airports,TIREE,BENBECULA,0,0,0,5,5,0,-100
16/04/2021 17:24,2020,2019,B,Other Reporting Airports,TIREE,CAMPBELTOWN,143,143,0,26,26,0,450
16/04/2021 17:24,2020,2019,B,Other Reporting Airports,TIREE,COLL,167,167,0,369,369,0,-54.74255
16/04/2021 17:24,2020,2019,B,Other Reporting Airports,TIREE,GLASGOW,4712,4712,0,11278,11278,0,-58.21954
16/04/2021 17:24,2020,2019,B,Other Reporting Airports,TIREE,ISLAY,17,17,0,9,9,0,88.88889
16/04/2021 17:24,2020,2019,B,Other Reporting Airports,TIREE,OBAN (NORTH CONNEL),165,165,0,257,257,0,-35.79767
16/04/2021 17:24,2020,2019,B,Other Reporting Airports,WICK JOHN O GROATS,ABERDEEN,530,530,0,5238,5238,0,-89.88163
16/04/2021 17:24,2020,2019,B,Other Reporting Airports,WICK JOHN O GROATS,BELFAST CITY (GEORGE BEST),0,0,0,30,30,0,-100
16/04/2021 17:24,2020,2019,B,Other Reporting Airports,WICK JOHN O GROATS,EDINBURGH,1375,1375,0,7588,7588,0,-81.87928
16/04/2021 17:24,2020,2019,B,Other Reporting Airports,WICK JOHN O GROATS,KIRKWALL,0,0,0,25,25,0,-100
16/04/2021 17:24,2020,2019,B,Other Reporting Airports,WICK JOHN O GROATS,WHALSAY,0,0,0,9,9,0,-100

