rundate,report_period,region_num,foreign_region,foreign_country,uk_group,uk_apt,foreign_apt,ty_t_pax,ty_s_pax,ty_c_pax,ly_t_pax,ly_s_pax,ly_c_pax,pc_change
16/04/2021 17:17,2020,,Unknown,Unknown,2,BELFAST CITY (GEORGE BEST),Unknown,30,30,0,0,0,0,0
16/04/2021 17:17,2020,,Unknown,Unknown,2,MANCHESTER,Unknown,0,0,0,116,116,0,-100
16/04/2021 17:17,2020,1,WESTERN EUROPE-EU,AUSTRIA,1,GATWICK,INNSBRUCK,89209,73499,15710,189034,161407,27627,-52.80796
16/04/2021 17:17,2020,1,WESTERN EUROPE-EU,AUSTRIA,1,GATWICK,KLAGENFURT,5021,5021,0,8938,8938,0,-43.82412
16/04/2021 17:17,2020,1,WESTERN EUROPE-EU,AUSTRIA,1,GATWICK,LINZ,180,180,0,698,0,698,-74.21203
16/04/2021 17:17,2020,1,WESTERN EUROPE-EU,AUSTRIA,1,GATWICK,SALZBURG,55958,48726,7232,130724,113882,16842,-57.19378
16/04/2021 17:17,2020,1,WESTERN EUROPE-EU,AUSTRIA,1,GATWICK,VIENNA,30551,30551,0,286944,286944,0,-89.35297
16/04/2021 17:17,2020,1,WESTERN EUROPE-EU,AUSTRIA,1,HEATHROW,INNSBRUCK,15301,15301,0,47564,47564,0,-67.83071
16/04/2021 17:17,2020,1,WESTERN EUROPE-EU,AUSTRIA,1,HEATHROW,SALZBURG,11333,11333,0,15474,15474,0,-26.76102
16/04/2021 17:17,2020,1,WESTERN EUROPE-EU,AUSTRIA,1,HEATHROW,VIENNA,159500,159500,0,835503,835503,0,-80.9097
16/04/2021 17:17,2020,1,WESTERN EUROPE-EU,AUSTRIA,1,LUTON,GRAZ,129,0,129,655,0,655,-80.30534
16/04/2021 17:17,2020,1,WESTERN EUROPE-EU,AUSTRIA,1,LUTON,INNSBRUCK,8771,8771,0,11716,11716,0,-25.13657
16/04/2021 17:17,2020,1,WESTERN EUROPE-EU,AUSTRIA,1,LUTON,LINZ,0,0,0,810,0,810,-100
16/04/2021 17:17,2020,1,WESTERN EUROPE-EU,AUSTRIA,1,LUTON,SALZBURG,6809,5104,1705,11769,8741,3028,-42.14462
16/04/2021 17:17,2020,1,WESTERN EUROPE-EU,AUSTRIA,1,LUTON,VIENNA,19852,19852,0,60324,60324,0,-67.09104
16/04/2021 17:17,2020,1,WESTERN EUROPE-EU,AUSTRIA,1,STANSTED,GRAZ,0,0,0,167,167,0,-100
16/04/2021 17:17,2020,1,WESTERN EUROPE-EU,AUSTRIA,1,STANSTED,INNSBRUCK,7031,987,6044,9879,3375,6504,-28.82883
16/04/2021 17:17,2020,1,WESTERN EUROPE-EU,AUSTRIA,1,STANSTED,LINZ,0,0,0,238,0,238,-100
16/04/2021 17:17,2020,1,WESTERN EUROPE-EU,AUSTRIA,1,STANSTED,SALZBURG,30345,27669,2676,91881,87923,3958,-66.97359
16/04/2021 17:17,2020,1,WESTERN EUROPE-EU,AUSTRIA,1,STANSTED,VIENNA,59919,59834,85,231848,231744,104,-74.15591
16/04/2021 17:17,2020,1,WESTERN EUROPE-EU,AUSTRIA,2,BELFAST CITY (GEORGE BEST),SALZBURG,0,0,0,1529,0,1529,-100
16/04/2021 17:17,2020,1,WESTERN EUROPE-EU,AUSTRIA,2,BELFAST INTERNATIONAL,KLAGENFURT,48,0,48,0,0,0,0
16/04/2021 17:17,2020,1,WESTERN EUROPE-EU,AUSTRIA,2,BELFAST INTERNATIONAL,SALZBURG,6944,4008,2936,10938,8091,2847,-36.5149
16/04/2021 17:17,2020,1,WESTERN EUROPE-EU,AUSTRIA,2,BELFAST INTERNATIONAL,VIENNA,98,0,98,279,279,0,-64.87455
16/04/2021 17:17,2020,1,WESTERN EUROPE-EU,AUSTRIA,2,BIGGIN HILL,VIENNA,0,0,0,12,0,12,-100
16/04/2021 17:17,2020,1,WESTERN EUROPE-EU,AUSTRIA,2,BIRMINGHAM,INNSBRUCK,11018,3133,7885,14779,538,14241,-25.44827
16/04/2021 17:17,2020,1,WESTERN EUROPE-EU,AUSTRIA,2,BIRMINGHAM,LINZ,0,0,0,468,0,468,-100
16/04/2021 17:17,2020,1,WESTERN EUROPE-EU,AUSTRIA,2,BIRMINGHAM,SALZBURG,7420,3844,3576,14741,5331,9410,-49.6642
16/04/2021 17:17,2020,1,WESTERN EUROPE-EU,AUSTRIA,2,BIRMINGHAM,VIENNA,15574,15574,0,43584,43584,0,-64.2667
16/04/2021 17:17,2020,1,WESTERN EUROPE-EU,AUSTRIA,2,BRISTOL,INNSBRUCK,14440,8538,5902,22017,10805,11212,-34.41432
16/04/2021 17:17,2020,1,WESTERN EUROPE-EU,AUSTRIA,2,BRISTOL,LINZ,148,0,148,0,0,0,0
16/04/2021 17:17,2020,1,WESTERN EUROPE-EU,AUSTRIA,2,BRISTOL,SALZBURG,8798,5639,3159,14521,10373,4148,-39.41189
16/04/2021 17:17,2020,1,WESTERN EUROPE-EU,AUSTRIA,2,BRISTOL,VIENNA,9004,9004,0,33715,33715,0,-73.29379
16/04/2021 17:17,2020,1,WESTERN EUROPE-EU,AUSTRIA,2,CARDIFF WALES,VIENNA,50,0,50,0,0,0,0
16/04/2021 17:17,2020,1,WESTERN EUROPE-EU,AUSTRIA,2,DONCASTER SHEFFIELD,SALZBURG,163,163,0,0,0,0,0
16/04/2021 17:17,2020,1,WESTERN EUROPE-EU,AUSTRIA,2,EAST MIDLANDS INTERNATIONAL,LINZ,0,0,0,78,0,78,-100
16/04/2021 17:17,2020,1,WESTERN EUROPE-EU,AUSTRIA,2,EAST MIDLANDS INTERNATIONAL,SALZBURG,5286,3095,2191,6322,3303,3019,-16.38722
16/04/2021 17:17,2020,1,WESTERN EUROPE-EU,AUSTRIA,2,EDINBURGH,INNSBRUCK,7013,0,7013,10406,0,10406,-32.60619
16/04/2021 17:17,2020,1,WESTERN EUROPE-EU,AUSTRIA,2,EDINBURGH,SALZBURG,5690,3707,1983,7447,5135,2312,-23.59339
16/04/2021 17:17,2020,1,WESTERN EUROPE-EU,AUSTRIA,2,EDINBURGH,VIENNA,17072,17072,0,56760,56760,0,-69.92248
16/04/2021 17:17,2020,1,WESTERN EUROPE-EU,AUSTRIA,2,GLASGOW,GRAZ,0,0,0,56,0,56,-100
16/04/2021 17:17,2020,1,WESTERN EUROPE-EU,AUSTRIA,2,GLASGOW,INNSBRUCK,286,0,286,284,0,284,0.70423
16/04/2021 17:17,2020,1,WESTERN EUROPE-EU,AUSTRIA,2,GLASGOW,LINZ,0,0,0,706,0,706,-100
16/04/2021 17:17,2020,1,WESTERN EUROPE-EU,AUSTRIA,2,GLASGOW,SALZBURG,0,0,0,5477,0,5477,-100
16/04/2021 17:17,2020,1,WESTERN EUROPE-EU,AUSTRIA,2,GLASGOW,VIENNA,0,0,0,317,0,317,-100
16/04/2021 17:17,2020,1,WESTERN EUROPE-EU,AUSTRIA,2,ISLE OF MAN,SALZBURG,0,0,0,140,0,140,-100
16/04/2021 17:17,2020,1,WESTERN EUROPE-EU,AUSTRIA,2,JERSEY,VIENNA,0,0,0,742,0,742,-100
16/04/2021 17:17,2020,1,WESTERN EUROPE-EU,AUSTRIA,2,LEEDS BRADFORD,INNSBRUCK,0,0,0,2329,0,2329,-100
16/04/2021 17:17,2020,1,WESTERN EUROPE-EU,AUSTRIA,2,LEEDS BRADFORD,SALZBURG,3187,3187,0,4764,4687,77,-33.10243
16/04/2021 17:17,2020,1,WESTERN EUROPE-EU,AUSTRIA,2,LEEDS BRADFORD,VIENNA,157,157,0,3030,3030,0,-94.81848
16/04/2021 17:17,2020,1,WESTERN EUROPE-EU,AUSTRIA,2,LIVERPOOL (JOHN LENNON),LINZ,0,0,0,1491,0,1491,-100
16/04/2021 17:17,2020,1,WESTERN EUROPE-EU,AUSTRIA,2,LIVERPOOL (JOHN LENNON),SALZBURG,3039,2926,113,6773,5165,1608,-55.13067
16/04/2021 17:17,2020,1,WESTERN EUROPE-EU,AUSTRIA,2,LIVERPOOL (JOHN LENNON),VIENNA,6080,6080,0,5926,5926,0,2.59872
16/04/2021 17:17,2020,1,WESTERN EUROPE-EU,AUSTRIA,2,MANCHESTER,INNSBRUCK,22646,7810,14836,37569,16975,20594,-39.72158
16/04/2021 17:17,2020,1,WESTERN EUROPE-EU,AUSTRIA,2,MANCHESTER,LINZ,796,0,796,225,0,225,253.77778
16/04/2021 17:17,2020,1,WESTERN EUROPE-EU,AUSTRIA,2,MANCHESTER,SALZBURG,15796,9247,6549,35326,11772,23554,-55.28506
16/04/2021 17:17,2020,1,WESTERN EUROPE-EU,AUSTRIA,2,MANCHESTER,VIENNA,15074,15074,0,116477,116477,0,-87.05839
16/04/2021 17:17,2020,1,WESTERN EUROPE-EU,AUSTRIA,2,NEWCASTLE,INNSBRUCK,3757,3757,0,4547,4547,0,-17.37409
16/04/2021 17:17,2020,1,WESTERN EUROPE-EU,AUSTRIA,2,NEWCASTLE,LINZ,0,0,0,134,134,0,-100
16/04/2021 17:17,2020,1,WESTERN EUROPE-EU,AUSTRIA,2,NEWCASTLE,SALZBURG,3091,3091,0,7322,7322,0,-57.78476
16/04/2021 17:17,2020,1,WESTERN EUROPE-EU,AUSTRIA,2,NEWCASTLE,VIENNA,0,0,0,1931,1931,0,-100
16/04/2021 17:17,2020,1,WESTERN EUROPE-EU,AUSTRIA,2,OXFORD (KIDLINGTON),GRAZ,58,58,0,0,0,0,0
16/04/2021 17:17,2020,1,WESTERN EUROPE-EU,BELGIUM,1,GATWICK,BRUSSELS,251,251,0,4111,4111,0,-93.89443
16/04/2021 17:17,2020,1,WESTERN EUROPE-EU,BELGIUM,1,HEATHROW,BRUSSELS,153830,153830,0,675645,675645,0,-77.23213
16/04/2021 17:17,2020,1,WESTERN EUROPE-EU,BELGIUM,1,LONDON CITY,ANTWERP,9163,9163,0,14995,14995,0,-38.89296
16/04/2021 17:17,2020,1,WESTERN EUROPE-EU,BELGIUM,1,LONDON CITY,BRUSSELS,26,26,0,0,0,0,0
16/04/2021 17:17,2020,1,WESTERN EUROPE-EU,BELGIUM,1,LUTON,LIEGE,0,0,0,245,0,245,-100
16/04/2021 17:17,2020,1,WESTERN EUROPE-EU,BELGIUM,1,SOUTHEND,ANTWERP,0,0,0,8121,8121,0,-100
16/04/2021 17:17,2020,1,WESTERN EUROPE-EU,BELGIUM,1,STANSTED,BRUSSELS,0,0,0,291,181,110,-100
16/04/2021 17:17,2020,1,WESTERN EUROPE-EU,BELGIUM,1,STANSTED,CHARLEROI,128,128,0,178,178,0,-28.08989
16/04/2021 17:17,2020,1,WESTERN EUROPE-EU,BELGIUM,2,ABERDEEN,BRUSSELS,1379,1379,0,437,437,0,215.56064
16/04/2021 17:17,2020,1,WESTERN EUROPE-EU,BELGIUM,2,BELFAST CITY (GEORGE BEST),BRUSSELS,0,0,0,39,0,39,-100
16/04/2021 17:17,2020,1,WESTERN EUROPE-EU,BELGIUM,2,BELFAST INTERNATIONAL,BRUSSELS,52,0,52,0,0,0,0
16/04/2021 17:17,2020,1,WESTERN EUROPE-EU,BELGIUM,2,BIRMINGHAM,BRUSSELS,27346,27230,116,133254,133254,0,-79.47829
16/04/2021 17:17,2020,1,WESTERN EUROPE-EU,BELGIUM,2,BIRMINGHAM,LIEGE,47,0,47,0,0,0,0
16/04/2021 17:17,2020,1,WESTERN EUROPE-EU,BELGIUM,2,BRISTOL,BRUSSELS,11649,11649,0,21424,21424,0,-45.6264
16/04/2021 17:17,2020,1,WESTERN EUROPE-EU,BELGIUM,2,EAST MIDLANDS INTERNATIONAL,BRUSSELS,23,23,0,9345,9293,52,-99.75388
16/04/2021 17:17,2020,1,WESTERN EUROPE-EU,BELGIUM,2,EDINBURGH,BRUSSELS,22642,22607,35,146293,145634,659,-84.52284
16/04/2021 17:17,2020,1,WESTERN EUROPE-EU,BELGIUM,2,EDINBURGH,CHARLEROI,21941,21941,0,83586,83586,0,-73.75039
16/04/2021 17:17,2020,1,WESTERN EUROPE-EU,BELGIUM,2,EDINBURGH,OSTEND,0,0,0,84,0,84,-100
16/04/2021 17:17,2020,1,WESTERN EUROPE-EU,BELGIUM,2,GLASGOW,BRUSSELS,0,0,0,362,0,362,-100
16/04/2021 17:17,2020,1,WESTERN EUROPE-EU,BELGIUM,2,GLASGOW,CHARLEROI,1384,1384,0,19347,19347,0,-92.84644
16/04/2021 17:17,2020,1,WESTERN EUROPE-EU,BELGIUM,2,GLASGOW,LIEGE,212,0,212,0,0,0,0
16/04/2021 17:17,2020,1,WESTERN EUROPE-EU,BELGIUM,2,LEEDS BRADFORD,ANTWERP,0,0,0,196,0,196,-100
16/04/2021 17:17,2020,1,WESTERN EUROPE-EU,BELGIUM,2,LEEDS BRADFORD,CHARLEROI,0,0,0,144,144,0,-100
16/04/2021 17:17,2020,1,WESTERN EUROPE-EU,BELGIUM,2,LIVERPOOL (JOHN LENNON),BRUSSELS,70,0,70,0,0,0,0
16/04/2021 17:17,2020,1,WESTERN EUROPE-EU,BELGIUM,2,LIVERPOOL (JOHN LENNON),LIEGE,104,0,104,0,0,0,0
16/04/2021 17:17,2020,1,WESTERN EUROPE-EU,BELGIUM,2,LIVERPOOL (JOHN LENNON),OSTEND,30,0,30,0,0,0,0
16/04/2021 17:17,2020,1,WESTERN EUROPE-EU,BELGIUM,2,MANCHESTER,BRUSSELS,49531,49118,413,241179,240949,230,-79.46297
16/04/2021 17:17,2020,1,WESTERN EUROPE-EU,BELGIUM,2,MANCHESTER,CHARLEROI,39186,39186,0,181171,180998,173,-78.37071
16/04/2021 17:17,2020,1,WESTERN EUROPE-EU,BELGIUM,2,MANCHESTER,LIEGE,0,0,0,252,0,252,-100
16/04/2021 17:17,2020,1,WESTERN EUROPE-EU,BELGIUM,2,MANCHESTER,OSTEND,922,0,922,122,0,122,655.7377
16/04/2021 17:17,2020,1,WESTERN EUROPE-EU,BELGIUM,2,NEWCASTLE,BRUSSELS,2921,2921,0,17900,17900,0,-83.68156
16/04/2021 17:17,2020,1,WESTERN EUROPE-EU,BELGIUM,2,OXFORD (KIDLINGTON),LIEGE,70,70,0,0,0,0,0
16/04/2021 17:17,2020,1,WESTERN EUROPE-EU,CROATIA,1,GATWICK,DUBROVNIK,17928,17292,636,237386,237386,0,-92.44774
16/04/2021 17:17,2020,1,WESTERN EUROPE-EU,CROATIA,1,GATWICK,PULA,5229,5229,0,51339,25906,25433,-89.81476
16/04/2021 17:17,2020,1,WESTERN EUROPE-EU,CROATIA,1,GATWICK,RIJEKA,0,0,0,6045,0,6045,-100
16/04/2021 17:17,2020,1,WESTERN EUROPE-EU,CROATIA,1,GATWICK,SPLIT,21608,21459,149,178494,162597,15897,-87.89427
16/04/2021 17:17,2020,1,WESTERN EUROPE-EU,CROATIA,1,GATWICK,ZADAR,2259,2259,0,13897,13897,0,-83.74469
16/04/2021 17:17,2020,1,WESTERN EUROPE-EU,CROATIA,1,GATWICK,ZAGREB,0,0,0,217,217,0,-100
16/04/2021 17:17,2020,1,WESTERN EUROPE-EU,CROATIA,1,HEATHROW,DUBROVNIK,12395,12395,0,0,0,0,0
16/04/2021 17:17,2020,1,WESTERN EUROPE-EU,CROATIA,1,HEATHROW,PULA,2023,2023,0,9114,9034,80,-77.80338
16/04/2021 17:17,2020,1,WESTERN EUROPE-EU,CROATIA,1,HEATHROW,SPLIT,17742,17742,0,49946,49946,0,-64.47764
16/04/2021 17:17,2020,1,WESTERN EUROPE-EU,CROATIA,1,HEATHROW,ZAGREB,43011,42916,95,141232,141232,0,-69.54585
16/04/2021 17:17,2020,1,WESTERN EUROPE-EU,CROATIA,1,LONDON CITY,SPLIT,0,0,0,5159,5159,0,-100
16/04/2021 17:17,2020,1,WESTERN EUROPE-EU,CROATIA,1,LUTON,DUBROVNIK,1804,1804,0,24244,24244,0,-92.55898
16/04/2021 17:17,2020,1,WESTERN EUROPE-EU,CROATIA,1,LUTON,PULA,2903,2903,0,175,0,175,1558.85714
16/04/2021 17:17,2020,1,WESTERN EUROPE-EU,CROATIA,1,LUTON,SPLIT,36711,36711,0,89263,89136,127,-58.87322
16/04/2021 17:17,2020,1,WESTERN EUROPE-EU,CROATIA,1,LUTON,ZADAR,3007,3007,0,14630,14630,0,-79.44634
16/04/2021 17:17,2020,1,WESTERN EUROPE-EU,CROATIA,1,SOUTHEND,DUBROVNIK,0,0,0,17251,17251,0,-100
16/04/2021 17:17,2020,1,WESTERN EUROPE-EU,CROATIA,1,SOUTHEND,PULA,1782,1782,0,15970,15970,0,-88.84158
16/04/2021 17:17,2020,1,WESTERN EUROPE-EU,CROATIA,1,STANSTED,DUBROVNIK,3599,3599,0,96119,96119,0,-96.25568
16/04/2021 17:17,2020,1,WESTERN EUROPE-EU,CROATIA,1,STANSTED,PULA,5550,5550,0,36735,36735,0,-84.89179
16/04/2021 17:17,2020,1,WESTERN EUROPE-EU,CROATIA,1,STANSTED,RIJEKA,3222,3222,0,11503,11503,0,-71.98992
16/04/2021 17:17,2020,1,WESTERN EUROPE-EU,CROATIA,1,STANSTED,SPLIT,6079,6079,0,50038,49666,372,-87.85123
16/04/2021 17:17,2020,1,WESTERN EUROPE-EU,CROATIA,1,STANSTED,ZADAR,0,0,0,42155,36170,5985,-100
16/04/2021 17:17,2020,1,WESTERN EUROPE-EU,CROATIA,2,ABERDEEN,RIJEKA,0,0,0,330,0,330,-100
16/04/2021 17:17,2020,1,WESTERN EUROPE-EU,CROATIA,2,ABERDEEN,ZAGREB,12,0,12,0,0,0,0
16/04/2021 17:17,2020,1,WESTERN EUROPE-EU,CROATIA,2,BELFAST INTERNATIONAL,DUBROVNIK,1925,1925,0,24219,23856,363,-92.05169
16/04/2021 17:17,2020,1,WESTERN EUROPE-EU,CROATIA,2,BELFAST INTERNATIONAL,SPLIT,2079,2079,0,13655,13655,0,-84.77481
16/04/2021 17:17,2020,1,WESTERN EUROPE-EU,CROATIA,2,BIGGIN HILL,SPLIT,5,0,5,7,0,7,-28.57143
16/04/2021 17:17,2020,1,WESTERN EUROPE-EU,CROATIA,2,BIGGIN HILL,ZADAR,10,0,10,0,0,0,0
16/04/2021 17:17,2020,1,WESTERN EUROPE-EU,CROATIA,2,BIRMINGHAM,DUBROVNIK,2438,2004,434,40108,40108,0,-93.92141
16/04/2021 17:17,2020,1,WESTERN EUROPE-EU,CROATIA,2,BIRMINGHAM,PULA,1032,1032,0,22041,7008,15033,-95.31782
16/04/2021 17:17,2020,1,WESTERN EUROPE-EU,CROATIA,2,BIRMINGHAM,SPLIT,3105,3105,0,11500,11328,172,-73
16/04/2021 17:17,2020,1,WESTERN EUROPE-EU,CROATIA,2,BRISTOL,DUBROVNIK,3544,3544,0,46657,43376,3281,-92.40414
16/04/2021 17:17,2020,1,WESTERN EUROPE-EU,CROATIA,2,BRISTOL,PULA,1858,1858,0,30462,14977,15485,-93.9006
16/04/2021 17:17,2020,1,WESTERN EUROPE-EU,CROATIA,2,BRISTOL,SPLIT,7278,7278,0,41021,41021,0,-82.25787
16/04/2021 17:17,2020,1,WESTERN EUROPE-EU,CROATIA,2,CARDIFF WALES,DUBROVNIK,0,0,0,8784,0,8784,-100
16/04/2021 17:17,2020,1,WESTERN EUROPE-EU,CROATIA,2,CARDIFF WALES,SPLIT,0,0,0,104,0,104,-100
16/04/2021 17:17,2020,1,WESTERN EUROPE-EU,CROATIA,2,CARDIFF WALES,ZAGREB,0,0,0,94,0,94,-100
16/04/2021 17:17,2020,1,WESTERN EUROPE-EU,CROATIA,2,DONCASTER SHEFFIELD,DUBROVNIK,0,0,0,9347,7856,1491,-100
16/04/2021 17:17,2020,1,WESTERN EUROPE-EU,CROATIA,2,DONCASTER SHEFFIELD,PULA,0,0,0,8277,0,8277,-100
16/04/2021 17:17,2020,1,WESTERN EUROPE-EU,CROATIA,2,EAST MIDLANDS INTERNATIONAL,DUBROVNIK,0,0,0,26127,26127,0,-100
16/04/2021 17:17,2020,1,WESTERN EUROPE-EU,CROATIA,2,EAST MIDLANDS INTERNATIONAL,PULA,0,0,0,7400,0,7400,-100
16/04/2021 17:17,2020,1,WESTERN EUROPE-EU,CROATIA,2,EAST MIDLANDS INTERNATIONAL,SPLIT,1289,1289,0,6521,6521,0,-80.23309
16/04/2021 17:17,2020,1,WESTERN EUROPE-EU,CROATIA,2,EDINBURGH,DUBROVNIK,2546,2546,0,39666,39666,0,-93.5814
16/04/2021 17:17,2020,1,WESTERN EUROPE-EU,CROATIA,2,EDINBURGH,PULA,39,0,39,6164,6164,0,-99.36729
16/04/2021 17:17,2020,1,WESTERN EUROPE-EU,CROATIA,2,EDINBURGH,SPLIT,0,0,0,7652,7652,0,-100
16/04/2021 17:17,2020,1,WESTERN EUROPE-EU,CROATIA,2,EDINBURGH,ZAGREB,39,0,39,0,0,0,0
16/04/2021 17:17,2020,1,WESTERN EUROPE-EU,CROATIA,2,GLASGOW,DUBROVNIK,0,0,0,17905,14810,3095,-100
16/04/2021 17:17,2020,1,WESTERN EUROPE-EU,CROATIA,2,GLASGOW,SPLIT,2155,2155,0,16386,16386,0,-86.84853
16/04/2021 17:17,2020,1,WESTERN EUROPE-EU,CROATIA,2,HUMBERSIDE,DUBROVNIK,0,0,0,78,0,78,-100
16/04/2021 17:17,2020,1,WESTERN EUROPE-EU,CROATIA,2,LEEDS BRADFORD,DUBROVNIK,0,0,0,19586,19586,0,-100
16/04/2021 17:17,2020,1,WESTERN EUROPE-EU,CROATIA,2,LEEDS BRADFORD,PULA,1023,1023,0,10427,10427,0,-90.18893
16/04/2021 17:17,2020,1,WESTERN EUROPE-EU,CROATIA,2,LEEDS BRADFORD,SPLIT,1274,1274,0,16496,16496,0,-92.27692
16/04/2021 17:17,2020,1,WESTERN EUROPE-EU,CROATIA,2,LIVERPOOL (JOHN LENNON),OSIJEK,0,0,0,59,0,59,-100
16/04/2021 17:17,2020,1,WESTERN EUROPE-EU,CROATIA,2,LIVERPOOL (JOHN LENNON),PULA,1688,1688,0,12701,12701,0,-86.70971
16/04/2021 17:17,2020,1,WESTERN EUROPE-EU,CROATIA,2,MANCHESTER,DUBROVNIK,10109,9188,921,111830,111830,0,-90.96039
16/04/2021 17:17,2020,1,WESTERN EUROPE-EU,CROATIA,2,MANCHESTER,PULA,2966,2966,0,34184,20178,14006,-91.32343
16/04/2021 17:17,2020,1,WESTERN EUROPE-EU,CROATIA,2,MANCHESTER,SPLIT,8125,8125,0,88828,76467,12361,-90.85311
16/04/2021 17:17,2020,1,WESTERN EUROPE-EU,CROATIA,2,MANCHESTER,ZADAR,0,0,0,25429,20085,5344,-100
16/04/2021 17:17,2020,1,WESTERN EUROPE-EU,CROATIA,2,MANCHESTER,ZAGREB,0,0,0,873,0,873,-100
16/04/2021 17:17,2020,1,WESTERN EUROPE-EU,CROATIA,2,NEWCASTLE,DUBROVNIK,1570,1570,0,17571,17571,0,-91.06482
16/04/2021 17:17,2020,1,WESTERN EUROPE-EU,CROATIA,2,NEWCASTLE,SPLIT,0,0,0,5168,5168,0,-100
16/04/2021 17:17,2020,1,WESTERN EUROPE-EU,CROATIA,2,SOUTHAMPTON,SPLIT,0,0,0,33,33,0,-100
16/04/2021 17:17,2020,1,WESTERN EUROPE-EU,CYPRUS,1,GATWICK,LARNACA,40921,37484,3437,242838,191167,51671,-83.14885
16/04/2021 17:17,2020,1,WESTERN EUROPE-EU,CYPRUS,1,GATWICK,PAPHOS,65254,51910,13344,372265,285582,86683,-82.47109
16/04/2021 17:17,2020,1,WESTERN EUROPE-EU,CYPRUS,1,HEATHROW,LARNACA,110679,110302,377,234665,234665,0,-52.83532
16/04/2021 17:17,2020,1,WESTERN EUROPE-EU,CYPRUS,1,HEATHROW,PAPHOS,19000,19000,0,0,0,0,0
16/04/2021 17:17,2020,1,WESTERN EUROPE-EU,CYPRUS,1,LUTON,LARNACA,49367,49367,0,255945,255945,0,-80.71187
16/04/2021 17:17,2020,1,WESTERN EUROPE-EU,CYPRUS,1,LUTON,PAPHOS,27776,27255,521,98097,81648,16449,-71.68517
16/04/2021 17:17,2020,1,WESTERN EUROPE-EU,CYPRUS,1,STANSTED,LARNACA,9484,9384,100,76769,67751,9018,-87.64606
16/04/2021 17:17,2020,1,WESTERN EUROPE-EU,CYPRUS,1,STANSTED,PAPHOS,64492,63976,516,238911,212272,26639,-73.00585
16/04/2021 17:17,2020,1,WESTERN EUROPE-EU,CYPRUS,2,ABERDEEN,LARNACA,120,0,120,0,0,0,0
16/04/2021 17:17,2020,1,WESTERN EUROPE-EU,CYPRUS,2,BELFAST INTERNATIONAL,LARNACA,0,0,0,9126,3465,5661,-100
16/04/2021 17:17,2020,1,WESTERN EUROPE-EU,CYPRUS,2,BELFAST INTERNATIONAL,PAPHOS,0,0,0,11215,11215,0,-100
16/04/2021 17:17,2020,1,WESTERN EUROPE-EU,CYPRUS,2,BIGGIN HILL,LARNACA,20,0,20,6,0,6,233.33333
16/04/2021 17:17,2020,1,WESTERN EUROPE-EU,CYPRUS,2,BIGGIN HILL,PAPHOS,4,0,4,7,0,7,-42.85714
16/04/2021 17:17,2020,1,WESTERN EUROPE-EU,CYPRUS,2,BIRMINGHAM,LARNACA,7663,4991,2672,129519,97811,31708,-94.08349
16/04/2021 17:17,2020,1,WESTERN EUROPE-EU,CYPRUS,2,BIRMINGHAM,PAPHOS,17001,14420,2581,106402,58864,47538,-84.02192
16/04/2021 17:17,2020,1,WESTERN EUROPE-EU,CYPRUS,2,BOURNEMOUTH,PAPHOS,3745,2747,998,42775,28556,14219,-91.24489
16/04/2021 17:17,2020,1,WESTERN EUROPE-EU,CYPRUS,2,BRISTOL,LARNACA,13217,12391,826,76840,50434,26406,-82.79932
16/04/2021 17:17,2020,1,WESTERN EUROPE-EU,CYPRUS,2,BRISTOL,PAPHOS,19090,16305,2785,89252,60549,28703,-78.61112
16/04/2021 17:17,2020,1,WESTERN EUROPE-EU,CYPRUS,2,CARDIFF WALES,LARNACA,60,0,60,18865,0,18865,-99.68195
16/04/2021 17:17,2020,1,WESTERN EUROPE-EU,CYPRUS,2,CARDIFF WALES,PAPHOS,1030,0,1030,24015,0,24015,-95.71101
16/04/2021 17:17,2020,1,WESTERN EUROPE-EU,CYPRUS,2,DONCASTER SHEFFIELD,LARNACA,908,908,0,9813,0,9813,-90.74697
16/04/2021 17:17,2020,1,WESTERN EUROPE-EU,CYPRUS,2,DONCASTER SHEFFIELD,PAPHOS,1155,0,1155,24528,0,24528,-95.2911
16/04/2021 17:17,2020,1,WESTERN EUROPE-EU,CYPRUS,2,EAST MIDLANDS INTERNATIONAL,LARNACA,3062,2715,347,38821,29609,9212,-92.11252
16/04/2021 17:17,2020,1,WESTERN EUROPE-EU,CYPRUS,2,EAST MIDLANDS INTERNATIONAL,PAPHOS,7758,5109,2649,65755,41568,24187,-88.20166
16/04/2021 17:17,2020,1,WESTERN EUROPE-EU,CYPRUS,2,EDINBURGH,LARNACA,2662,2662,0,20817,11662,9155,-87.21237
16/04/2021 17:17,2020,1,WESTERN EUROPE-EU,CYPRUS,2,EDINBURGH,PAPHOS,16932,16742,190,75816,60905,14911,-77.66698
16/04/2021 17:17,2020,1,WESTERN EUROPE-EU,CYPRUS,2,EXETER,LARNACA,0,0,0,10241,0,10241,-100
16/04/2021 17:17,2020,1,WESTERN EUROPE-EU,CYPRUS,2,EXETER,PAPHOS,0,0,0,12249,0,12249,-100
16/04/2021 17:17,2020,1,WESTERN EUROPE-EU,CYPRUS,2,GLASGOW,LARNACA,1222,1222,0,39722,28808,10914,-96.92362
16/04/2021 17:17,2020,1,WESTERN EUROPE-EU,CYPRUS,2,GLASGOW,PAPHOS,8805,7425,1380,40308,26713,13595,-78.1557
16/04/2021 17:17,2020,1,WESTERN EUROPE-EU,CYPRUS,2,LEEDS BRADFORD,LARNACA,4126,4126,0,42334,42334,0,-90.2537
16/04/2021 17:17,2020,1,WESTERN EUROPE-EU,CYPRUS,2,LEEDS BRADFORD,PAPHOS,7564,7564,0,47097,47097,0,-83.93953
16/04/2021 17:17,2020,1,WESTERN EUROPE-EU,CYPRUS,2,LIVERPOOL (JOHN LENNON),LARNACA,10431,10431,0,36760,36760,0,-71.62405
16/04/2021 17:17,2020,1,WESTERN EUROPE-EU,CYPRUS,2,LIVERPOOL (JOHN LENNON),PAPHOS,12273,12273,0,33776,33776,0,-63.66355
16/04/2021 17:17,2020,1,WESTERN EUROPE-EU,CYPRUS,2,MANCHESTER,LARNACA,15651,11417,4234,130174,83811,46363,-87.97686
16/04/2021 17:17,2020,1,WESTERN EUROPE-EU,CYPRUS,2,MANCHESTER,PAPHOS,69126,53597,15529,328428,234926,93502,-78.95246
16/04/2021 17:17,2020,1,WESTERN EUROPE-EU,CYPRUS,2,NEWCASTLE,LARNACA,4283,4283,0,54064,54064,0,-92.07791
16/04/2021 17:17,2020,1,WESTERN EUROPE-EU,CYPRUS,2,NEWCASTLE,PAPHOS,9522,9522,0,54300,54300,0,-82.46409
16/04/2021 17:17,2020,1,WESTERN EUROPE-EU,CYPRUS,2,NORWICH,PAPHOS,0,0,0,7265,0,7265,-100
16/04/2021 17:17,2020,1,WESTERN EUROPE-EU,DENMARK,1,GATWICK,AARHUS (TIRSTRUP),3913,3913,0,8753,8753,0,-55.29533
16/04/2021 17:17,2020,1,WESTERN EUROPE-EU,DENMARK,1,GATWICK,COPENHAGEN,150414,150414,0,770577,770527,50,-80.48034
16/04/2021 17:17,2020,1,WESTERN EUROPE-EU,DENMARK,1,HEATHROW,BILLUND,21729,21729,0,91019,91019,0,-76.12696
16/04/2021 17:17,2020,1,WESTERN EUROPE-EU,DENMARK,1,HEATHROW,COPENHAGEN,224022,224022,0,947501,947501,0,-76.35654
16/04/2021 17:17,2020,1,WESTERN EUROPE-EU,DENMARK,1,LONDON CITY,BILLUND,3758,3758,0,21087,21087,0,-82.17859
16/04/2021 17:17,2020,1,WESTERN EUROPE-EU,DENMARK,1,LUTON,COPENHAGEN,29315,29315,0,110981,110981,0,-73.58557
16/04/2021 17:17,2020,1,WESTERN EUROPE-EU,DENMARK,1,SOUTHEND,COPENHAGEN,0,0,0,25170,25170,0,-100
16/04/2021 17:17,2020,1,WESTERN EUROPE-EU,DENMARK,1,SOUTHEND,KARUP,0,0,0,125,0,125,-100
16/04/2021 17:17,2020,1,WESTERN EUROPE-EU,DENMARK,1,STANSTED,AALBORG,8866,8866,0,52411,52411,0,-83.0837
16/04/2021 17:17,2020,1,WESTERN EUROPE-EU,DENMARK,1,STANSTED,AARHUS (TIRSTRUP),23180,23180,0,102796,102796,0,-77.45048
16/04/2021 17:17,2020,1,WESTERN EUROPE-EU,DENMARK,1,STANSTED,BILLUND,45104,45104,0,208715,208715,0,-78.38967
16/04/2021 17:17,2020,1,WESTERN EUROPE-EU,DENMARK,1,STANSTED,COPENHAGEN,106755,106245,510,384873,384873,0,-72.26228
16/04/2021 17:17,2020,1,WESTERN EUROPE-EU,DENMARK,1,STANSTED,KARUP,0,0,0,277,0,277,-100
16/04/2021 17:17,2020,1,WESTERN EUROPE-EU,DENMARK,2,ABERDEEN,BILLUND,0,0,0,36,36,0,-100
16/04/2021 17:17,2020,1,WESTERN EUROPE-EU,DENMARK,2,ABERDEEN,COPENHAGEN,4073,4073,0,30317,30317,0,-86.56529
16/04/2021 17:17,2020,1,WESTERN EUROPE-EU,DENMARK,2,ABERDEEN,ESBJERG,4127,4127,0,18110,18110,0,-77.21149
16/04/2021 17:17,2020,1,WESTERN EUROPE-EU,DENMARK,2,BELFAST INTERNATIONAL,AALBORG,66,0,66,0,0,0,0
16/04/2021 17:17,2020,1,WESTERN EUROPE-EU,DENMARK,2,BELFAST INTERNATIONAL,COPENHAGEN,0,0,0,384,0,384,-100
16/04/2021 17:17,2020,1,WESTERN EUROPE-EU,DENMARK,2,BIRMINGHAM,COPENHAGEN,14287,14287,0,79600,79600,0,-82.05151
16/04/2021 17:17,2020,1,WESTERN EUROPE-EU,DENMARK,2,BRISTOL,COPENHAGEN,11517,11517,0,49083,49083,0,-76.53566
16/04/2021 17:17,2020,1,WESTERN EUROPE-EU,DENMARK,2,BRISTOL,ODENSE,0,0,0,28,0,28,-100
16/04/2021 17:17,2020,1,WESTERN EUROPE-EU,DENMARK,2,EAST MIDLANDS INTERNATIONAL,COPENHAGEN,0,0,0,370,370,0,-100
16/04/2021 17:17,2020,1,WESTERN EUROPE-EU,DENMARK,2,EDINBURGH,AALBORG,0,0,0,2157,2157,0,-100
16/04/2021 17:17,2020,1,WESTERN EUROPE-EU,DENMARK,2,EDINBURGH,BILLUND,1413,1413,0,19648,19648,0,-92.80843
16/04/2021 17:17,2020,1,WESTERN EUROPE-EU,DENMARK,2,EDINBURGH,COPENHAGEN,36098,36098,0,219462,219462,0,-83.55159
16/04/2021 17:17,2020,1,WESTERN EUROPE-EU,DENMARK,2,EDINBURGH,ODENSE,0,0,0,532,0,532,-100
16/04/2021 17:17,2020,1,WESTERN EUROPE-EU,DENMARK,2,GLASGOW,BILLUND,0,0,0,445,0,445,-100
16/04/2021 17:17,2020,1,WESTERN EUROPE-EU,DENMARK,2,GLASGOW,COPENHAGEN,2077,0,2077,3,3,0,69133.33333
16/04/2021 17:17,2020,1,WESTERN EUROPE-EU,DENMARK,2,GLASGOW,KARUP,0,0,0,172,0,172,-100
16/04/2021 17:17,2020,1,WESTERN EUROPE-EU,DENMARK,2,INVERNESS,COPENHAGEN,0,0,0,236,0,236,-100
16/04/2021 17:17,2020,1,WESTERN EUROPE-EU,DENMARK,2,LEEDS BRADFORD,BILLUND,0,0,0,26,26,0,-100
16/04/2021 17:17,2020,1,WESTERN EUROPE-EU,DENMARK,2,LEEDS BRADFORD,COPENHAGEN,0,0,0,372,372,0,-100
16/04/2021 17:17,2020,1,WESTERN EUROPE-EU,DENMARK,2,LIVERPOOL (JOHN LENNON),BILLUND,54,0,54,0,0,0,0
16/04/2021 17:17,2020,1,WESTERN EUROPE-EU,DENMARK,2,LIVERPOOL (JOHN LENNON),COPENHAGEN,5851,5851,0,24391,23668,723,-76.01164
16/04/2021 17:17,2020,1,WESTERN EUROPE-EU,DENMARK,2,LIVERPOOL (JOHN LENNON),KARUP,131,0,131,0,0,0,0
16/04/2021 17:17,2020,1,WESTERN EUROPE-EU,DENMARK,2,LIVERPOOL (JOHN LENNON),ROSKILDE,55,0,55,0,0,0,0
16/04/2021 17:17,2020,1,WESTERN EUROPE-EU,DENMARK,2,LIVERPOOL (JOHN LENNON),SONDERBORG,0,0,0,111,0,111,-100
16/04/2021 17:17,2020,1,WESTERN EUROPE-EU,DENMARK,2,MANCHESTER,AARHUS (TIRSTRUP),229,229,0,4663,4663,0,-95.089
16/04/2021 17:17,2020,1,WESTERN EUROPE-EU,DENMARK,2,MANCHESTER,BILLUND,13623,12997,626,60973,60882,91,-77.65732
16/04/2021 17:17,2020,1,WESTERN EUROPE-EU,DENMARK,2,MANCHESTER,COPENHAGEN,73544,73544,0,328023,327898,125,-77.57962
16/04/2021 17:17,2020,1,WESTERN EUROPE-EU,DENMARK,2,NEWCASTLE,COPENHAGEN,0,0,0,431,431,0,-100
16/04/2021 17:17,2020,1,WESTERN EUROPE-EU,DENMARK,2,NEWQUAY,COPENHAGEN,0,0,0,2521,2521,0,-100
16/04/2021 17:17,2020,1,WESTERN EUROPE-EU,DENMARK,2,NORWICH,BILLUND,13,0,13,0,0,0,0
16/04/2021 17:17,2020,1,WESTERN EUROPE-EU,DENMARK,2,TEESSIDE INTERNATIONAL AIRPORT,KARUP,0,0,0,84,0,84,-100
16/04/2021 17:17,2020,1,WESTERN EUROPE-EU,FINLAND,1,GATWICK,ENONTEKIO,656,394,262,2979,0,2979,-77.97919
16/04/2021 17:17,2020,1,WESTERN EUROPE-EU,FINLAND,1,GATWICK,HELSINKI,41358,41358,0,228891,228891,0,-81.93114
16/04/2021 17:17,2020,1,WESTERN EUROPE-EU,FINLAND,1,GATWICK,IVALO,4138,4138,0,13723,6608,7115,-69.84624
16/04/2021 17:17,2020,1,WESTERN EUROPE-EU,FINLAND,1,GATWICK,KITTILA,6778,1847,4931,22153,2657,19496,-69.40369
16/04/2021 17:17,2020,1,WESTERN EUROPE-EU,FINLAND,1,GATWICK,KUUSAMO,2269,0,2269,5861,0,5861,-61.28647
16/04/2021 17:17,2020,1,WESTERN EUROPE-EU,FINLAND,1,GATWICK,ROVANIEMI,15559,15404,155,41057,29891,11166,-62.1039
16/04/2021 17:17,2020,1,WESTERN EUROPE-EU,FINLAND,1,HEATHROW,HELSINKI,220640,220640,0,817869,817869,0,-73.02257
16/04/2021 17:17,2020,1,WESTERN EUROPE-EU,FINLAND,1,LUTON,IVALO,0,0,0,722,0,722,-100
16/04/2021 17:17,2020,1,WESTERN EUROPE-EU,FINLAND,1,LUTON,TURKU,0,0,0,11349,11349,0,-100
16/04/2021 17:17,2020,1,WESTERN EUROPE-EU,FINLAND,1,STANSTED,ENONTEKIO,0,0,0,3313,0,3313,-100
16/04/2021 17:17,2020,1,WESTERN EUROPE-EU,FINLAND,1,STANSTED,IVALO,0,0,0,2348,0,2348,-100
16/04/2021 17:17,2020,1,WESTERN EUROPE-EU,FINLAND,1,STANSTED,KITTILA,0,0,0,375,0,375,-100
16/04/2021 17:17,2020,1,WESTERN EUROPE-EU,FINLAND,1,STANSTED,ROVANIEMI,0,0,0,377,0,377,-100
16/04/2021 17:17,2020,1,WESTERN EUROPE-EU,FINLAND,2,ABERDEEN,ENONTEKIO,246,0,246,743,0,743,-66.89098
16/04/2021 17:17,2020,1,WESTERN EUROPE-EU,FINLAND,2,ABERDEEN,IVALO,0,0,0,252,0,252,-100
16/04/2021 17:17,2020,1,WESTERN EUROPE-EU,FINLAND,2,ABERDEEN,ROVANIEMI,0,0,0,156,0,156,-100
16/04/2021 17:17,2020,1,WESTERN EUROPE-EU,FINLAND,2,BELFAST INTERNATIONAL,ENONTEKIO,0,0,0,810,0,810,-100
16/04/2021 17:17,2020,1,WESTERN EUROPE-EU,FINLAND,2,BELFAST INTERNATIONAL,HELSINKI,30,0,30,0,0,0,0
16/04/2021 17:17,2020,1,WESTERN EUROPE-EU,FINLAND,2,BELFAST INTERNATIONAL,IVALO,0,0,0,402,0,402,-100
16/04/2021 17:17,2020,1,WESTERN EUROPE-EU,FINLAND,2,BIGGIN HILL,HELSINKI,0,0,0,12,0,12,-100
16/04/2021 17:17,2020,1,WESTERN EUROPE-EU,FINLAND,2,BIGGIN HILL,TURKU,0,0,0,7,0,7,-100
16/04/2021 17:17,2020,1,WESTERN EUROPE-EU,FINLAND,2,BIRMINGHAM,ENONTEKIO,448,0,448,2434,0,2434,-81.59408
16/04/2021 17:17,2020,1,WESTERN EUROPE-EU,FINLAND,2,BIRMINGHAM,IVALO,0,0,0,3711,0,3711,-100
16/04/2021 17:17,2020,1,WESTERN EUROPE-EU,FINLAND,2,BIRMINGHAM,KITTILA,0,0,0,626,0,626,-100
16/04/2021 17:17,2020,1,WESTERN EUROPE-EU,FINLAND,2,BIRMINGHAM,KUUSAMO,2365,0,2365,2348,0,2348,0.72402
16/04/2021 17:17,2020,1,WESTERN EUROPE-EU,FINLAND,2,BIRMINGHAM,ROVANIEMI,0,0,0,4073,0,4073,-100
16/04/2021 17:17,2020,1,WESTERN EUROPE-EU,FINLAND,2,BOURNEMOUTH,ENONTEKIO,182,0,182,726,0,726,-74.93113
16/04/2021 17:17,2020,1,WESTERN EUROPE-EU,FINLAND,2,BOURNEMOUTH,IVALO,0,0,0,820,0,820,-100
16/04/2021 17:17,2020,1,WESTERN EUROPE-EU,FINLAND,2,BOURNEMOUTH,KITTILA,0,0,0,378,0,378,-100
16/04/2021 17:17,2020,1,WESTERN EUROPE-EU,FINLAND,2,BRISTOL,ENONTEKIO,315,0,315,2069,0,2069,-84.77525
16/04/2021 17:17,2020,1,WESTERN EUROPE-EU,FINLAND,2,BRISTOL,IVALO,0,0,0,960,0,960,-100
16/04/2021 17:17,2020,1,WESTERN EUROPE-EU,FINLAND,2,BRISTOL,KITTILA,2807,0,2807,9292,1293,7999,-69.79122
16/04/2021 17:17,2020,1,WESTERN EUROPE-EU,FINLAND,2,BRISTOL,ROVANIEMI,0,0,0,742,0,742,-100
16/04/2021 17:17,2020,1,WESTERN EUROPE-EU,FINLAND,2,CARDIFF WALES,ENONTEKIO,0,0,0,378,0,378,-100
16/04/2021 17:17,2020,1,WESTERN EUROPE-EU,FINLAND,2,CARDIFF WALES,HELSINKI,117,0,117,0,0,0,0
16/04/2021 17:17,2020,1,WESTERN EUROPE-EU,FINLAND,2,CARDIFF WALES,IVALO,0,0,0,354,0,354,-100
16/04/2021 17:17,2020,1,WESTERN EUROPE-EU,FINLAND,2,DONCASTER SHEFFIELD,ENONTEKIO,333,0,333,1377,0,1377,-75.81699
16/04/2021 17:17,2020,1,WESTERN EUROPE-EU,FINLAND,2,DONCASTER SHEFFIELD,KITTILA,0,0,0,2471,0,2471,-100
16/04/2021 17:17,2020,1,WESTERN EUROPE-EU,FINLAND,2,EAST MIDLANDS INTERNATIONAL,ENONTEKIO,304,0,304,1214,0,1214,-74.95881
16/04/2021 17:17,2020,1,WESTERN EUROPE-EU,FINLAND,2,EAST MIDLANDS INTERNATIONAL,IVALO,0,0,0,1109,0,1109,-100
16/04/2021 17:17,2020,1,WESTERN EUROPE-EU,FINLAND,2,EAST MIDLANDS INTERNATIONAL,KITTILA,139,139,0,3222,0,3222,-95.68591
16/04/2021 17:17,2020,1,WESTERN EUROPE-EU,FINLAND,2,EAST MIDLANDS INTERNATIONAL,KUUSAMO,173,173,0,0,0,0,0
16/04/2021 17:17,2020,1,WESTERN EUROPE-EU,FINLAND,2,EAST MIDLANDS INTERNATIONAL,ROVANIEMI,0,0,0,308,0,308,-100
16/04/2021 17:17,2020,1,WESTERN EUROPE-EU,FINLAND,2,EDINBURGH,ENONTEKIO,0,0,0,758,0,758,-100
16/04/2021 17:17,2020,1,WESTERN EUROPE-EU,FINLAND,2,EDINBURGH,HELSINKI,6335,6273,62,60531,60531,0,-89.53429
16/04/2021 17:17,2020,1,WESTERN EUROPE-EU,FINLAND,2,EDINBURGH,IVALO,0,0,0,396,0,396,-100
16/04/2021 17:17,2020,1,WESTERN EUROPE-EU,FINLAND,2,EDINBURGH,KITTILA,0,0,0,378,0,378,-100
16/04/2021 17:17,2020,1,WESTERN EUROPE-EU,FINLAND,2,EXETER,ENONTEKIO,125,0,125,558,0,558,-77.59857
16/04/2021 17:17,2020,1,WESTERN EUROPE-EU,FINLAND,2,EXETER,IVALO,0,0,0,358,0,358,-100
16/04/2021 17:17,2020,1,WESTERN EUROPE-EU,FINLAND,2,EXETER,ROVANIEMI,0,0,0,366,0,366,-100
16/04/2021 17:17,2020,1,WESTERN EUROPE-EU,FINLAND,2,GLASGOW,ENONTEKIO,0,0,0,1305,0,1305,-100
16/04/2021 17:17,2020,1,WESTERN EUROPE-EU,FINLAND,2,GLASGOW,IVALO,0,0,0,694,0,694,-100
16/04/2021 17:17,2020,1,WESTERN EUROPE-EU,FINLAND,2,GLASGOW,ROVANIEMI,0,0,0,2734,0,2734,-100
16/04/2021 17:17,2020,1,WESTERN EUROPE-EU,FINLAND,2,HUMBERSIDE,ENONTEKIO,158,0,158,1083,0,1083,-85.4109
16/04/2021 17:17,2020,1,WESTERN EUROPE-EU,FINLAND,2,HUMBERSIDE,IVALO,0,0,0,338,0,338,-100
16/04/2021 17:17,2020,1,WESTERN EUROPE-EU,FINLAND,2,LEEDS BRADFORD,ENONTEKIO,282,0,282,2067,0,2067,-86.35704
16/04/2021 17:17,2020,1,WESTERN EUROPE-EU,FINLAND,2,LEEDS BRADFORD,IVALO,0,0,0,1089,0,1089,-100
16/04/2021 17:17,2020,1,WESTERN EUROPE-EU,FINLAND,2,LIVERPOOL (JOHN LENNON),ENONTEKIO,0,0,0,746,0,746,-100
16/04/2021 17:17,2020,1,WESTERN EUROPE-EU,FINLAND,2,LIVERPOOL (JOHN LENNON),IVALO,0,0,0,814,0,814,-100
16/04/2021 17:17,2020,1,WESTERN EUROPE-EU,FINLAND,2,MANCHESTER,ENONTEKIO,446,328,118,3872,0,3872,-88.4814
16/04/2021 17:17,2020,1,WESTERN EUROPE-EU,FINLAND,2,MANCHESTER,HELSINKI,35220,35220,0,170640,170640,0,-79.36006
16/04/2021 17:17,2020,1,WESTERN EUROPE-EU,FINLAND,2,MANCHESTER,IVALO,0,0,0,7674,0,7674,-100
16/04/2021 17:17,2020,1,WESTERN EUROPE-EU,FINLAND,2,MANCHESTER,KITTILA,3522,0,3522,17848,0,17848,-80.2667
16/04/2021 17:17,2020,1,WESTERN EUROPE-EU,FINLAND,2,MANCHESTER,KUUSAMO,2475,0,2475,5636,0,5636,-56.08588
16/04/2021 17:17,2020,1,WESTERN EUROPE-EU,FINLAND,2,MANCHESTER,ROVANIEMI,517,517,0,10451,3958,6493,-95.0531
16/04/2021 17:17,2020,1,WESTERN EUROPE-EU,FINLAND,2,NEWCASTLE,ENONTEKIO,311,311,0,1243,1117,126,-74.97989
16/04/2021 17:17,2020,1,WESTERN EUROPE-EU,FINLAND,2,NEWCASTLE,IVALO,0,0,0,702,702,0,-100
16/04/2021 17:17,2020,1,WESTERN EUROPE-EU,FINLAND,2,NEWCASTLE,KITTILA,0,0,0,2674,2674,0,-100
16/04/2021 17:17,2020,1,WESTERN EUROPE-EU,FINLAND,2,NEWCASTLE,ROVANIEMI,0,0,0,372,372,0,-100
16/04/2021 17:17,2020,1,WESTERN EUROPE-EU,FINLAND,2,NORWICH,ENONTEKIO,338,0,338,372,0,372,-9.13978
16/04/2021 17:17,2020,1,WESTERN EUROPE-EU,FINLAND,2,NORWICH,IVALO,0,0,0,360,0,360,-100
16/04/2021 17:17,2020,1,WESTERN EUROPE-EU,FINLAND,2,PRESTWICK,ROVANIEMI,0,0,0,346,0,346,-100
16/04/2021 17:17,2020,1,WESTERN EUROPE-EU,FINLAND,2,TEESSIDE INTERNATIONAL AIRPORT,ENONTEKIO,0,0,0,377,0,377,-100
16/04/2021 17:17,2020,1,WESTERN EUROPE-EU,FRANCE,1,GATWICK,AJACCIO,0,0,0,3443,3443,0,-100
16/04/2021 17:17,2020,1,WESTERN EUROPE-EU,FRANCE,1,GATWICK,BASTIA,0,0,0,6750,6750,0,-100
16/04/2021 17:17,2020,1,WESTERN EUROPE-EU,FRANCE,1,GATWICK,BIARRITZ,1366,1366,0,23492,23492,0,-94.18525
16/04/2021 17:17,2020,1,WESTERN EUROPE-EU,FRANCE,1,GATWICK,BORDEAUX,54464,54399,65,325293,325293,0,-83.25694
16/04/2021 17:17,2020,1,WESTERN EUROPE-EU,FRANCE,1,GATWICK,CHAMBERY,29567,138,29429,48899,0,48899,-39.53455
16/04/2021 17:17,2020,1,WESTERN EUROPE-EU,FRANCE,1,GATWICK,CLERMONT FERRAND,100,0,100,0,0,0,0
16/04/2021 17:17,2020,1,WESTERN EUROPE-EU,FRANCE,1,GATWICK,FIGARI,1201,1201,0,6162,6162,0,-80.50957
16/04/2021 17:17,2020,1,WESTERN EUROPE-EU,FRANCE,1,GATWICK,GRENOBLE,55406,21436,33970,111622,42822,68800,-50.36283
16/04/2021 17:17,2020,1,WESTERN EUROPE-EU,FRANCE,1,GATWICK,LA ROCHELLE,1919,1919,0,23253,23253,0,-91.7473
16/04/2021 17:17,2020,1,WESTERN EUROPE-EU,FRANCE,1,GATWICK,LILLE,0,0,0,164,0,164,-100
16/04/2021 17:17,2020,1,WESTERN EUROPE-EU,FRANCE,1,GATWICK,LIMOGES,0,0,0,13199,13199,0,-100
16/04/2021 17:17,2020,1,WESTERN EUROPE-EU,FRANCE,1,GATWICK,LYON,73496,55768,17728,247110,228667,18443,-70.25778
16/04/2021 17:17,2020,1,WESTERN EUROPE-EU,FRANCE,1,GATWICK,MARSEILLE,31177,31177,0,154318,154218,100,-79.79691
16/04/2021 17:17,2020,1,WESTERN EUROPE-EU,FRANCE,1,GATWICK,MONTPELLIER,22696,22696,0,142629,142478,151,-84.08739
16/04/2021 17:17,2020,1,WESTERN EUROPE-EU,FRANCE,1,GATWICK,NANTES,33759,33759,0,164566,164566,0,-79.48604
16/04/2021 17:17,2020,1,WESTERN EUROPE-EU,FRANCE,1,GATWICK,NICE,103629,103629,0,620607,617704,2903,-83.30199
16/04/2021 17:17,2020,1,WESTERN EUROPE-EU,FRANCE,1,GATWICK,PARIS (CHARLES DE GAULLE),131258,131242,16,580354,580354,0,-77.38311
16/04/2021 17:17,2020,1,WESTERN EUROPE-EU,FRANCE,1,GATWICK,PARIS (ORLY),5693,5693,0,0,0,0,0
16/04/2021 17:17,2020,1,WESTERN EUROPE-EU,FRANCE,1,GATWICK,PAU,83,0,83,718,718,0,-88.44011
16/04/2021 17:17,2020,1,WESTERN EUROPE-EU,FRANCE,1,GATWICK,RENNES,197,0,197,182,0,182,8.24176
16/04/2021 17:17,2020,1,WESTERN EUROPE-EU,FRANCE,1,GATWICK,TOULON / HYERES,0,0,0,78,0,78,-100
16/04/2021 17:17,2020,1,WESTERN EUROPE-EU,FRANCE,1,GATWICK,TOULOUSE (BLAGNAC),56211,48427,7784,230131,224137,5994,-75.57435
16/04/2021 17:17,2020,1,WESTERN EUROPE-EU,FRANCE,1,HEATHROW,BASTIA,1043,1043,0,4711,4711,0,-77.86033
16/04/2021 17:17,2020,1,WESTERN EUROPE-EU,FRANCE,1,HEATHROW,BORDEAUX,6256,6256,0,0,0,0,0
16/04/2021 17:17,2020,1,WESTERN EUROPE-EU,FRANCE,1,HEATHROW,CHATEAUROUX DEOLS,58,58,0,0,0,0,0
16/04/2021 17:17,2020,1,WESTERN EUROPE-EU,FRANCE,1,HEATHROW,FIGARI,842,842,0,4307,4307,0,-80.45043
16/04/2021 17:17,2020,1,WESTERN EUROPE-EU,FRANCE,1,HEATHROW,GRENOBLE,3985,3985,0,3779,3779,0,5.45118
16/04/2021 17:17,2020,1,WESTERN EUROPE-EU,FRANCE,1,HEATHROW,LYON,66724,66650,74,273848,273848,0,-75.63466
16/04/2021 17:17,2020,1,WESTERN EUROPE-EU,FRANCE,1,HEATHROW,MARSEILLE,74557,74255,302,293354,293354,0,-74.58463
16/04/2021 17:17,2020,1,WESTERN EUROPE-EU,FRANCE,1,HEATHROW,MONTPELLIER,0,0,0,9157,9157,0,-100
16/04/2021 17:17,2020,1,WESTERN EUROPE-EU,FRANCE,1,HEATHROW,NANTES,0,0,0,14404,14404,0,-100
16/04/2021 17:17,2020,1,WESTERN EUROPE-EU,FRANCE,1,HEATHROW,NICE,161082,161082,0,511494,511494,0,-68.50755
16/04/2021 17:17,2020,1,WESTERN EUROPE-EU,FRANCE,1,HEATHROW,PARIS (CHARLES DE GAULLE),375868,375777,91,1260985,1260985,0,-70.19251
16/04/2021 17:17,2020,1,WESTERN EUROPE-EU,FRANCE,1,HEATHROW,PARIS (LE BOURGET),116,0,116,0,0,0,0
16/04/2021 17:17,2020,1,WESTERN EUROPE-EU,FRANCE,1,HEATHROW,PARIS (ORLY),36,36,0,0,0,0,0
16/04/2021 17:17,2020,1,WESTERN EUROPE-EU,FRANCE,1,HEATHROW,TOULOUSE (BLAGNAC),71521,71521,0,269462,269462,0,-73.45785
16/04/2021 17:17,2020,1,WESTERN EUROPE-EU,FRANCE,1,LONDON CITY,BERGERAC,1262,1262,0,9747,9747,0,-87.05243
16/04/2021 17:17,2020,1,WESTERN EUROPE-EU,FRANCE,1,LONDON CITY,CHAMBERY,2402,2402,0,4838,4838,0,-50.35138
16/04/2021 17:17,2020,1,WESTERN EUROPE-EU,FRANCE,1,LONDON CITY,DINARD,0,0,0,135,0,135,-100
16/04/2021 17:17,2020,1,WESTERN EUROPE-EU,FRANCE,1,LONDON CITY,GRENOBLE,26,26,0,0,0,0,0
16/04/2021 17:17,2020,1,WESTERN EUROPE-EU,FRANCE,1,LONDON CITY,NICE,2823,2823,0,40136,40136,0,-92.96641
16/04/2021 17:17,2020,1,WESTERN EUROPE-EU,FRANCE,1,LONDON CITY,PARIS (ORLY),0,0,0,41221,41221,0,-100
16/04/2021 17:17,2020,1,WESTERN EUROPE-EU,FRANCE,1,LONDON CITY,QUIMPER,0,0,0,6014,6014,0,-100
16/04/2021 17:17,2020,1,WESTERN EUROPE-EU,FRANCE,1,LONDON CITY,RENNES,0,0,0,2726,2726,0,-100
16/04/2021 17:17,2020,1,WESTERN EUROPE-EU,FRANCE,1,LUTON,BEZIERS,9115,9115,0,39403,39403,0,-76.86724
16/04/2021 17:17,2020,1,WESTERN EUROPE-EU,FRANCE,1,LUTON,BIARRITZ,457,457,0,4811,4811,0,-90.50094
16/04/2021 17:17,2020,1,WESTERN EUROPE-EU,FRANCE,1,LUTON,BORDEAUX,13438,13438,0,89542,89542,0,-84.99252
16/04/2021 17:17,2020,1,WESTERN EUROPE-EU,FRANCE,1,LUTON,CHAMBERY,0,0,0,2625,0,2625,-100
16/04/2021 17:17,2020,1,WESTERN EUROPE-EU,FRANCE,1,LUTON,GRENOBLE,10152,10152,0,16335,15897,438,-37.85124
16/04/2021 17:17,2020,1,WESTERN EUROPE-EU,FRANCE,1,LUTON,LA ROCHELLE,0,0,0,168,168,0,-100
16/04/2021 17:17,2020,1,WESTERN EUROPE-EU,FRANCE,1,LUTON,LYON,26436,26436,0,104615,104238,377,-74.7302
16/04/2021 17:17,2020,1,WESTERN EUROPE-EU,FRANCE,1,LUTON,MARSEILLE,5940,5940,0,43789,43789,0,-86.43495
16/04/2021 17:17,2020,1,WESTERN EUROPE-EU,FRANCE,1,LUTON,MONTPELLIER,918,918,0,11461,11461,0,-91.99023
16/04/2021 17:17,2020,1,WESTERN EUROPE-EU,FRANCE,1,LUTON,NANTES,8325,8325,0,49380,49380,0,-83.14095
16/04/2021 17:17,2020,1,WESTERN EUROPE-EU,FRANCE,1,LUTON,NICE,20500,20500,0,165727,164990,737,-87.63026
16/04/2021 17:17,2020,1,WESTERN EUROPE-EU,FRANCE,1,LUTON,NIMES,1861,1861,0,25947,25947,0,-92.82769
16/04/2021 17:17,2020,1,WESTERN EUROPE-EU,FRANCE,1,LUTON,PARIS (CHARLES DE GAULLE),74617,74617,0,286380,286380,0,-73.94476
16/04/2021 17:17,2020,1,WESTERN EUROPE-EU,FRANCE,1,LUTON,PARIS (ORLY),0,0,0,1284,0,1284,-100
16/04/2021 17:17,2020,1,WESTERN EUROPE-EU,FRANCE,1,LUTON,PAU,0,0,0,193,193,0,-100
16/04/2021 17:17,2020,1,WESTERN EUROPE-EU,FRANCE,1,LUTON,RENNES,0,0,0,146,0,146,-100
16/04/2021 17:17,2020,1,WESTERN EUROPE-EU,FRANCE,1,LUTON,TOULOUSE (BLAGNAC),0,0,0,49742,49742,0,-100
16/04/2021 17:17,2020,1,WESTERN EUROPE-EU,FRANCE,1,SOUTHEND,BERGERAC,978,978,0,0,0,0,0
16/04/2021 17:17,2020,1,WESTERN EUROPE-EU,FRANCE,1,SOUTHEND,BORDEAUX,0,0,0,18367,18367,0,-100
16/04/2021 17:17,2020,1,WESTERN EUROPE-EU,FRANCE,1,SOUTHEND,BREST,5441,5441,0,20268,20268,0,-73.15473
16/04/2021 17:17,2020,1,WESTERN EUROPE-EU,FRANCE,1,SOUTHEND,CAEN,1361,1361,0,17530,17530,0,-92.23617
16/04/2021 17:17,2020,1,WESTERN EUROPE-EU,FRANCE,1,SOUTHEND,LYON,0,0,0,6312,6312,0,-100
16/04/2021 17:17,2020,1,WESTERN EUROPE-EU,FRANCE,1,SOUTHEND,MARSEILLE,1401,1401,0,0,0,0,0
16/04/2021 17:17,2020,1,WESTERN EUROPE-EU,FRANCE,1,SOUTHEND,PARIS (CHARLES DE GAULLE),8529,8529,0,54556,54556,0,-84.36652
16/04/2021 17:17,2020,1,WESTERN EUROPE-EU,FRANCE,1,SOUTHEND,RENNES,5490,5490,0,42727,42727,0,-87.15098
16/04/2021 17:17,2020,1,WESTERN EUROPE-EU,FRANCE,1,SOUTHEND,TARBES-LOURDES INTERNATIONAL,0,0,0,1421,1421,0,-100
16/04/2021 17:17,2020,1,WESTERN EUROPE-EU,FRANCE,1,STANSTED,AJACCIO,0,0,0,16748,16748,0,-100
16/04/2021 17:17,2020,1,WESTERN EUROPE-EU,FRANCE,1,STANSTED,BASTIA,0,0,0,18400,18400,0,-100
16/04/2021 17:17,2020,1,WESTERN EUROPE-EU,FRANCE,1,STANSTED,BERGERAC,19694,19694,0,93297,93297,0,-78.89107
16/04/2021 17:17,2020,1,WESTERN EUROPE-EU,FRANCE,1,STANSTED,BEZIERS,3301,3301,0,28245,28245,0,-88.31298
16/04/2021 17:17,2020,1,WESTERN EUROPE-EU,FRANCE,1,STANSTED,BIARRITZ,21935,21935,0,105069,105069,0,-79.12324
16/04/2021 17:17,2020,1,WESTERN EUROPE-EU,FRANCE,1,STANSTED,BORDEAUX,28880,28880,0,97419,97419,0,-70.35486
16/04/2021 17:17,2020,1,WESTERN EUROPE-EU,FRANCE,1,STANSTED,BREST,0,0,0,169,169,0,-100
16/04/2021 17:17,2020,1,WESTERN EUROPE-EU,FRANCE,1,STANSTED,BRIVE-LA-GAILLARDE,2782,2782,0,17122,17122,0,-83.7519
16/04/2021 17:17,2020,1,WESTERN EUROPE-EU,FRANCE,1,STANSTED,CALVI,0,0,0,6656,6656,0,-100
16/04/2021 17:17,2020,1,WESTERN EUROPE-EU,FRANCE,1,STANSTED,CARCASSONNE,17277,17277,0,85823,85823,0,-79.86903
16/04/2021 17:17,2020,1,WESTERN EUROPE-EU,FRANCE,1,STANSTED,CHAMBERY,10487,3145,7342,18257,5202,13055,-42.55902
16/04/2021 17:17,2020,1,WESTERN EUROPE-EU,FRANCE,1,STANSTED,CLERMONT FERRAND,0,0,0,20020,20020,0,-100
16/04/2021 17:17,2020,1,WESTERN EUROPE-EU,FRANCE,1,STANSTED,DINARD,14816,14816,0,77815,77815,0,-80.95997
16/04/2021 17:17,2020,1,WESTERN EUROPE-EU,FRANCE,1,STANSTED,DOLE,1560,1560,0,2768,2768,0,-43.64162
16/04/2021 17:17,2020,1,WESTERN EUROPE-EU,FRANCE,1,STANSTED,FIGARI,0,0,0,7772,7772,0,-100
16/04/2021 17:17,2020,1,WESTERN EUROPE-EU,FRANCE,1,STANSTED,GRENOBLE,27248,26424,824,32717,30357,2360,-16.71608
16/04/2021 17:17,2020,1,WESTERN EUROPE-EU,FRANCE,1,STANSTED,LA ROCHELLE,10572,10572,0,55325,55325,0,-80.8911
16/04/2021 17:17,2020,1,WESTERN EUROPE-EU,FRANCE,1,STANSTED,LIMOGES,22499,22499,0,101735,101735,0,-77.8847
16/04/2021 17:17,2020,1,WESTERN EUROPE-EU,FRANCE,1,STANSTED,LYON,8179,8008,171,10832,9938,894,-24.49225
16/04/2021 17:17,2020,1,WESTERN EUROPE-EU,FRANCE,1,STANSTED,MARSEILLE,33290,33290,0,168675,168675,0,-80.26382
16/04/2021 17:17,2020,1,WESTERN EUROPE-EU,FRANCE,1,STANSTED,MONTPELLIER,0,0,0,88,88,0,-100
16/04/2021 17:17,2020,1,WESTERN EUROPE-EU,FRANCE,1,STANSTED,NANTES,33448,33448,0,74068,74068,0,-54.8415
16/04/2021 17:17,2020,1,WESTERN EUROPE-EU,FRANCE,1,STANSTED,NICE,32099,32086,13,186784,186784,0,-82.81491
16/04/2021 17:17,2020,1,WESTERN EUROPE-EU,FRANCE,1,STANSTED,NIMES,6049,6049,0,39857,39857,0,-84.82324
16/04/2021 17:17,2020,1,WESTERN EUROPE-EU,FRANCE,1,STANSTED,PARIS (CHARLES DE GAULLE),9693,9687,6,39685,39685,0,-75.57515
16/04/2021 17:17,2020,1,WESTERN EUROPE-EU,FRANCE,1,STANSTED,PARIS (ORLY),0,0,0,150,150,0,-100
16/04/2021 17:17,2020,1,WESTERN EUROPE-EU,FRANCE,1,STANSTED,PAU,0,0,0,367,367,0,-100
16/04/2021 17:17,2020,1,WESTERN EUROPE-EU,FRANCE,1,STANSTED,PERPIGNAN,5455,5455,0,45858,45858,0,-88.10458
16/04/2021 17:17,2020,1,WESTERN EUROPE-EU,FRANCE,1,STANSTED,POITIERS,12539,12539,0,55874,55874,0,-77.55844
16/04/2021 17:17,2020,1,WESTERN EUROPE-EU,FRANCE,1,STANSTED,RENNES,0,0,0,564,189,375,-100
16/04/2021 17:17,2020,1,WESTERN EUROPE-EU,FRANCE,1,STANSTED,RODEZ,0,0,0,9765,9765,0,-100
16/04/2021 17:17,2020,1,WESTERN EUROPE-EU,FRANCE,1,STANSTED,STRASBOURG,0,0,0,18423,18423,0,-100
16/04/2021 17:17,2020,1,WESTERN EUROPE-EU,FRANCE,1,STANSTED,TARBES-LOURDES INTERNATIONAL,11986,11986,0,60108,55237,4871,-80.05923
16/04/2021 17:17,2020,1,WESTERN EUROPE-EU,FRANCE,1,STANSTED,TOULON / HYERES,0,0,0,294,0,294,-100
16/04/2021 17:17,2020,1,WESTERN EUROPE-EU,FRANCE,1,STANSTED,TOULOUSE (BLAGNAC),48147,48036,111,211212,210844,368,-77.20442
16/04/2021 17:17,2020,1,WESTERN EUROPE-EU,FRANCE,1,STANSTED,TOURS,9866,9866,0,50608,50608,0,-80.50506
16/04/2021 17:17,2020,1,WESTERN EUROPE-EU,FRANCE,2,ABERDEEN,BIARRITZ,0,0,0,118,0,118,-100
16/04/2021 17:17,2020,1,WESTERN EUROPE-EU,FRANCE,2,ABERDEEN,PARIS (CHARLES DE GAULLE),16165,16165,0,91680,91680,0,-82.36802
16/04/2021 17:17,2020,1,WESTERN EUROPE-EU,FRANCE,2,ABERDEEN,ROUEN,51,0,51,0,0,0,0
16/04/2021 17:17,2020,1,WESTERN EUROPE-EU,FRANCE,2,BELFAST CITY (GEORGE BEST),CANNES,2,0,2,0,0,0,0
16/04/2021 17:17,2020,1,WESTERN EUROPE-EU,FRANCE,2,BELFAST CITY (GEORGE BEST),PARIS (CHARLES DE GAULLE),80,80,0,125,125,0,-36
16/04/2021 17:17,2020,1,WESTERN EUROPE-EU,FRANCE,2,BELFAST INTERNATIONAL,BORDEAUX,950,950,0,13609,13609,0,-93.01933
16/04/2021 17:17,2020,1,WESTERN EUROPE-EU,FRANCE,2,BELFAST INTERNATIONAL,BRIVE-LA-GAILLARDE,10,0,10,0,0,0,0
16/04/2021 17:17,2020,1,WESTERN EUROPE-EU,FRANCE,2,BELFAST INTERNATIONAL,CANNES,10,0,10,0,0,0,0
16/04/2021 17:17,2020,1,WESTERN EUROPE-EU,FRANCE,2,BELFAST INTERNATIONAL,CLERMONT FERRAND,378,0,378,84,0,84,350
16/04/2021 17:17,2020,1,WESTERN EUROPE-EU,FRANCE,2,BELFAST INTERNATIONAL,LYON,2754,2754,0,3721,3721,0,-25.98764
16/04/2021 17:17,2020,1,WESTERN EUROPE-EU,FRANCE,2,BELFAST INTERNATIONAL,NICE,1039,1039,0,21497,21497,0,-95.16677
16/04/2021 17:17,2020,1,WESTERN EUROPE-EU,FRANCE,2,BELFAST INTERNATIONAL,PARIS (CHARLES DE GAULLE),16450,16450,0,89835,89548,287,-81.68865
16/04/2021 17:17,2020,1,WESTERN EUROPE-EU,FRANCE,2,BELFAST INTERNATIONAL,TARBES-LOURDES INTERNATIONAL,0,0,0,6050,0,6050,-100
16/04/2021 17:17,2020,1,WESTERN EUROPE-EU,FRANCE,2,BELFAST INTERNATIONAL,TOULOUSE (BLAGNAC),103,0,103,0,0,0,0
16/04/2021 17:17,2020,1,WESTERN EUROPE-EU,FRANCE,2,BIGGIN HILL,AVIGNON,6,0,6,13,0,13,-53.84615
16/04/2021 17:17,2020,1,WESTERN EUROPE-EU,FRANCE,2,BIGGIN HILL,BIARRITZ,0,0,0,3,0,3,-100
16/04/2021 17:17,2020,1,WESTERN EUROPE-EU,FRANCE,2,BIGGIN HILL,BORDEAUX,0,0,0,9,0,9,-100
16/04/2021 17:17,2020,1,WESTERN EUROPE-EU,FRANCE,2,BIGGIN HILL,CANNES,0,0,0,15,0,15,-100
16/04/2021 17:17,2020,1,WESTERN EUROPE-EU,FRANCE,2,BIGGIN HILL,CHAMBERY,24,0,24,39,0,39,-38.46154
16/04/2021 17:17,2020,1,WESTERN EUROPE-EU,FRANCE,2,BIGGIN HILL,DEAUVILLE,5,0,5,0,0,0,0
16/04/2021 17:17,2020,1,WESTERN EUROPE-EU,FRANCE,2,BIGGIN HILL,FIGARI,15,0,15,0,0,0,0
16/04/2021 17:17,2020,1,WESTERN EUROPE-EU,FRANCE,2,BIGGIN HILL,GRENOBLE,26,0,26,0,0,0,0
16/04/2021 17:17,2020,1,WESTERN EUROPE-EU,FRANCE,2,BIGGIN HILL,NICE,96,0,96,102,0,102,-5.88235
16/04/2021 17:17,2020,1,WESTERN EUROPE-EU,FRANCE,2,BIGGIN HILL,PARIS (CHARLES DE GAULLE),9,0,9,0,0,0,0
16/04/2021 17:17,2020,1,WESTERN EUROPE-EU,FRANCE,2,BIGGIN HILL,PARIS (LE BOURGET),12,0,12,12,0,12,0
16/04/2021 17:17,2020,1,WESTERN EUROPE-EU,FRANCE,2,BIGGIN HILL,TOULON / HYERES,11,0,11,26,0,26,-57.69231
16/04/2021 17:17,2020,1,WESTERN EUROPE-EU,FRANCE,2,BIGGIN HILL,TOULOUSE (BLAGNAC),80,0,80,2,0,2,3900
16/04/2021 17:17,2020,1,WESTERN EUROPE-EU,FRANCE,2,BIRMINGHAM,AVIGNON,0,0,0,1735,1735,0,-100
16/04/2021 17:17,2020,1,WESTERN EUROPE-EU,FRANCE,2,BIRMINGHAM,BASTIA,0,0,0,1873,1873,0,-100
16/04/2021 17:17,2020,1,WESTERN EUROPE-EU,FRANCE,2,BIRMINGHAM,BERGERAC,807,807,0,17976,17976,0,-95.51068
16/04/2021 17:17,2020,1,WESTERN EUROPE-EU,FRANCE,2,BIRMINGHAM,BIARRITZ,46,0,46,4783,4783,0,-99.03826
16/04/2021 17:17,2020,1,WESTERN EUROPE-EU,FRANCE,2,BIRMINGHAM,BORDEAUX,80,0,80,16855,16561,294,-99.52536
16/04/2021 17:17,2020,1,WESTERN EUROPE-EU,FRANCE,2,BIRMINGHAM,BREST,0,0,0,1144,1144,0,-100
16/04/2021 17:17,2020,1,WESTERN EUROPE-EU,FRANCE,2,BIRMINGHAM,CHAMBERY,8191,1538,6653,12932,2913,10019,-36.661
16/04/2021 17:17,2020,1,WESTERN EUROPE-EU,FRANCE,2,BIRMINGHAM,CLERMONT FERRAND,0,0,0,515,0,515,-100
16/04/2021 17:17,2020,1,WESTERN EUROPE-EU,FRANCE,2,BIRMINGHAM,DINARD,116,116,0,0,0,0,0
16/04/2021 17:17,2020,1,WESTERN EUROPE-EU,FRANCE,2,BIRMINGHAM,GRENOBLE,10642,10376,266,14809,10594,4215,-28.13829
16/04/2021 17:17,2020,1,WESTERN EUROPE-EU,FRANCE,2,BIRMINGHAM,LA ROCHELLE,0,0,0,3439,3439,0,-100
16/04/2021 17:17,2020,1,WESTERN EUROPE-EU,FRANCE,2,BIRMINGHAM,LYON,2363,1673,690,35843,35548,295,-93.40736
16/04/2021 17:17,2020,1,WESTERN EUROPE-EU,FRANCE,2,BIRMINGHAM,MONTPELLIER,0,0,0,325,0,325,-100
16/04/2021 17:17,2020,1,WESTERN EUROPE-EU,FRANCE,2,BIRMINGHAM,NANTES,87,87,0,13033,13033,0,-99.33246
16/04/2021 17:17,2020,1,WESTERN EUROPE-EU,FRANCE,2,BIRMINGHAM,NICE,0,0,0,395,0,395,-100
16/04/2021 17:17,2020,1,WESTERN EUROPE-EU,FRANCE,2,BIRMINGHAM,PARIS (CHARLES DE GAULLE),81121,81121,0,403416,403127,289,-79.89148
16/04/2021 17:17,2020,1,WESTERN EUROPE-EU,FRANCE,2,BIRMINGHAM,PAU,86,0,86,0,0,0,0
16/04/2021 17:17,2020,1,WESTERN EUROPE-EU,FRANCE,2,BIRMINGHAM,PERPIGNAN,2746,2746,0,19189,19189,0,-85.68972
16/04/2021 17:17,2020,1,WESTERN EUROPE-EU,FRANCE,2,BIRMINGHAM,TARBES-LOURDES INTERNATIONAL,0,0,0,1158,0,1158,-100
16/04/2021 17:17,2020,1,WESTERN EUROPE-EU,FRANCE,2,BIRMINGHAM,TOULOUSE (BLAGNAC),5068,0,5068,3512,0,3512,44.30524
16/04/2021 17:17,2020,1,WESTERN EUROPE-EU,FRANCE,2,BOURNEMOUTH,NANTES,0,0,0,104,0,104,-100
16/04/2021 17:17,2020,1,WESTERN EUROPE-EU,FRANCE,2,BRISTOL,BERGERAC,3007,3007,0,5981,5981,0,-49.72413
16/04/2021 17:17,2020,1,WESTERN EUROPE-EU,FRANCE,2,BRISTOL,BEZIERS,3563,3563,0,28416,28416,0,-87.46129
16/04/2021 17:17,2020,1,WESTERN EUROPE-EU,FRANCE,2,BRISTOL,BIARRITZ,1184,1184,0,7247,7247,0,-83.66221
16/04/2021 17:17,2020,1,WESTERN EUROPE-EU,FRANCE,2,BRISTOL,BORDEAUX,10327,10239,88,68365,68365,0,-84.89432
16/04/2021 17:17,2020,1,WESTERN EUROPE-EU,FRANCE,2,BRISTOL,BREST,167,167,0,0,0,0,0
16/04/2021 17:17,2020,1,WESTERN EUROPE-EU,FRANCE,2,BRISTOL,BRIVE-LA-GAILLARDE,71,0,71,53,0,53,33.96226
16/04/2021 17:17,2020,1,WESTERN EUROPE-EU,FRANCE,2,BRISTOL,CHAMBERY,6813,0,6813,11196,0,11196,-39.14791
16/04/2021 17:17,2020,1,WESTERN EUROPE-EU,FRANCE,2,BRISTOL,CLERMONT FERRAND,86,0,86,871,82,789,-90.12629
16/04/2021 17:17,2020,1,WESTERN EUROPE-EU,FRANCE,2,BRISTOL,FIGARI,57,0,57,0,0,0,0
16/04/2021 17:17,2020,1,WESTERN EUROPE-EU,FRANCE,2,BRISTOL,GRENOBLE,12754,12331,423,14861,14408,453,-14.17805
16/04/2021 17:17,2020,1,WESTERN EUROPE-EU,FRANCE,2,BRISTOL,LA ROCHELLE,0,0,0,6534,6534,0,-100
16/04/2021 17:17,2020,1,WESTERN EUROPE-EU,FRANCE,2,BRISTOL,LIMOGES,4156,4156,0,27287,27287,0,-84.7693
16/04/2021 17:17,2020,1,WESTERN EUROPE-EU,FRANCE,2,BRISTOL,LYON,5894,5368,526,14918,14765,153,-60.49068
16/04/2021 17:17,2020,1,WESTERN EUROPE-EU,FRANCE,2,BRISTOL,MARSEILLE,1351,1251,100,20597,20597,0,-93.44079
16/04/2021 17:17,2020,1,WESTERN EUROPE-EU,FRANCE,2,BRISTOL,MONTPELLIER,0,0,0,9486,9486,0,-100
16/04/2021 17:17,2020,1,WESTERN EUROPE-EU,FRANCE,2,BRISTOL,NANTES,0,0,0,8866,8866,0,-100
16/04/2021 17:17,2020,1,WESTERN EUROPE-EU,FRANCE,2,BRISTOL,NICE,12034,12034,0,101057,101057,0,-88.09187
16/04/2021 17:17,2020,1,WESTERN EUROPE-EU,FRANCE,2,BRISTOL,PARIS (CHARLES DE GAULLE),53493,53457,36,170698,170698,0,-68.6622
16/04/2021 17:17,2020,1,WESTERN EUROPE-EU,FRANCE,2,BRISTOL,PARIS (ORLY),366,366,0,0,0,0,0
16/04/2021 17:17,2020,1,WESTERN EUROPE-EU,FRANCE,2,BRISTOL,TARBES-LOURDES INTERNATIONAL,0,0,0,468,0,468,-100
16/04/2021 17:17,2020,1,WESTERN EUROPE-EU,FRANCE,2,BRISTOL,TOULOUSE (BLAGNAC),20121,16712,3409,105280,95481,9799,-80.88811
16/04/2021 17:17,2020,1,WESTERN EUROPE-EU,FRANCE,2,BRISTOL,VILLACOUBLAY,51,0,51,0,0,0,0
16/04/2021 17:17,2020,1,WESTERN EUROPE-EU,FRANCE,2,CARDIFF WALES,BIARRITZ,0,0,0,176,0,176,-100
16/04/2021 17:17,2020,1,WESTERN EUROPE-EU,FRANCE,2,CARDIFF WALES,BORDEAUX,1202,0,1202,0,0,0,0
16/04/2021 17:17,2020,1,WESTERN EUROPE-EU,FRANCE,2,CARDIFF WALES,CARCASSONNE,80,80,0,0,0,0,0
16/04/2021 17:17,2020,1,WESTERN EUROPE-EU,FRANCE,2,CARDIFF WALES,CHAMBERY,698,698,0,2708,2708,0,-74.22452
16/04/2021 17:17,2020,1,WESTERN EUROPE-EU,FRANCE,2,CARDIFF WALES,GRENOBLE,587,0,587,0,0,0,0
16/04/2021 17:17,2020,1,WESTERN EUROPE-EU,FRANCE,2,CARDIFF WALES,LE HAVRE,0,0,0,36,0,36,-100
16/04/2021 17:17,2020,1,WESTERN EUROPE-EU,FRANCE,2,CARDIFF WALES,LYON,1837,0,1837,78,0,78,2255.12821
16/04/2021 17:17,2020,1,WESTERN EUROPE-EU,FRANCE,2,CARDIFF WALES,MARSEILLE,332,0,332,0,0,0,0
16/04/2021 17:17,2020,1,WESTERN EUROPE-EU,FRANCE,2,CARDIFF WALES,NANTES,683,0,683,0,0,0,0
16/04/2021 17:17,2020,1,WESTERN EUROPE-EU,FRANCE,2,CARDIFF WALES,NICE,0,0,0,40,0,40,-100
16/04/2021 17:17,2020,1,WESTERN EUROPE-EU,FRANCE,2,CARDIFF WALES,PARIS (CHARLES DE GAULLE),10033,8401,1632,71574,71574,0,-85.98234
16/04/2021 17:17,2020,1,WESTERN EUROPE-EU,FRANCE,2,CARDIFF WALES,PARIS (LE BOURGET),183,71,112,58,0,58,215.51724
16/04/2021 17:17,2020,1,WESTERN EUROPE-EU,FRANCE,2,CARDIFF WALES,PARIS (ORLY),253,0,253,0,0,0,0
16/04/2021 17:17,2020,1,WESTERN EUROPE-EU,FRANCE,2,CARDIFF WALES,PAU,0,0,0,325,0,325,-100
16/04/2021 17:17,2020,1,WESTERN EUROPE-EU,FRANCE,2,CARDIFF WALES,TARBES-LOURDES INTERNATIONAL,0,0,0,280,0,280,-100
16/04/2021 17:17,2020,1,WESTERN EUROPE-EU,FRANCE,2,CARDIFF WALES,TOULON / HYERES,365,0,365,0,0,0,0
16/04/2021 17:17,2020,1,WESTERN EUROPE-EU,FRANCE,2,CARDIFF WALES,TOULOUSE (BLAGNAC),1671,0,1671,89,89,0,1777.52809
16/04/2021 17:17,2020,1,WESTERN EUROPE-EU,FRANCE,2,CARDIFF WALES,VILLACOUBLAY,0,0,0,84,0,84,-100
16/04/2021 17:17,2020,1,WESTERN EUROPE-EU,FRANCE,2,DONCASTER SHEFFIELD,CHALONS (VATRY),0,0,0,86,0,86,-100
16/04/2021 17:17,2020,1,WESTERN EUROPE-EU,FRANCE,2,DONCASTER SHEFFIELD,CHAMBERY,147,119,28,27,0,27,444.44444
16/04/2021 17:17,2020,1,WESTERN EUROPE-EU,FRANCE,2,DONCASTER SHEFFIELD,NICE,0,0,0,123,0,123,-100
16/04/2021 17:17,2020,1,WESTERN EUROPE-EU,FRANCE,2,DONCASTER SHEFFIELD,PARIS (CHARLES DE GAULLE),0,0,0,17572,17572,0,-100
16/04/2021 17:17,2020,1,WESTERN EUROPE-EU,FRANCE,2,DONCASTER SHEFFIELD,TARBES-LOURDES INTERNATIONAL,0,0,0,382,0,382,-100
16/04/2021 17:17,2020,1,WESTERN EUROPE-EU,FRANCE,2,DUNDEE,PARIS (LE BOURGET),0,0,0,3,0,3,-100
16/04/2021 17:17,2020,1,WESTERN EUROPE-EU,FRANCE,2,EAST MIDLANDS INTERNATIONAL,ALBERT - PICARDIE,0,0,0,48,0,48,-100
16/04/2021 17:17,2020,1,WESTERN EUROPE-EU,FRANCE,2,EAST MIDLANDS INTERNATIONAL,BERGERAC,3202,3202,0,15890,15890,0,-79.84896
16/04/2021 17:17,2020,1,WESTERN EUROPE-EU,FRANCE,2,EAST MIDLANDS INTERNATIONAL,BRIVE-LA-GAILLARDE,88,0,88,0,0,0,0
16/04/2021 17:17,2020,1,WESTERN EUROPE-EU,FRANCE,2,EAST MIDLANDS INTERNATIONAL,CARCASSONNE,2839,2839,0,19966,19966,0,-85.78083
16/04/2021 17:17,2020,1,WESTERN EUROPE-EU,FRANCE,2,EAST MIDLANDS INTERNATIONAL,CHAMBERY,3482,0,3482,6446,0,6446,-45.982
16/04/2021 17:17,2020,1,WESTERN EUROPE-EU,FRANCE,2,EAST MIDLANDS INTERNATIONAL,DINARD,2853,2853,0,17498,17498,0,-83.69528
16/04/2021 17:17,2020,1,WESTERN EUROPE-EU,FRANCE,2,EAST MIDLANDS INTERNATIONAL,GRENOBLE,955,955,0,131,131,0,629.00763
16/04/2021 17:17,2020,1,WESTERN EUROPE-EU,FRANCE,2,EAST MIDLANDS INTERNATIONAL,LIMOGES,10284,10284,0,46354,46354,0,-77.81421
16/04/2021 17:17,2020,1,WESTERN EUROPE-EU,FRANCE,2,EAST MIDLANDS INTERNATIONAL,NANTES,0,0,0,7012,7012,0,-100
16/04/2021 17:17,2020,1,WESTERN EUROPE-EU,FRANCE,2,EAST MIDLANDS INTERNATIONAL,PARIS (CHARLES DE GAULLE),0,0,0,168,168,0,-100
16/04/2021 17:17,2020,1,WESTERN EUROPE-EU,FRANCE,2,EAST MIDLANDS INTERNATIONAL,PARIS (LE BOURGET),0,0,0,50,0,50,-100
16/04/2021 17:17,2020,1,WESTERN EUROPE-EU,FRANCE,2,EAST MIDLANDS INTERNATIONAL,PAU,138,0,138,45,0,45,206.66667
16/04/2021 17:17,2020,1,WESTERN EUROPE-EU,FRANCE,2,EAST MIDLANDS INTERNATIONAL,TARBES-LOURDES INTERNATIONAL,0,0,0,140,0,140,-100
16/04/2021 17:17,2020,1,WESTERN EUROPE-EU,FRANCE,2,EDINBURGH,BASTIA,0,0,0,596,0,596,-100
16/04/2021 17:17,2020,1,WESTERN EUROPE-EU,FRANCE,2,EDINBURGH,BERGERAC,0,0,0,2036,2036,0,-100
16/04/2021 17:17,2020,1,WESTERN EUROPE-EU,FRANCE,2,EDINBURGH,BEZIERS,2766,2766,0,19879,19879,0,-86.08582
16/04/2021 17:17,2020,1,WESTERN EUROPE-EU,FRANCE,2,EDINBURGH,BORDEAUX,5415,3628,1787,31460,31362,98,-82.78767
16/04/2021 17:17,2020,1,WESTERN EUROPE-EU,FRANCE,2,EDINBURGH,CAEN,133,0,133,0,0,0,0
16/04/2021 17:17,2020,1,WESTERN EUROPE-EU,FRANCE,2,EDINBURGH,CARCASSONNE,2210,2210,0,20071,20071,0,-88.98909
16/04/2021 17:17,2020,1,WESTERN EUROPE-EU,FRANCE,2,EDINBURGH,CHAMBERY,3727,0,3727,6657,0,6657,-44.01382
16/04/2021 17:17,2020,1,WESTERN EUROPE-EU,FRANCE,2,EDINBURGH,GRENOBLE,4480,3752,728,6126,6126,0,-26.86908
16/04/2021 17:17,2020,1,WESTERN EUROPE-EU,FRANCE,2,EDINBURGH,LA ROCHELLE,92,0,92,0,0,0,0
16/04/2021 17:17,2020,1,WESTERN EUROPE-EU,FRANCE,2,EDINBURGH,LYON,6834,4799,2035,23546,23546,0,-70.97596
16/04/2021 17:17,2020,1,WESTERN EUROPE-EU,FRANCE,2,EDINBURGH,MARSEILLE,11179,10509,670,36873,36626,247,-69.68242
16/04/2021 17:17,2020,1,WESTERN EUROPE-EU,FRANCE,2,EDINBURGH,MONTPELLIER,0,0,0,194,0,194,-100
16/04/2021 17:17,2020,1,WESTERN EUROPE-EU,FRANCE,2,EDINBURGH,NANTES,12260,11304,956,47212,47212,0,-74.03203
16/04/2021 17:17,2020,1,WESTERN EUROPE-EU,FRANCE,2,EDINBURGH,NICE,5419,5419,0,47370,47133,237,-88.56027
16/04/2021 17:17,2020,1,WESTERN EUROPE-EU,FRANCE,2,EDINBURGH,PARIS (CHARLES DE GAULLE),98981,96567,2414,364306,363684,622,-72.83026
16/04/2021 17:17,2020,1,WESTERN EUROPE-EU,FRANCE,2,EDINBURGH,PARIS (LE BOURGET),208,0,208,0,0,0,0
16/04/2021 17:17,2020,1,WESTERN EUROPE-EU,FRANCE,2,EDINBURGH,PARIS (ORLY),453,0,453,27705,27705,0,-98.36492
16/04/2021 17:17,2020,1,WESTERN EUROPE-EU,FRANCE,2,EDINBURGH,ST ETIENNE,41,0,41,0,0,0,0
16/04/2021 17:17,2020,1,WESTERN EUROPE-EU,FRANCE,2,EDINBURGH,TARBES-LOURDES INTERNATIONAL,0,0,0,1625,0,1625,-100
16/04/2021 17:17,2020,1,WESTERN EUROPE-EU,FRANCE,2,EDINBURGH,TOULOUSE (BLAGNAC),14228,10740,3488,36439,34404,2035,-60.95392
16/04/2021 17:17,2020,1,WESTERN EUROPE-EU,FRANCE,2,EXETER,BERGERAC,0,0,0,5336,5336,0,-100
16/04/2021 17:17,2020,1,WESTERN EUROPE-EU,FRANCE,2,EXETER,CHAMBERY,4267,893,3374,6887,2619,4268,-38.04269
16/04/2021 17:17,2020,1,WESTERN EUROPE-EU,FRANCE,2,EXETER,LA ROCHELLE,0,0,0,156,0,156,-100
16/04/2021 17:17,2020,1,WESTERN EUROPE-EU,FRANCE,2,EXETER,LYON,0,0,0,176,0,176,-100
16/04/2021 17:17,2020,1,WESTERN EUROPE-EU,FRANCE,2,EXETER,PARIS (CHARLES DE GAULLE),10353,10353,0,76660,76660,0,-86.49491
16/04/2021 17:17,2020,1,WESTERN EUROPE-EU,FRANCE,2,EXETER,RENNES,0,0,0,1529,1529,0,-100
16/04/2021 17:17,2020,1,WESTERN EUROPE-EU,FRANCE,2,EXETER,TARBES-LOURDES INTERNATIONAL,0,0,0,292,0,292,-100
16/04/2021 17:17,2020,1,WESTERN EUROPE-EU,FRANCE,2,EXETER,TOULOUSE (BLAGNAC),99,0,99,81,81,0,22.22222
16/04/2021 17:17,2020,1,WESTERN EUROPE-EU,FRANCE,2,GLASGOW,BORDEAUX,572,572,0,10434,10434,0,-94.51792
16/04/2021 17:17,2020,1,WESTERN EUROPE-EU,FRANCE,2,GLASGOW,CAEN,131,0,131,0,0,0,0
16/04/2021 17:17,2020,1,WESTERN EUROPE-EU,FRANCE,2,GLASGOW,CHAMBERY,3816,0,3816,5837,0,5837,-34.62395
16/04/2021 17:17,2020,1,WESTERN EUROPE-EU,FRANCE,2,GLASGOW,DINARD,0,0,0,92,0,92,-100
16/04/2021 17:17,2020,1,WESTERN EUROPE-EU,FRANCE,2,GLASGOW,GRENOBLE,3674,3674,0,5167,5167,0,-28.89491
16/04/2021 17:17,2020,1,WESTERN EUROPE-EU,FRANCE,2,GLASGOW,LA ROCHELLE,0,0,0,470,0,470,-100
16/04/2021 17:17,2020,1,WESTERN EUROPE-EU,FRANCE,2,GLASGOW,LILLE,192,0,192,0,0,0,0
16/04/2021 17:17,2020,1,WESTERN EUROPE-EU,FRANCE,2,GLASGOW,LYON,488,0,488,370,0,370,31.89189
16/04/2021 17:17,2020,1,WESTERN EUROPE-EU,FRANCE,2,GLASGOW,MARSEILLE,0,0,0,5967,5923,44,-100
16/04/2021 17:17,2020,1,WESTERN EUROPE-EU,FRANCE,2,GLASGOW,PARIS (CHARLES DE GAULLE),22671,22623,48,129455,129063,392,-82.48735
16/04/2021 17:17,2020,1,WESTERN EUROPE-EU,FRANCE,2,GLASGOW,RENNES,0,0,0,1013,0,1013,-100
16/04/2021 17:17,2020,1,WESTERN EUROPE-EU,FRANCE,2,GLASGOW,STRASBOURG,0,0,0,41,0,41,-100
16/04/2021 17:17,2020,1,WESTERN EUROPE-EU,FRANCE,2,GLASGOW,TARBES-LOURDES INTERNATIONAL,0,0,0,645,0,645,-100
16/04/2021 17:17,2020,1,WESTERN EUROPE-EU,FRANCE,2,GUERNSEY,DINARD,0,0,0,27,27,0,-100
16/04/2021 17:17,2020,1,WESTERN EUROPE-EU,FRANCE,2,GUERNSEY,GRENOBLE,935,935,0,1000,841,159,-6.5
16/04/2021 17:17,2020,1,WESTERN EUROPE-EU,FRANCE,2,GUERNSEY,PARIS (LE BOURGET),0,0,0,167,0,167,-100
16/04/2021 17:17,2020,1,WESTERN EUROPE-EU,FRANCE,2,GUERNSEY,TOULOUSE (BLAGNAC),0,0,0,48,0,48,-100
16/04/2021 17:17,2020,1,WESTERN EUROPE-EU,FRANCE,2,HUMBERSIDE,PERPIGNAN,70,0,70,140,0,140,-50
16/04/2021 17:17,2020,1,WESTERN EUROPE-EU,FRANCE,2,INVERNESS,STRASBOURG,0,0,0,42,0,42,-100
16/04/2021 17:17,2020,1,WESTERN EUROPE-EU,FRANCE,2,ISLE OF MAN,PARIS (CHARLES DE GAULLE),0,0,0,75,0,75,-100
16/04/2021 17:17,2020,1,WESTERN EUROPE-EU,FRANCE,2,JERSEY,BEAUVAIS,0,0,0,134,0,134,-100
16/04/2021 17:17,2020,1,WESTERN EUROPE-EU,FRANCE,2,JERSEY,BREST,31,0,31,0,0,0,0
16/04/2021 17:17,2020,1,WESTERN EUROPE-EU,FRANCE,2,JERSEY,DINARD,34,0,34,0,0,0,0
16/04/2021 17:17,2020,1,WESTERN EUROPE-EU,FRANCE,2,JERSEY,GRENOBLE,130,0,130,314,0,314,-58.59873
16/04/2021 17:17,2020,1,WESTERN EUROPE-EU,FRANCE,2,JERSEY,PARIS (CHARLES DE GAULLE),148,0,148,0,0,0,0
16/04/2021 17:17,2020,1,WESTERN EUROPE-EU,FRANCE,2,JERSEY,RENNES,163,31,132,0,0,0,0
16/04/2021 17:17,2020,1,WESTERN EUROPE-EU,FRANCE,2,LEEDS BRADFORD,BERGERAC,731,731,0,7312,7312,0,-90.00274
16/04/2021 17:17,2020,1,WESTERN EUROPE-EU,FRANCE,2,LEEDS BRADFORD,GRENOBLE,2675,2675,0,3887,3887,0,-31.18086
16/04/2021 17:17,2020,1,WESTERN EUROPE-EU,FRANCE,2,LEEDS BRADFORD,LA ROCHELLE,0,0,0,4400,4400,0,-100
16/04/2021 17:17,2020,1,WESTERN EUROPE-EU,FRANCE,2,LEEDS BRADFORD,LIMOGES,3243,3243,0,19376,19376,0,-83.2628
16/04/2021 17:17,2020,1,WESTERN EUROPE-EU,FRANCE,2,LEEDS BRADFORD,NICE,191,191,0,23546,23546,0,-99.18882
16/04/2021 17:17,2020,1,WESTERN EUROPE-EU,FRANCE,2,LEEDS BRADFORD,PARIS (CHARLES DE GAULLE),10037,10037,0,53288,53288,0,-81.16461
16/04/2021 17:17,2020,1,WESTERN EUROPE-EU,FRANCE,2,LEEDS BRADFORD,PERPIGNAN,0,0,0,118,0,118,-100
16/04/2021 17:17,2020,1,WESTERN EUROPE-EU,FRANCE,2,LEEDS BRADFORD,TARBES-LOURDES INTERNATIONAL,0,0,0,580,0,580,-100
16/04/2021 17:17,2020,1,WESTERN EUROPE-EU,FRANCE,2,LIVERPOOL (JOHN LENNON),BERGERAC,3696,3696,0,20442,20442,0,-81.91958
16/04/2021 17:17,2020,1,WESTERN EUROPE-EU,FRANCE,2,LIVERPOOL (JOHN LENNON),BORDEAUX,2038,2038,0,20757,20757,0,-90.18163
16/04/2021 17:17,2020,1,WESTERN EUROPE-EU,FRANCE,2,LIVERPOOL (JOHN LENNON),GRENOBLE,2022,2022,0,4344,4344,0,-53.45304
16/04/2021 17:17,2020,1,WESTERN EUROPE-EU,FRANCE,2,LIVERPOOL (JOHN LENNON),NANTES,0,0,0,8299,8299,0,-100
16/04/2021 17:17,2020,1,WESTERN EUROPE-EU,FRANCE,2,LIVERPOOL (JOHN LENNON),NICE,15903,15903,0,102565,102565,0,-84.49471
16/04/2021 17:17,2020,1,WESTERN EUROPE-EU,FRANCE,2,LIVERPOOL (JOHN LENNON),PARIS (CHARLES DE GAULLE),13783,13783,0,87663,87663,0,-84.27729
16/04/2021 17:17,2020,1,WESTERN EUROPE-EU,FRANCE,2,LIVERPOOL (JOHN LENNON),PERPIGNAN,377,0,377,146,0,146,158.21918
16/04/2021 17:17,2020,1,WESTERN EUROPE-EU,FRANCE,2,LIVERPOOL (JOHN LENNON),TARBES-LOURDES INTERNATIONAL,0,0,0,1212,0,1212,-100
16/04/2021 17:17,2020,1,WESTERN EUROPE-EU,FRANCE,2,LIVERPOOL (JOHN LENNON),TOULOUSE (BLAGNAC),13,13,0,6418,6418,0,-99.79744
16/04/2021 17:17,2020,1,WESTERN EUROPE-EU,FRANCE,2,MANCHESTER,BASTIA,621,621,0,7121,7121,0,-91.27931
16/04/2021 17:17,2020,1,WESTERN EUROPE-EU,FRANCE,2,MANCHESTER,BEAUVAIS,2929,2929,0,0,0,0,0
16/04/2021 17:17,2020,1,WESTERN EUROPE-EU,FRANCE,2,MANCHESTER,BERGERAC,553,553,0,5490,5490,0,-89.92714
16/04/2021 17:17,2020,1,WESTERN EUROPE-EU,FRANCE,2,MANCHESTER,BEZIERS,3252,3252,0,25719,25719,0,-87.35565
16/04/2021 17:17,2020,1,WESTERN EUROPE-EU,FRANCE,2,MANCHESTER,BIARRITZ,0,0,0,170,170,0,-100
16/04/2021 17:17,2020,1,WESTERN EUROPE-EU,FRANCE,2,MANCHESTER,BORDEAUX,17030,17030,0,51539,51539,0,-66.95706
16/04/2021 17:17,2020,1,WESTERN EUROPE-EU,FRANCE,2,MANCHESTER,CALVI,0,0,0,2570,0,2570,-100
16/04/2021 17:17,2020,1,WESTERN EUROPE-EU,FRANCE,2,MANCHESTER,CARCASSONNE,11717,11717,0,35478,35478,0,-66.9739
16/04/2021 17:17,2020,1,WESTERN EUROPE-EU,FRANCE,2,MANCHESTER,CHAMBERY,17890,2117,15773,29500,7142,22358,-39.35593
16/04/2021 17:17,2020,1,WESTERN EUROPE-EU,FRANCE,2,MANCHESTER,GRENOBLE,17642,17485,157,26193,26193,0,-32.64613
16/04/2021 17:17,2020,1,WESTERN EUROPE-EU,FRANCE,2,MANCHESTER,LA ROCHELLE,1148,804,344,6100,6006,94,-81.18033
16/04/2021 17:17,2020,1,WESTERN EUROPE-EU,FRANCE,2,MANCHESTER,LILLE,0,0,0,1086,0,1086,-100
16/04/2021 17:17,2020,1,WESTERN EUROPE-EU,FRANCE,2,MANCHESTER,LIMOGES,13166,13166,0,47831,47831,0,-72.47392
16/04/2021 17:17,2020,1,WESTERN EUROPE-EU,FRANCE,2,MANCHESTER,LYON,12240,10857,1383,49711,49152,559,-75.37768
16/04/2021 17:17,2020,1,WESTERN EUROPE-EU,FRANCE,2,MANCHESTER,MARSEILLE,10290,10057,233,40775,40775,0,-74.76395
16/04/2021 17:17,2020,1,WESTERN EUROPE-EU,FRANCE,2,MANCHESTER,NANTES,10449,10449,0,27630,27630,0,-62.18241
16/04/2021 17:17,2020,1,WESTERN EUROPE-EU,FRANCE,2,MANCHESTER,NICE,8999,8999,0,72155,72155,0,-87.52824
16/04/2021 17:17,2020,1,WESTERN EUROPE-EU,FRANCE,2,MANCHESTER,PARIS (CHARLES DE GAULLE),172088,171985,103,683828,683310,518,-74.83461
16/04/2021 17:17,2020,1,WESTERN EUROPE-EU,FRANCE,2,MANCHESTER,PARIS (LE BOURGET),50,0,50,0,0,0,0
16/04/2021 17:17,2020,1,WESTERN EUROPE-EU,FRANCE,2,MANCHESTER,PERPIGNAN,79,0,79,344,0,344,-77.03488
16/04/2021 17:17,2020,1,WESTERN EUROPE-EU,FRANCE,2,MANCHESTER,POITIERS,0,0,0,7064,7064,0,-100
16/04/2021 17:17,2020,1,WESTERN EUROPE-EU,FRANCE,2,MANCHESTER,RENNES,0,0,0,3036,3036,0,-100
16/04/2021 17:17,2020,1,WESTERN EUROPE-EU,FRANCE,2,MANCHESTER,RODEZ,455,455,0,0,0,0,0
16/04/2021 17:17,2020,1,WESTERN EUROPE-EU,FRANCE,2,MANCHESTER,TARBES-LOURDES INTERNATIONAL,0,0,0,2074,0,2074,-100
16/04/2021 17:17,2020,1,WESTERN EUROPE-EU,FRANCE,2,MANCHESTER,TOULON / HYERES,91,0,91,0,0,0,0
16/04/2021 17:17,2020,1,WESTERN EUROPE-EU,FRANCE,2,MANCHESTER,TOULOUSE (BLAGNAC),7396,0,7396,34101,28794,5307,-78.31149
16/04/2021 17:17,2020,1,WESTERN EUROPE-EU,FRANCE,2,NEWCASTLE,CHAMBERY,178,0,178,0,0,0,0
16/04/2021 17:17,2020,1,WESTERN EUROPE-EU,FRANCE,2,NEWCASTLE,CLERMONT FERRAND,0,0,0,688,0,688,-100
16/04/2021 17:17,2020,1,WESTERN EUROPE-EU,FRANCE,2,NEWCASTLE,GRENOBLE,3796,3796,0,4857,4857,0,-21.84476
16/04/2021 17:17,2020,1,WESTERN EUROPE-EU,FRANCE,2,NEWCASTLE,LA ROCHELLE,0,0,0,740,0,740,-100
16/04/2021 17:17,2020,1,WESTERN EUROPE-EU,FRANCE,2,NEWCASTLE,LYON,136,0,136,0,0,0,0
16/04/2021 17:17,2020,1,WESTERN EUROPE-EU,FRANCE,2,NEWCASTLE,MARSEILLE,0,0,0,60,0,60,-100
16/04/2021 17:17,2020,1,WESTERN EUROPE-EU,FRANCE,2,NEWCASTLE,MONTPELLIER,0,0,0,287,0,287,-100
16/04/2021 17:17,2020,1,WESTERN EUROPE-EU,FRANCE,2,NEWCASTLE,NICE,1236,1236,0,27108,27108,0,-95.44046
16/04/2021 17:17,2020,1,WESTERN EUROPE-EU,FRANCE,2,NEWCASTLE,PARIS (CHARLES DE GAULLE),35834,35746,88,165599,165508,91,-78.36098
16/04/2021 17:17,2020,1,WESTERN EUROPE-EU,FRANCE,2,NEWCASTLE,TARBES-LOURDES INTERNATIONAL,0,0,0,912,360,552,-100
16/04/2021 17:17,2020,1,WESTERN EUROPE-EU,FRANCE,2,NEWCASTLE,TOULON / HYERES,0,0,0,138,0,138,-100
16/04/2021 17:17,2020,1,WESTERN EUROPE-EU,FRANCE,2,NEWCASTLE,TOULOUSE (BLAGNAC),38,0,38,0,0,0,0
16/04/2021 17:17,2020,1,WESTERN EUROPE-EU,FRANCE,2,NEWQUAY,PARIS (CHARLES DE GAULLE),0,0,0,54,54,0,-100
16/04/2021 17:17,2020,1,WESTERN EUROPE-EU,FRANCE,2,NORWICH,TOULOUSE (BLAGNAC),0,0,0,32,0,32,-100
16/04/2021 17:17,2020,1,WESTERN EUROPE-EU,FRANCE,2,PRESTWICK,BEZIERS,0,0,0,187,0,187,-100
16/04/2021 17:17,2020,1,WESTERN EUROPE-EU,FRANCE,2,PRESTWICK,TARBES-LOURDES INTERNATIONAL,0,0,0,287,0,287,-100
16/04/2021 17:17,2020,1,WESTERN EUROPE-EU,FRANCE,2,SOUTHAMPTON,AVIGNON,0,0,0,2192,2192,0,-100
16/04/2021 17:17,2020,1,WESTERN EUROPE-EU,FRANCE,2,SOUTHAMPTON,BASTIA,0,0,0,1704,1704,0,-100
16/04/2021 17:17,2020,1,WESTERN EUROPE-EU,FRANCE,2,SOUTHAMPTON,BERGERAC,948,948,0,32926,32926,0,-97.12082
16/04/2021 17:17,2020,1,WESTERN EUROPE-EU,FRANCE,2,SOUTHAMPTON,BIARRITZ,0,0,0,1592,1592,0,-100
16/04/2021 17:17,2020,1,WESTERN EUROPE-EU,FRANCE,2,SOUTHAMPTON,BORDEAUX,0,0,0,6432,6432,0,-100
16/04/2021 17:17,2020,1,WESTERN EUROPE-EU,FRANCE,2,SOUTHAMPTON,BREST,0,0,0,1099,1099,0,-100
16/04/2021 17:17,2020,1,WESTERN EUROPE-EU,FRANCE,2,SOUTHAMPTON,CHAMBERY,1925,1925,0,8079,4614,3465,-76.17279
16/04/2021 17:17,2020,1,WESTERN EUROPE-EU,FRANCE,2,SOUTHAMPTON,LA ROCHELLE,0,0,0,9537,9537,0,-100
16/04/2021 17:17,2020,1,WESTERN EUROPE-EU,FRANCE,2,SOUTHAMPTON,LIMOGES,107,107,0,7366,7366,0,-98.54738
16/04/2021 17:17,2020,1,WESTERN EUROPE-EU,FRANCE,2,SOUTHAMPTON,LYON,0,0,0,91,91,0,-100
16/04/2021 17:17,2020,1,WESTERN EUROPE-EU,FRANCE,2,SOUTHAMPTON,NANTES,0,0,0,13117,13117,0,-100
16/04/2021 17:17,2020,1,WESTERN EUROPE-EU,FRANCE,2,SOUTHAMPTON,PARIS (CHARLES DE GAULLE),12165,12165,0,76925,76925,0,-84.1859
16/04/2021 17:17,2020,1,WESTERN EUROPE-EU,FRANCE,2,SOUTHAMPTON,PERPIGNAN,0,0,0,1713,1713,0,-100
16/04/2021 17:17,2020,1,WESTERN EUROPE-EU,FRANCE,2,SOUTHAMPTON,RENNES,0,0,0,9372,9372,0,-100
16/04/2021 17:17,2020,1,WESTERN EUROPE-EU,FRANCE,2,SOUTHAMPTON,TOULON / HYERES,0,0,0,2144,2144,0,-100
16/04/2021 17:17,2020,1,WESTERN EUROPE-EU,FRANCE,2,SOUTHAMPTON,TOULOUSE (BLAGNAC),15,0,15,63,63,0,-76.19048
16/04/2021 17:17,2020,1,WESTERN EUROPE-EU,FRANCE,2,TEESSIDE INTERNATIONAL AIRPORT,ST ETIENNE,0,0,0,45,0,45,-100
16/04/2021 17:17,2020,1,WESTERN EUROPE-EU,FRANCE,2,TEESSIDE INTERNATIONAL AIRPORT,TARBES-LOURDES INTERNATIONAL,0,0,0,747,0,747,-100
16/04/2021 17:17,2020,1,WESTERN EUROPE-EU,GERMANY,1,GATWICK,BERLIN (TEGEL),75616,75616,0,279145,279145,0,-72.91157
16/04/2021 17:17,2020,1,WESTERN EUROPE-EU,GERMANY,1,GATWICK,BERLIN BRANDENBURG,38638,38638,0,201998,201613,385,-80.87209
16/04/2021 17:17,2020,1,WESTERN EUROPE-EU,GERMANY,1,GATWICK,COLOGNE BONN,9218,8463,755,20633,20471,162,-55.324
16/04/2021 17:17,2020,1,WESTERN EUROPE-EU,GERMANY,1,GATWICK,DUSSELDORF,36272,36272,0,129755,129698,57,-72.04578
16/04/2021 17:17,2020,1,WESTERN EUROPE-EU,GERMANY,1,GATWICK,FRANKFURT MAIN,100,0,100,109,0,109,-8.25688
16/04/2021 17:17,2020,1,WESTERN EUROPE-EU,GERMANY,1,GATWICK,FRIEDRICHSHAFEN,14622,6940,7682,25389,14834,10555,-42.40813
16/04/2021 17:17,2020,1,WESTERN EUROPE-EU,GERMANY,1,GATWICK,HAMBURG,33445,33369,76,175124,175118,6,-80.9021
16/04/2021 17:17,2020,1,WESTERN EUROPE-EU,GERMANY,1,GATWICK,HANOVER,384,0,384,0,0,0,0
16/04/2021 17:17,2020,1,WESTERN EUROPE-EU,GERMANY,1,GATWICK,LEIPZIG,61,0,61,0,0,0,0
16/04/2021 17:17,2020,1,WESTERN EUROPE-EU,GERMANY,1,GATWICK,MUNICH,50403,50177,226,256926,256250,676,-80.38229
16/04/2021 17:17,2020,1,WESTERN EUROPE-EU,GERMANY,1,GATWICK,NUREMBERG,1091,1091,0,6219,6219,0,-82.45699
16/04/2021 17:17,2020,1,WESTERN EUROPE-EU,GERMANY,1,GATWICK,STUTTGART,19079,19079,0,124923,124923,0,-84.72739
16/04/2021 17:17,2020,1,WESTERN EUROPE-EU,GERMANY,1,HEATHROW,BERLIN (TEGEL),201180,201180,0,752162,752162,0,-73.2531
16/04/2021 17:17,2020,1,WESTERN EUROPE-EU,GERMANY,1,HEATHROW,BERLIN BRANDENBURG,9721,9721,0,0,0,0,0
16/04/2021 17:17,2020,1,WESTERN EUROPE-EU,GERMANY,1,HEATHROW,COLOGNE BONN,44332,44332,0,189557,189557,0,-76.61284
16/04/2021 17:17,2020,1,WESTERN EUROPE-EU,GERMANY,1,HEATHROW,DUSSELDORF,193992,193992,0,730850,730850,0,-73.45666
16/04/2021 17:17,2020,1,WESTERN EUROPE-EU,GERMANY,1,HEATHROW,FRANKFURT MAIN,412506,412426,80,1548995,1548995,0,-73.36944
16/04/2021 17:17,2020,1,WESTERN EUROPE-EU,GERMANY,1,HEATHROW,FRIEDRICHSHAFEN,273,0,273,574,0,574,-52.43902
16/04/2021 17:17,2020,1,WESTERN EUROPE-EU,GERMANY,1,HEATHROW,HAMBURG,167148,167080,68,613188,613188,0,-72.74115
16/04/2021 17:17,2020,1,WESTERN EUROPE-EU,GERMANY,1,HEATHROW,HANOVER,37896,37896,0,176409,176409,0,-78.5181
16/04/2021 17:17,2020,1,WESTERN EUROPE-EU,GERMANY,1,HEATHROW,MUNICH,316687,316253,434,1266993,1266993,0,-75.00483
16/04/2021 17:17,2020,1,WESTERN EUROPE-EU,GERMANY,1,HEATHROW,STUTTGART,89367,89367,0,342408,342408,0,-73.90043
16/04/2021 17:17,2020,1,WESTERN EUROPE-EU,GERMANY,1,LONDON CITY,BERLIN (TEGEL),32838,32838,0,134994,134994,0,-75.67447
16/04/2021 17:17,2020,1,WESTERN EUROPE-EU,GERMANY,1,LONDON CITY,DUSSELDORF,20069,20069,0,150598,150598,0,-86.67379
16/04/2021 17:17,2020,1,WESTERN EUROPE-EU,GERMANY,1,LONDON CITY,FRANKFURT MAIN,47026,47026,0,267654,267654,0,-82.4303
16/04/2021 17:17,2020,1,WESTERN EUROPE-EU,GERMANY,1,LONDON CITY,MUNICH,20450,20400,50,107983,107864,119,-81.06183
16/04/2021 17:17,2020,1,WESTERN EUROPE-EU,GERMANY,1,LUTON,BERLIN BRANDENBURG,29010,29010,0,182850,182850,0,-84.13454
16/04/2021 17:17,2020,1,WESTERN EUROPE-EU,GERMANY,1,LUTON,DORTMUND,18017,18017,0,106914,106914,0,-83.14814
16/04/2021 17:17,2020,1,WESTERN EUROPE-EU,GERMANY,1,LUTON,DRESDEN,0,0,0,357,0,357,-100
16/04/2021 17:17,2020,1,WESTERN EUROPE-EU,GERMANY,1,LUTON,DUSSELDORF,0,0,0,18,18,0,-100
16/04/2021 17:17,2020,1,WESTERN EUROPE-EU,GERMANY,1,LUTON,FRANKFURT MAIN,0,0,0,216,216,0,-100
16/04/2021 17:17,2020,1,WESTERN EUROPE-EU,GERMANY,1,LUTON,MUNICH,11997,11997,0,82042,82042,0,-85.377
16/04/2021 17:17,2020,1,WESTERN EUROPE-EU,GERMANY,1,SOUTHEND,COLOGNE BONN,0,0,0,3988,3988,0,-100
16/04/2021 17:17,2020,1,WESTERN EUROPE-EU,GERMANY,1,SOUTHEND,DUSSELDORF,0,0,0,35,35,0,-100
16/04/2021 17:17,2020,1,WESTERN EUROPE-EU,GERMANY,1,SOUTHEND,MUNICH,0,0,0,38,38,0,-100
16/04/2021 17:17,2020,1,WESTERN EUROPE-EU,GERMANY,1,SOUTHEND,PADERBORN,0,0,0,26,26,0,-100
16/04/2021 17:17,2020,1,WESTERN EUROPE-EU,GERMANY,1,STANSTED,BERLIN (TEGEL),932,930,2,6333,6333,0,-85.28344
16/04/2021 17:17,2020,1,WESTERN EUROPE-EU,GERMANY,1,STANSTED,BERLIN BRANDENBURG,139325,139148,177,453874,453874,0,-69.30315
16/04/2021 17:17,2020,1,WESTERN EUROPE-EU,GERMANY,1,STANSTED,BREMEN,45176,45176,0,187344,187344,0,-75.88607
16/04/2021 17:17,2020,1,WESTERN EUROPE-EU,GERMANY,1,STANSTED,COLOGNE BONN,77504,77423,81,380648,380292,356,-79.63893
16/04/2021 17:17,2020,1,WESTERN EUROPE-EU,GERMANY,1,STANSTED,DORTMUND,36167,36167,0,117708,117443,265,-69.27397
16/04/2021 17:17,2020,1,WESTERN EUROPE-EU,GERMANY,1,STANSTED,DRESDEN,14338,14338,0,8578,8433,145,67.14852
16/04/2021 17:17,2020,1,WESTERN EUROPE-EU,GERMANY,1,STANSTED,DUSSELDORF,8713,8713,0,0,0,0,0
16/04/2021 17:17,2020,1,WESTERN EUROPE-EU,GERMANY,1,STANSTED,FRANKFURT MAIN,87804,87804,0,254807,254345,462,-65.54098
16/04/2021 17:17,2020,1,WESTERN EUROPE-EU,GERMANY,1,STANSTED,FRIEDRICHSHAFEN,2022,2022,0,486,486,0,316.04938
16/04/2021 17:17,2020,1,WESTERN EUROPE-EU,GERMANY,1,STANSTED,HAHN,0,0,0,18936,18857,79,-100
16/04/2021 17:17,2020,1,WESTERN EUROPE-EU,GERMANY,1,STANSTED,HAMBURG,34409,34409,0,191584,191584,0,-82.03973
16/04/2021 17:17,2020,1,WESTERN EUROPE-EU,GERMANY,1,STANSTED,HANOVER,1002,0,1002,17127,16900,227,-94.14959
16/04/2021 17:17,2020,1,WESTERN EUROPE-EU,GERMANY,1,STANSTED,KARLSRUHE/BADEN BADEN,33799,33799,0,121023,121023,0,-72.07225
16/04/2021 17:17,2020,1,WESTERN EUROPE-EU,GERMANY,1,STANSTED,LEIPZIG,747,0,747,11090,11090,0,-93.2642
16/04/2021 17:17,2020,1,WESTERN EUROPE-EU,GERMANY,1,STANSTED,MEMMINGEN ALLGAU,25137,25137,0,79279,79279,0,-68.29299
16/04/2021 17:17,2020,1,WESTERN EUROPE-EU,GERMANY,1,STANSTED,MUNICH,12605,12499,106,122831,121395,1436,-89.73793
16/04/2021 17:17,2020,1,WESTERN EUROPE-EU,GERMANY,1,STANSTED,MUNSTER-OSNABRUCK,0,0,0,333,0,333,-100
16/04/2021 17:17,2020,1,WESTERN EUROPE-EU,GERMANY,1,STANSTED,NIEDERRHEIN,0,0,0,27100,27100,0,-100
16/04/2021 17:17,2020,1,WESTERN EUROPE-EU,GERMANY,1,STANSTED,NUREMBERG,33622,33622,0,192972,192972,0,-82.57675
16/04/2021 17:17,2020,1,WESTERN EUROPE-EU,GERMANY,1,STANSTED,STUTTGART,0,0,0,187,187,0,-100
16/04/2021 17:17,2020,1,WESTERN EUROPE-EU,GERMANY,2,BELFAST CITY (GEORGE BEST),FRANKFURT MAIN,0,0,0,4,0,4,-100
16/04/2021 17:17,2020,1,WESTERN EUROPE-EU,GERMANY,2,BELFAST INTERNATIONAL,BERLIN BRANDENBURG,0,0,0,29609,29609,0,-100
16/04/2021 17:17,2020,1,WESTERN EUROPE-EU,GERMANY,2,BELFAST INTERNATIONAL,COLOGNE BONN,0,0,0,345,292,53,-100
16/04/2021 17:17,2020,1,WESTERN EUROPE-EU,GERMANY,2,BELFAST INTERNATIONAL,FRANKFURT MAIN,0,0,0,186,0,186,-100
16/04/2021 17:17,2020,1,WESTERN EUROPE-EU,GERMANY,2,BELFAST INTERNATIONAL,HAHN,0,0,0,98,0,98,-100
16/04/2021 17:17,2020,1,WESTERN EUROPE-EU,GERMANY,2,BELFAST INTERNATIONAL,HAMBURG,0,0,0,42,0,42,-100
16/04/2021 17:17,2020,1,WESTERN EUROPE-EU,GERMANY,2,BELFAST INTERNATIONAL,INGOLSTADT-MANCHING,0,0,0,41,0,41,-100
16/04/2021 17:17,2020,1,WESTERN EUROPE-EU,GERMANY,2,BELFAST INTERNATIONAL,MEMMINGEN ALLGAU,155,0,155,50,0,50,210
16/04/2021 17:17,2020,1,WESTERN EUROPE-EU,GERMANY,2,BELFAST INTERNATIONAL,MUNICH,0,0,0,128,0,128,-100
16/04/2021 17:17,2020,1,WESTERN EUROPE-EU,GERMANY,2,BIGGIN HILL,BERLIN BRANDENBURG,2,0,2,7,0,7,-71.42857
16/04/2021 17:17,2020,1,WESTERN EUROPE-EU,GERMANY,2,BIGGIN HILL,MUNICH,10,0,10,0,0,0,0
16/04/2021 17:17,2020,1,WESTERN EUROPE-EU,GERMANY,2,BIGGIN HILL,NUREMBERG,1,0,1,0,0,0,0
16/04/2021 17:17,2020,1,WESTERN EUROPE-EU,GERMANY,2,BIGGIN HILL,STUTTGART,2,0,2,0,0,0,0
16/04/2021 17:17,2020,1,WESTERN EUROPE-EU,GERMANY,2,BIRMINGHAM,BERLIN (TEGEL),1823,1823,0,44041,44041,0,-95.86068
16/04/2021 17:17,2020,1,WESTERN EUROPE-EU,GERMANY,2,BIRMINGHAM,BERLIN BRANDENBURG,0,0,0,23,0,23,-100
16/04/2021 17:17,2020,1,WESTERN EUROPE-EU,GERMANY,2,BIRMINGHAM,COLOGNE BONN,0,0,0,35,35,0,-100
16/04/2021 17:17,2020,1,WESTERN EUROPE-EU,GERMANY,2,BIRMINGHAM,DORTMUND,0,0,0,92,0,92,-100
16/04/2021 17:17,2020,1,WESTERN EUROPE-EU,GERMANY,2,BIRMINGHAM,DRESDEN,0,0,0,381,0,381,-100
16/04/2021 17:17,2020,1,WESTERN EUROPE-EU,GERMANY,2,BIRMINGHAM,DUSSELDORF,67170,67170,0,278882,278882,0,-75.91454
16/04/2021 17:17,2020,1,WESTERN EUROPE-EU,GERMANY,2,BIRMINGHAM,FRANKFURT MAIN,82923,82923,0,317192,317192,0,-73.85716
16/04/2021 17:17,2020,1,WESTERN EUROPE-EU,GERMANY,2,BIRMINGHAM,FRIEDRICHSHAFEN,178,178,0,0,0,0,0
16/04/2021 17:17,2020,1,WESTERN EUROPE-EU,GERMANY,2,BIRMINGHAM,HAMBURG,0,0,0,24139,24139,0,-100
16/04/2021 17:17,2020,1,WESTERN EUROPE-EU,GERMANY,2,BIRMINGHAM,HANOVER,575,0,575,21327,20995,332,-97.30389
16/04/2021 17:17,2020,1,WESTERN EUROPE-EU,GERMANY,2,BIRMINGHAM,MUNICH,43705,43705,0,210545,209360,1185,-79.24197
16/04/2021 17:17,2020,1,WESTERN EUROPE-EU,GERMANY,2,BIRMINGHAM,NIEDERRHEIN,0,0,0,8,8,0,-100
16/04/2021 17:17,2020,1,WESTERN EUROPE-EU,GERMANY,2,BIRMINGHAM,STUTTGART,8452,8452,0,67177,67177,0,-87.41831
16/04/2021 17:17,2020,1,WESTERN EUROPE-EU,GERMANY,2,BOURNEMOUTH,DUSSELDORF,0,0,0,88,0,88,-100
16/04/2021 17:17,2020,1,WESTERN EUROPE-EU,GERMANY,2,BRISTOL,BERLIN BRANDENBURG,23762,23762,0,98583,98583,0,-75.89645
16/04/2021 17:17,2020,1,WESTERN EUROPE-EU,GERMANY,2,BRISTOL,COLOGNE BONN,15964,15964,0,61792,61792,0,-74.16494
16/04/2021 17:17,2020,1,WESTERN EUROPE-EU,GERMANY,2,BRISTOL,DUSSELDORF,0,0,0,1686,1686,0,-100
16/04/2021 17:17,2020,1,WESTERN EUROPE-EU,GERMANY,2,BRISTOL,FRANKFURT MAIN,0,0,0,5453,5453,0,-100
16/04/2021 17:17,2020,1,WESTERN EUROPE-EU,GERMANY,2,BRISTOL,HAMBURG,0,0,0,1070,1070,0,-100
16/04/2021 17:17,2020,1,WESTERN EUROPE-EU,GERMANY,2,BRISTOL,MUNICH,0,0,0,4561,4483,78,-100
16/04/2021 17:17,2020,1,WESTERN EUROPE-EU,GERMANY,2,CARDIFF WALES,BERLIN (TEGEL),0,0,0,1829,1829,0,-100
16/04/2021 17:17,2020,1,WESTERN EUROPE-EU,GERMANY,2,CARDIFF WALES,BERLIN BRANDENBURG,0,0,0,155,155,0,-100
16/04/2021 17:17,2020,1,WESTERN EUROPE-EU,GERMANY,2,CARDIFF WALES,DUSSELDORF,91,91,0,30,30,0,203.33333
16/04/2021 17:17,2020,1,WESTERN EUROPE-EU,GERMANY,2,CARDIFF WALES,MUNICH,0,0,0,9578,9541,37,-100
16/04/2021 17:17,2020,1,WESTERN EUROPE-EU,GERMANY,2,DONCASTER SHEFFIELD,DUSSELDORF,0,0,0,59,59,0,-100
16/04/2021 17:17,2020,1,WESTERN EUROPE-EU,GERMANY,2,DONCASTER SHEFFIELD,KARLSRUHE/BADEN BADEN,22,0,22,0,0,0,0
16/04/2021 17:17,2020,1,WESTERN EUROPE-EU,GERMANY,2,DUNDEE,MUNSTER-OSNABRUCK,25,0,25,0,0,0,0
16/04/2021 17:17,2020,1,WESTERN EUROPE-EU,GERMANY,2,EAST MIDLANDS INTERNATIONAL,BERLIN BRANDENBURG,15176,15176,0,36651,36482,169,-58.59322
16/04/2021 17:17,2020,1,WESTERN EUROPE-EU,GERMANY,2,EAST MIDLANDS INTERNATIONAL,COLOGNE BONN,0,0,0,159,0,159,-100
16/04/2021 17:17,2020,1,WESTERN EUROPE-EU,GERMANY,2,EAST MIDLANDS INTERNATIONAL,DUSSELDORF,0,0,0,7,7,0,-100
16/04/2021 17:17,2020,1,WESTERN EUROPE-EU,GERMANY,2,EAST MIDLANDS INTERNATIONAL,MUNICH,0,0,0,112,0,112,-100
16/04/2021 17:17,2020,1,WESTERN EUROPE-EU,GERMANY,2,EDINBURGH,BERLIN (TEGEL),20726,20726,0,106054,106054,0,-80.45713
16/04/2021 17:17,2020,1,WESTERN EUROPE-EU,GERMANY,2,EDINBURGH,BERLIN BRANDENBURG,34641,34641,0,102670,102670,0,-66.25986
16/04/2021 17:17,2020,1,WESTERN EUROPE-EU,GERMANY,2,EDINBURGH,COLOGNE BONN,5776,5776,0,59798,59798,0,-90.34081
16/04/2021 17:17,2020,1,WESTERN EUROPE-EU,GERMANY,2,EDINBURGH,DUSSELDORF,2893,2893,0,40447,40447,0,-92.84743
16/04/2021 17:17,2020,1,WESTERN EUROPE-EU,GERMANY,2,EDINBURGH,FRANKFURT MAIN,35546,35546,0,196967,196967,0,-81.95332
16/04/2021 17:17,2020,1,WESTERN EUROPE-EU,GERMANY,2,EDINBURGH,HAMBURG,18864,18864,0,126534,126534,0,-85.09175
16/04/2021 17:17,2020,1,WESTERN EUROPE-EU,GERMANY,2,EDINBURGH,KARLSRUHE/BADEN BADEN,4605,4605,0,20939,20939,0,-78.00755
16/04/2021 17:17,2020,1,WESTERN EUROPE-EU,GERMANY,2,EDINBURGH,MEMMINGEN ALLGAU,2798,2798,0,24986,24986,0,-88.80173
16/04/2021 17:17,2020,1,WESTERN EUROPE-EU,GERMANY,2,EDINBURGH,MUNICH,30434,30434,0,175005,175005,0,-82.60964
16/04/2021 17:17,2020,1,WESTERN EUROPE-EU,GERMANY,2,EDINBURGH,NIEDERRHEIN,6007,6007,0,32602,32602,0,-81.57475
16/04/2021 17:17,2020,1,WESTERN EUROPE-EU,GERMANY,2,EDINBURGH,NUREMBERG,0,0,0,349,349,0,-100
16/04/2021 17:17,2020,1,WESTERN EUROPE-EU,GERMANY,2,EDINBURGH,STUTTGART,0,0,0,18966,18966,0,-100
16/04/2021 17:17,2020,1,WESTERN EUROPE-EU,GERMANY,2,EXETER,HAMBURG,0,0,0,71,71,0,-100
16/04/2021 17:17,2020,1,WESTERN EUROPE-EU,GERMANY,2,EXETER,HANOVER,312,0,312,0,0,0,0
16/04/2021 17:17,2020,1,WESTERN EUROPE-EU,GERMANY,2,GLASGOW,BERLIN (TEGEL),0,0,0,161,161,0,-100
16/04/2021 17:17,2020,1,WESTERN EUROPE-EU,GERMANY,2,GLASGOW,BERLIN BRANDENBURG,11744,11744,0,84749,84749,0,-86.14261
16/04/2021 17:17,2020,1,WESTERN EUROPE-EU,GERMANY,2,GLASGOW,COLOGNE BONN,539,225,314,0,0,0,0
16/04/2021 17:17,2020,1,WESTERN EUROPE-EU,GERMANY,2,GLASGOW,DUSSELDORF,1195,1195,0,28485,28485,0,-95.80481
16/04/2021 17:17,2020,1,WESTERN EUROPE-EU,GERMANY,2,GLASGOW,FRANKFURT MAIN,16251,16238,13,94124,94124,0,-82.73448
16/04/2021 17:17,2020,1,WESTERN EUROPE-EU,GERMANY,2,GLASGOW,MUNICH,0,0,0,46694,46694,0,-100
16/04/2021 17:17,2020,1,WESTERN EUROPE-EU,GERMANY,2,GUERNSEY,BERLIN BRANDENBURG,0,0,0,101,0,101,-100
16/04/2021 17:17,2020,1,WESTERN EUROPE-EU,GERMANY,2,GUERNSEY,DUSSELDORF,0,0,0,2854,2854,0,-100
16/04/2021 17:17,2020,1,WESTERN EUROPE-EU,GERMANY,2,HUMBERSIDE,BERLIN (TEGEL),0,0,0,147,0,147,-100
16/04/2021 17:17,2020,1,WESTERN EUROPE-EU,GERMANY,2,HUMBERSIDE,BONN (HANGALAR),0,0,0,86,0,86,-100
16/04/2021 17:17,2020,1,WESTERN EUROPE-EU,GERMANY,2,JERSEY,BERLIN BRANDENBURG,0,0,0,125,50,75,-100
16/04/2021 17:17,2020,1,WESTERN EUROPE-EU,GERMANY,2,JERSEY,BRAUNSCHWEIG,0,0,0,70,19,51,-100
16/04/2021 17:17,2020,1,WESTERN EUROPE-EU,GERMANY,2,JERSEY,BREMEN,0,0,0,211,0,211,-100
16/04/2021 17:17,2020,1,WESTERN EUROPE-EU,GERMANY,2,JERSEY,COLOGNE BONN,0,0,0,103,0,103,-100
16/04/2021 17:17,2020,1,WESTERN EUROPE-EU,GERMANY,2,JERSEY,DORTMUND,0,0,0,87,0,87,-100
16/04/2021 17:17,2020,1,WESTERN EUROPE-EU,GERMANY,2,JERSEY,DRESDEN,0,0,0,134,0,134,-100
16/04/2021 17:17,2020,1,WESTERN EUROPE-EU,GERMANY,2,JERSEY,DUSSELDORF,0,0,0,5187,4449,738,-100
16/04/2021 17:17,2020,1,WESTERN EUROPE-EU,GERMANY,2,JERSEY,ERFURT,0,0,0,97,0,97,-100
16/04/2021 17:17,2020,1,WESTERN EUROPE-EU,GERMANY,2,JERSEY,FRANKFURT MAIN,0,0,0,197,0,197,-100
16/04/2021 17:17,2020,1,WESTERN EUROPE-EU,GERMANY,2,JERSEY,FRIEDRICHSHAFEN,0,0,0,161,0,161,-100
16/04/2021 17:17,2020,1,WESTERN EUROPE-EU,GERMANY,2,JERSEY,HAMBURG,0,0,0,130,0,130,-100
16/04/2021 17:17,2020,1,WESTERN EUROPE-EU,GERMANY,2,JERSEY,HANOVER,0,0,0,157,0,157,-100
16/04/2021 17:17,2020,1,WESTERN EUROPE-EU,GERMANY,2,JERSEY,KASSEL,0,0,0,79,0,79,-100
16/04/2021 17:17,2020,1,WESTERN EUROPE-EU,GERMANY,2,JERSEY,LEIPZIG,0,0,0,119,0,119,-100
16/04/2021 17:17,2020,1,WESTERN EUROPE-EU,GERMANY,2,JERSEY,MEMMINGEN ALLGAU,0,0,0,61,0,61,-100
16/04/2021 17:17,2020,1,WESTERN EUROPE-EU,GERMANY,2,JERSEY,MUNICH,0,0,0,6645,6556,89,-100
16/04/2021 17:17,2020,1,WESTERN EUROPE-EU,GERMANY,2,JERSEY,MUNSTER-OSNABRUCK,0,0,0,67,0,67,-100
16/04/2021 17:17,2020,1,WESTERN EUROPE-EU,GERMANY,2,JERSEY,PADERBORN,0,0,0,106,30,76,-100
16/04/2021 17:17,2020,1,WESTERN EUROPE-EU,GERMANY,2,JERSEY,ROSTOCK-LAAGE,0,0,0,190,0,190,-100
16/04/2021 17:17,2020,1,WESTERN EUROPE-EU,GERMANY,2,JERSEY,SAARBRUCKEN,0,0,0,148,0,148,-100
16/04/2021 17:17,2020,1,WESTERN EUROPE-EU,GERMANY,2,JERSEY,STUTTGART,0,0,0,126,0,126,-100
16/04/2021 17:17,2020,1,WESTERN EUROPE-EU,GERMANY,2,LEEDS BRADFORD,BERLIN BRANDENBURG,0,0,0,575,575,0,-100
16/04/2021 17:17,2020,1,WESTERN EUROPE-EU,GERMANY,2,LEEDS BRADFORD,COLOGNE BONN,0,0,0,375,375,0,-100
16/04/2021 17:17,2020,1,WESTERN EUROPE-EU,GERMANY,2,LEEDS BRADFORD,DUSSELDORF,0,0,0,26161,26161,0,-100
16/04/2021 17:17,2020,1,WESTERN EUROPE-EU,GERMANY,2,LEEDS BRADFORD,NUREMBERG,0,0,0,296,296,0,-100
16/04/2021 17:17,2020,1,WESTERN EUROPE-EU,GERMANY,2,LIVERPOOL (JOHN LENNON),BERLIN BRANDENBURG,10470,10470,0,61772,61772,0,-83.05057
16/04/2021 17:17,2020,1,WESTERN EUROPE-EU,GERMANY,2,LIVERPOOL (JOHN LENNON),BRAUNSCHWEIG,70,0,70,0,0,0,0
16/04/2021 17:17,2020,1,WESTERN EUROPE-EU,GERMANY,2,LIVERPOOL (JOHN LENNON),BREMEN,0,0,0,96,0,96,-100
16/04/2021 17:17,2020,1,WESTERN EUROPE-EU,GERMANY,2,LIVERPOOL (JOHN LENNON),FRANKFURT MAIN,0,0,0,122,0,122,-100
16/04/2021 17:17,2020,1,WESTERN EUROPE-EU,GERMANY,2,LIVERPOOL (JOHN LENNON),MUNICH,0,0,0,1020,0,1020,-100
16/04/2021 17:17,2020,1,WESTERN EUROPE-EU,GERMANY,2,MANCHESTER,BERLIN (TEGEL),37364,37364,0,161604,161604,0,-76.87929
16/04/2021 17:17,2020,1,WESTERN EUROPE-EU,GERMANY,2,MANCHESTER,BERLIN BRANDENBURG,58792,58792,0,182670,182670,0,-67.81519
16/04/2021 17:17,2020,1,WESTERN EUROPE-EU,GERMANY,2,MANCHESTER,BREMEN,0,0,0,88,88,0,-100
16/04/2021 17:17,2020,1,WESTERN EUROPE-EU,GERMANY,2,MANCHESTER,COLOGNE BONN,29527,29389,138,101310,100555,755,-70.8548
16/04/2021 17:17,2020,1,WESTERN EUROPE-EU,GERMANY,2,MANCHESTER,DRESDEN,0,0,0,691,0,691,-100
16/04/2021 17:17,2020,1,WESTERN EUROPE-EU,GERMANY,2,MANCHESTER,DUSSELDORF,74486,74486,0,319719,319568,151,-76.70267
16/04/2021 17:17,2020,1,WESTERN EUROPE-EU,GERMANY,2,MANCHESTER,FRANKFURT MAIN,129064,129064,0,509892,509892,0,-74.68797
16/04/2021 17:17,2020,1,WESTERN EUROPE-EU,GERMANY,2,MANCHESTER,HAHN,0,0,0,40,40,0,-100
16/04/2021 17:17,2020,1,WESTERN EUROPE-EU,GERMANY,2,MANCHESTER,HAMBURG,29471,29471,0,201402,201402,0,-85.36708
16/04/2021 17:17,2020,1,WESTERN EUROPE-EU,GERMANY,2,MANCHESTER,HANOVER,5640,4362,1278,27790,27543,247,-79.70493
16/04/2021 17:17,2020,1,WESTERN EUROPE-EU,GERMANY,2,MANCHESTER,LEIPZIG,201,0,201,45,0,45,346.66667
16/04/2021 17:17,2020,1,WESTERN EUROPE-EU,GERMANY,2,MANCHESTER,MUNICH,80591,80453,138,357216,354898,2318,-77.43914
16/04/2021 17:17,2020,1,WESTERN EUROPE-EU,GERMANY,2,MANCHESTER,MUNSTER-OSNABRUCK,0,0,0,360,0,360,-100
16/04/2021 17:17,2020,1,WESTERN EUROPE-EU,GERMANY,2,MANCHESTER,NUREMBERG,0,0,0,18806,18806,0,-100
16/04/2021 17:17,2020,1,WESTERN EUROPE-EU,GERMANY,2,MANCHESTER,STUTTGART,0,0,0,15389,15389,0,-100
16/04/2021 17:17,2020,1,WESTERN EUROPE-EU,GERMANY,2,NEWCASTLE,BERLIN BRANDENBURG,0,0,0,7414,7414,0,-100
16/04/2021 17:17,2020,1,WESTERN EUROPE-EU,GERMANY,2,NEWCASTLE,COLOGNE BONN,0,0,0,362,362,0,-100
16/04/2021 17:17,2020,1,WESTERN EUROPE-EU,GERMANY,2,NEWCASTLE,DUSSELDORF,9547,9547,0,42254,42254,0,-77.40569
16/04/2021 17:17,2020,1,WESTERN EUROPE-EU,GERMANY,2,NEWCASTLE,MEMMINGEN ALLGAU,0,0,0,328,0,328,-100
16/04/2021 17:17,2020,1,WESTERN EUROPE-EU,GERMANY,2,NEWCASTLE,MUNICH,4981,4889,92,0,0,0,0
16/04/2021 17:17,2020,1,WESTERN EUROPE-EU,GERMANY,2,NEWCASTLE,NUREMBERG,0,0,0,369,369,0,-100
16/04/2021 17:17,2020,1,WESTERN EUROPE-EU,GERMANY,2,NEWQUAY,DUSSELDORF,0,0,0,4244,4244,0,-100
16/04/2021 17:17,2020,1,WESTERN EUROPE-EU,GERMANY,2,NEWQUAY,STUTTGART,0,0,0,1979,1979,0,-100
16/04/2021 17:17,2020,1,WESTERN EUROPE-EU,GERMANY,2,NORWICH,DORTMUND,0,0,0,62,0,62,-100
16/04/2021 17:17,2020,1,WESTERN EUROPE-EU,GERMANY,2,NORWICH,PADERBORN,90,0,90,0,0,0,0
16/04/2021 17:17,2020,1,WESTERN EUROPE-EU,GERMANY,2,OXFORD (KIDLINGTON),COLOGNE BONN,130,130,0,0,0,0,0
16/04/2021 17:17,2020,1,WESTERN EUROPE-EU,GERMANY,2,PRESTWICK,DUSSELDORF,0,0,0,15,0,15,-100
16/04/2021 17:17,2020,1,WESTERN EUROPE-EU,GERMANY,2,SOUTHAMPTON,DUSSELDORF,0,0,0,24716,24716,0,-100
16/04/2021 17:17,2020,1,WESTERN EUROPE-EU,GERMANY,2,SOUTHAMPTON,HAMBURG,0,0,0,26,26,0,-100
16/04/2021 17:17,2020,1,WESTERN EUROPE-EU,GERMANY,2,SOUTHAMPTON,MUNICH,0,0,0,65,65,0,-100
16/04/2021 17:17,2020,1,WESTERN EUROPE-EU,GERMANY,2,SUMBURGH,NUREMBERG,1,0,1,0,0,0,0
16/04/2021 17:17,2020,1,WESTERN EUROPE-EU,GERMANY,2,TEESSIDE INTERNATIONAL AIRPORT,STUTTGART,0,0,0,60,0,60,-100
16/04/2021 17:17,2020,1,WESTERN EUROPE-EU,GIBRALTAR,1,GATWICK,GIBRALTAR,45779,45779,0,193394,193394,0,-76.32863
16/04/2021 17:17,2020,1,WESTERN EUROPE-EU,GIBRALTAR,1,HEATHROW,GIBRALTAR,87632,87216,416,162975,162975,0,-46.22979
16/04/2021 17:17,2020,1,WESTERN EUROPE-EU,GIBRALTAR,1,LUTON,GIBRALTAR,6979,6979,0,25609,25609,0,-72.74786
16/04/2021 17:17,2020,1,WESTERN EUROPE-EU,GIBRALTAR,1,SOUTHEND,GIBRALTAR,70,70,0,0,0,0,0
16/04/2021 17:17,2020,1,WESTERN EUROPE-EU,GIBRALTAR,1,STANSTED,GIBRALTAR,69,0,69,72,0,72,-4.16667
16/04/2021 17:17,2020,1,WESTERN EUROPE-EU,GIBRALTAR,2,BRISTOL,GIBRALTAR,17325,17325,0,49986,49986,0,-65.3403
16/04/2021 17:17,2020,1,WESTERN EUROPE-EU,GIBRALTAR,2,CARDIFF WALES,GIBRALTAR,0,0,0,58,0,58,-100
16/04/2021 17:17,2020,1,WESTERN EUROPE-EU,GIBRALTAR,2,GLASGOW,GIBRALTAR,107,0,107,172,0,172,-37.7907
16/04/2021 17:17,2020,1,WESTERN EUROPE-EU,GIBRALTAR,2,GUERNSEY,GIBRALTAR,0,0,0,309,0,309,-100
16/04/2021 17:17,2020,1,WESTERN EUROPE-EU,GIBRALTAR,2,JERSEY,GIBRALTAR,0,0,0,411,0,411,-100
16/04/2021 17:17,2020,1,WESTERN EUROPE-EU,GIBRALTAR,2,MANCHESTER,GIBRALTAR,24796,24796,0,51046,51046,0,-51.42421
16/04/2021 17:17,2020,1,WESTERN EUROPE-EU,GREECE,1,GATWICK,ATHENS,71482,71298,184,225636,225571,65,-68.31977
16/04/2021 17:17,2020,1,WESTERN EUROPE-EU,GREECE,1,GATWICK,CHANIA,24641,22923,1718,122304,89771,32533,-79.85266
16/04/2021 17:17,2020,1,WESTERN EUROPE-EU,GREECE,1,GATWICK,CORFU,66369,53363,13006,217565,165292,52273,-69.49463
16/04/2021 17:17,2020,1,WESTERN EUROPE-EU,GREECE,1,GATWICK,HERAKLION,42156,34183,7973,270599,222315,48284,-84.42123
16/04/2021 17:17,2020,1,WESTERN EUROPE-EU,GREECE,1,GATWICK,KALAMATA,8868,8868,0,35092,35028,64,-74.72928
16/04/2021 17:17,2020,1,WESTERN EUROPE-EU,GREECE,1,GATWICK,KAVALA,0,0,0,20559,7125,13434,-100
16/04/2021 17:17,2020,1,WESTERN EUROPE-EU,GREECE,1,GATWICK,KEFALLINIA,33321,31236,2085,121342,93428,27914,-72.5396
16/04/2021 17:17,2020,1,WESTERN EUROPE-EU,GREECE,1,GATWICK,KOS,38849,12818,26031,135315,73434,61881,-71.28995
16/04/2021 17:17,2020,1,WESTERN EUROPE-EU,GREECE,1,GATWICK,LEMNOS,2677,568,2109,2955,2819,136,-9.40778
16/04/2021 17:17,2020,1,WESTERN EUROPE-EU,GREECE,1,GATWICK,MIKONOS,24901,24901,0,96128,95778,350,-74.096
16/04/2021 17:17,2020,1,WESTERN EUROPE-EU,GREECE,1,GATWICK,MYTILINI,0,0,0,8838,8838,0,-100
16/04/2021 17:17,2020,1,WESTERN EUROPE-EU,GREECE,1,GATWICK,NEA ANCHIALOS,1346,1346,0,0,0,0,0
16/04/2021 17:17,2020,1,WESTERN EUROPE-EU,GREECE,1,GATWICK,PREVEZA,21565,18201,3364,83669,53227,30442,-74.22582
16/04/2021 17:17,2020,1,WESTERN EUROPE-EU,GREECE,1,GATWICK,RHODES,85078,52445,32633,194289,133767,60522,-56.21059
16/04/2021 17:17,2020,1,WESTERN EUROPE-EU,GREECE,1,GATWICK,SALONIKA,45398,42260,3138,186533,168858,17675,-75.66222
16/04/2021 17:17,2020,1,WESTERN EUROPE-EU,GREECE,1,GATWICK,SAMOS,0,0,0,8553,1512,7041,-100
16/04/2021 17:17,2020,1,WESTERN EUROPE-EU,GREECE,1,GATWICK,SKIATHOS,3890,0,3890,42396,24114,18282,-90.82461
16/04/2021 17:17,2020,1,WESTERN EUROPE-EU,GREECE,1,GATWICK,THIRA (SANTORINI),21912,20165,1747,115333,107261,8072,-81.0011
16/04/2021 17:17,2020,1,WESTERN EUROPE-EU,GREECE,1,GATWICK,VOLOS NEA ANCHILOS,2310,2310,0,13585,10306,3279,-82.99595
16/04/2021 17:17,2020,1,WESTERN EUROPE-EU,GREECE,1,GATWICK,ZAKINTHOS,26953,21672,5281,137263,96639,40624,-80.36397
16/04/2021 17:17,2020,1,WESTERN EUROPE-EU,GREECE,1,HEATHROW,ATHENS,287138,286550,588,748688,748688,0,-61.64784
16/04/2021 17:17,2020,1,WESTERN EUROPE-EU,GREECE,1,HEATHROW,CHANIA,14944,14944,0,21036,21036,0,-28.95988
16/04/2021 17:17,2020,1,WESTERN EUROPE-EU,GREECE,1,HEATHROW,CORFU,48748,48748,0,90653,84848,5805,-46.22572
16/04/2021 17:17,2020,1,WESTERN EUROPE-EU,GREECE,1,HEATHROW,HERAKLION,14178,14178,0,0,0,0,0
16/04/2021 17:17,2020,1,WESTERN EUROPE-EU,GREECE,1,HEATHROW,KALAMATA,7519,7519,0,25966,17484,8482,-71.0429
16/04/2021 17:17,2020,1,WESTERN EUROPE-EU,GREECE,1,HEATHROW,KEFALLINIA,6921,6921,0,16594,11172,5422,-58.29215
16/04/2021 17:17,2020,1,WESTERN EUROPE-EU,GREECE,1,HEATHROW,KOS,12066,12066,0,0,0,0,0
16/04/2021 17:17,2020,1,WESTERN EUROPE-EU,GREECE,1,HEATHROW,LEMNOS,0,0,0,15521,0,15521,-100
16/04/2021 17:17,2020,1,WESTERN EUROPE-EU,GREECE,1,HEATHROW,MIKONOS,16929,16929,0,45918,45918,0,-63.13211
16/04/2021 17:17,2020,1,WESTERN EUROPE-EU,GREECE,1,HEATHROW,PREVEZA,13479,10542,2937,30261,15007,15254,-55.45752
16/04/2021 17:17,2020,1,WESTERN EUROPE-EU,GREECE,1,HEATHROW,RHODES,15907,15907,0,9170,0,9170,73.46783
16/04/2021 17:17,2020,1,WESTERN EUROPE-EU,GREECE,1,HEATHROW,SALONIKA,18494,18437,57,0,0,0,0
16/04/2021 17:17,2020,1,WESTERN EUROPE-EU,GREECE,1,HEATHROW,THIRA (SANTORINI),18300,18300,0,45106,45106,0,-59.4289
16/04/2021 17:17,2020,1,WESTERN EUROPE-EU,GREECE,1,HEATHROW,ZAKINTHOS,4939,4939,0,9943,9943,0,-50.32686
16/04/2021 17:17,2020,1,WESTERN EUROPE-EU,GREECE,1,LONDON CITY,MIKONOS,0,0,0,14433,14433,0,-100
16/04/2021 17:17,2020,1,WESTERN EUROPE-EU,GREECE,1,LONDON CITY,SKIATHOS,0,0,0,5889,5889,0,-100
16/04/2021 17:17,2020,1,WESTERN EUROPE-EU,GREECE,1,LONDON CITY,THIRA (SANTORINI),0,0,0,3256,3256,0,-100
16/04/2021 17:17,2020,1,WESTERN EUROPE-EU,GREECE,1,LUTON,ATHENS,85034,85034,0,244994,244994,0,-65.29139
16/04/2021 17:17,2020,1,WESTERN EUROPE-EU,GREECE,1,LUTON,CORFU,33854,33854,0,65949,55944,10005,-48.66639
16/04/2021 17:17,2020,1,WESTERN EUROPE-EU,GREECE,1,LUTON,HERAKLION,20911,20911,0,33555,31394,2161,-37.68142
16/04/2021 17:17,2020,1,WESTERN EUROPE-EU,GREECE,1,LUTON,MIKONOS,4038,4038,0,19929,19929,0,-79.73807
16/04/2021 17:17,2020,1,WESTERN EUROPE-EU,GREECE,1,LUTON,RHODES,18651,18651,0,42546,20502,22044,-56.16274
16/04/2021 17:17,2020,1,WESTERN EUROPE-EU,GREECE,1,LUTON,SALONIKA,21954,21951,3,48950,40124,8826,-55.15015
16/04/2021 17:17,2020,1,WESTERN EUROPE-EU,GREECE,1,LUTON,SKIATHOS,0,0,0,6129,0,6129,-100
16/04/2021 17:17,2020,1,WESTERN EUROPE-EU,GREECE,1,LUTON,THIRA (SANTORINI),16584,16584,0,0,0,0,0
16/04/2021 17:17,2020,1,WESTERN EUROPE-EU,GREECE,1,LUTON,ZAKINTHOS,7591,7591,0,10381,0,10381,-26.87602
16/04/2021 17:17,2020,1,WESTERN EUROPE-EU,GREECE,1,SOUTHEND,CORFU,6334,6334,0,20793,20793,0,-69.53783
16/04/2021 17:17,2020,1,WESTERN EUROPE-EU,GREECE,1,STANSTED,ATHENS,52337,51315,1022,194579,193018,1561,-73.10244
16/04/2021 17:17,2020,1,WESTERN EUROPE-EU,GREECE,1,STANSTED,CHANIA,9528,9528,0,45650,45650,0,-79.12815
16/04/2021 17:17,2020,1,WESTERN EUROPE-EU,GREECE,1,STANSTED,CORFU,22690,19765,2925,89281,73706,15575,-74.58586
16/04/2021 17:17,2020,1,WESTERN EUROPE-EU,GREECE,1,STANSTED,HERAKLION,12902,11129,1773,67734,51087,16647,-80.95196
16/04/2021 17:17,2020,1,WESTERN EUROPE-EU,GREECE,1,STANSTED,KALAMATA,2221,2221,0,5855,5855,0,-62.06661
16/04/2021 17:17,2020,1,WESTERN EUROPE-EU,GREECE,1,STANSTED,KEFALLINIA,12070,12033,37,38229,30514,7715,-68.42711
16/04/2021 17:17,2020,1,WESTERN EUROPE-EU,GREECE,1,STANSTED,KOS,15413,15413,0,41632,33279,8353,-62.978
16/04/2021 17:17,2020,1,WESTERN EUROPE-EU,GREECE,1,STANSTED,MIKONOS,0,0,0,2578,2578,0,-100
16/04/2021 17:17,2020,1,WESTERN EUROPE-EU,GREECE,1,STANSTED,MYTILINI,0,0,0,73,0,73,-100
16/04/2021 17:17,2020,1,WESTERN EUROPE-EU,GREECE,1,STANSTED,PREVEZA,0,0,0,8414,5752,2662,-100
16/04/2021 17:17,2020,1,WESTERN EUROPE-EU,GREECE,1,STANSTED,RHODES,24569,17515,7054,96246,77505,18741,-74.47271
16/04/2021 17:17,2020,1,WESTERN EUROPE-EU,GREECE,1,STANSTED,SALONIKA,40861,40861,0,136253,136253,0,-70.01094
16/04/2021 17:17,2020,1,WESTERN EUROPE-EU,GREECE,1,STANSTED,SKIATHOS,5443,5443,0,7889,7889,0,-31.0052
16/04/2021 17:17,2020,1,WESTERN EUROPE-EU,GREECE,1,STANSTED,THIRA (SANTORINI),461,461,0,0,0,0,0
16/04/2021 17:17,2020,1,WESTERN EUROPE-EU,GREECE,1,STANSTED,ZAKINTHOS,9719,9719,0,73550,66246,7304,-86.78586
16/04/2021 17:17,2020,1,WESTERN EUROPE-EU,GREECE,2,ABERDEEN,CORFU,0,0,0,9053,0,9053,-100
16/04/2021 17:17,2020,1,WESTERN EUROPE-EU,GREECE,2,ABERDEEN,RHODES,0,0,0,7169,0,7169,-100
16/04/2021 17:17,2020,1,WESTERN EUROPE-EU,GREECE,2,BELFAST INTERNATIONAL,CORFU,0,0,0,7341,0,7341,-100
16/04/2021 17:17,2020,1,WESTERN EUROPE-EU,GREECE,2,BELFAST INTERNATIONAL,HERAKLION,0,0,0,9203,9203,0,-100
16/04/2021 17:17,2020,1,WESTERN EUROPE-EU,GREECE,2,BELFAST INTERNATIONAL,RHODES,0,0,0,15701,9255,6446,-100
16/04/2021 17:17,2020,1,WESTERN EUROPE-EU,GREECE,2,BELFAST INTERNATIONAL,ZAKINTHOS,0,0,0,6406,6406,0,-100
16/04/2021 17:17,2020,1,WESTERN EUROPE-EU,GREECE,2,BIGGIN HILL,ATHENS,52,0,52,24,0,24,116.66667
16/04/2021 17:17,2020,1,WESTERN EUROPE-EU,GREECE,2,BIGGIN HILL,CORFU,0,0,0,19,0,19,-100
16/04/2021 17:17,2020,1,WESTERN EUROPE-EU,GREECE,2,BIGGIN HILL,MIKONOS,4,0,4,0,0,0,0
16/04/2021 17:17,2020,1,WESTERN EUROPE-EU,GREECE,2,BIGGIN HILL,PREVEZA,6,0,6,0,0,0,0
16/04/2021 17:17,2020,1,WESTERN EUROPE-EU,GREECE,2,BIGGIN HILL,SALONIKA,16,0,16,3,0,3,433.33333
16/04/2021 17:17,2020,1,WESTERN EUROPE-EU,GREECE,2,BIRMINGHAM,ATHENS,148,0,148,675,0,675,-78.07407
16/04/2021 17:17,2020,1,WESTERN EUROPE-EU,GREECE,2,BIRMINGHAM,CHANIA,7973,7973,0,44892,29624,15268,-82.2396
16/04/2021 17:17,2020,1,WESTERN EUROPE-EU,GREECE,2,BIRMINGHAM,CORFU,30618,20811,9807,92846,52988,39858,-67.02281
16/04/2021 17:17,2020,1,WESTERN EUROPE-EU,GREECE,2,BIRMINGHAM,HERAKLION,14865,10136,4729,81976,55470,26506,-81.86664
16/04/2021 17:17,2020,1,WESTERN EUROPE-EU,GREECE,2,BIRMINGHAM,KALAMATA,0,0,0,7577,7285,292,-100
16/04/2021 17:17,2020,1,WESTERN EUROPE-EU,GREECE,2,BIRMINGHAM,KAVALA,0,0,0,6564,0,6564,-100
16/04/2021 17:17,2020,1,WESTERN EUROPE-EU,GREECE,2,BIRMINGHAM,KEFALLINIA,3265,384,2881,25450,6480,18970,-87.17092
16/04/2021 17:17,2020,1,WESTERN EUROPE-EU,GREECE,2,BIRMINGHAM,KOS,24159,13758,10401,52912,34452,18460,-54.34117
16/04/2021 17:17,2020,1,WESTERN EUROPE-EU,GREECE,2,BIRMINGHAM,MYTILINI,0,0,0,8301,8076,225,-100
16/04/2021 17:17,2020,1,WESTERN EUROPE-EU,GREECE,2,BIRMINGHAM,PREVEZA,0,0,0,2874,0,2874,-100
16/04/2021 17:17,2020,1,WESTERN EUROPE-EU,GREECE,2,BIRMINGHAM,RHODES,35073,15790,19283,86221,50019,36202,-59.32197
16/04/2021 17:17,2020,1,WESTERN EUROPE-EU,GREECE,2,BIRMINGHAM,SALONIKA,3235,0,3235,15529,6801,8728,-79.16801
16/04/2021 17:17,2020,1,WESTERN EUROPE-EU,GREECE,2,BIRMINGHAM,SKIATHOS,7477,4746,2731,17259,0,17259,-56.67768
16/04/2021 17:17,2020,1,WESTERN EUROPE-EU,GREECE,2,BIRMINGHAM,THIRA (SANTORINI),0,0,0,14524,7844,6680,-100
16/04/2021 17:17,2020,1,WESTERN EUROPE-EU,GREECE,2,BIRMINGHAM,ZAKINTHOS,15479,8615,6864,82403,54283,28120,-81.21549
16/04/2021 17:17,2020,1,WESTERN EUROPE-EU,GREECE,2,BOURNEMOUTH,CORFU,2568,0,2568,8903,0,8903,-71.15579
16/04/2021 17:17,2020,1,WESTERN EUROPE-EU,GREECE,2,BOURNEMOUTH,HERAKLION,0,0,0,7638,0,7638,-100
16/04/2021 17:17,2020,1,WESTERN EUROPE-EU,GREECE,2,BOURNEMOUTH,KEFALLINIA,0,0,0,7191,2,7189,-100
16/04/2021 17:17,2020,1,WESTERN EUROPE-EU,GREECE,2,BOURNEMOUTH,RHODES,0,0,0,9434,0,9434,-100
16/04/2021 17:17,2020,1,WESTERN EUROPE-EU,GREECE,2,BRISTOL,ATHENS,16839,16839,0,38490,38490,0,-56.25097
16/04/2021 17:17,2020,1,WESTERN EUROPE-EU,GREECE,2,BRISTOL,CHANIA,5602,5602,0,27411,21030,6381,-79.56295
16/04/2021 17:17,2020,1,WESTERN EUROPE-EU,GREECE,2,BRISTOL,CORFU,19579,13263,6316,65793,43135,22658,-70.24152
16/04/2021 17:17,2020,1,WESTERN EUROPE-EU,GREECE,2,BRISTOL,HERAKLION,10225,5960,4265,46725,27985,18740,-78.11664
16/04/2021 17:17,2020,1,WESTERN EUROPE-EU,GREECE,2,BRISTOL,KEFALLINIA,10125,7347,2778,40927,27922,13005,-75.26083
16/04/2021 17:17,2020,1,WESTERN EUROPE-EU,GREECE,2,BRISTOL,KOS,8285,0,8285,21908,7195,14713,-62.18276
16/04/2021 17:17,2020,1,WESTERN EUROPE-EU,GREECE,2,BRISTOL,PREVEZA,0,0,0,7811,7811,0,-100
16/04/2021 17:17,2020,1,WESTERN EUROPE-EU,GREECE,2,BRISTOL,RHODES,16536,8499,8037,45685,21216,24469,-63.80431
16/04/2021 17:17,2020,1,WESTERN EUROPE-EU,GREECE,2,BRISTOL,SALONIKA,0,0,0,8154,0,8154,-100
16/04/2021 17:17,2020,1,WESTERN EUROPE-EU,GREECE,2,BRISTOL,SKIATHOS,0,0,0,13797,7336,6461,-100
16/04/2021 17:17,2020,1,WESTERN EUROPE-EU,GREECE,2,BRISTOL,THIRA (SANTORINI),0,0,0,5685,0,5685,-100
16/04/2021 17:17,2020,1,WESTERN EUROPE-EU,GREECE,2,BRISTOL,ZAKINTHOS,9669,5275,4394,67861,44307,23554,-85.75176
16/04/2021 17:17,2020,1,WESTERN EUROPE-EU,GREECE,2,CARDIFF WALES,CORFU,2933,0,2933,16768,0,16768,-82.50835
16/04/2021 17:17,2020,1,WESTERN EUROPE-EU,GREECE,2,CARDIFF WALES,HERAKLION,0,0,0,7159,0,7159,-100
16/04/2021 17:17,2020,1,WESTERN EUROPE-EU,GREECE,2,CARDIFF WALES,KEFALLINIA,0,0,0,7229,0,7229,-100
16/04/2021 17:17,2020,1,WESTERN EUROPE-EU,GREECE,2,CARDIFF WALES,KOS,4787,0,4787,16637,0,16637,-71.22678
16/04/2021 17:17,2020,1,WESTERN EUROPE-EU,GREECE,2,CARDIFF WALES,RHODES,6552,0,6552,26907,0,26907,-75.64946
16/04/2021 17:17,2020,1,WESTERN EUROPE-EU,GREECE,2,CARDIFF WALES,ZAKINTHOS,1660,0,1660,30725,0,30725,-94.59723
16/04/2021 17:17,2020,1,WESTERN EUROPE-EU,GREECE,2,DONCASTER SHEFFIELD,CORFU,5461,0,5461,16992,0,16992,-67.86135
16/04/2021 17:17,2020,1,WESTERN EUROPE-EU,GREECE,2,DONCASTER SHEFFIELD,KEFALLINIA,0,0,0,6953,0,6953,-100
16/04/2021 17:17,2020,1,WESTERN EUROPE-EU,GREECE,2,DONCASTER SHEFFIELD,KOS,4139,0,4139,8841,0,8841,-53.18403
16/04/2021 17:17,2020,1,WESTERN EUROPE-EU,GREECE,2,DONCASTER SHEFFIELD,RHODES,4207,0,4207,18783,0,18783,-77.60209
16/04/2021 17:17,2020,1,WESTERN EUROPE-EU,GREECE,2,DONCASTER SHEFFIELD,ZAKINTHOS,1717,0,1717,16832,0,16832,-89.79919
16/04/2021 17:17,2020,1,WESTERN EUROPE-EU,GREECE,2,EAST MIDLANDS INTERNATIONAL,ATHENS,110,0,110,0,0,0,0
16/04/2021 17:17,2020,1,WESTERN EUROPE-EU,GREECE,2,EAST MIDLANDS INTERNATIONAL,CHANIA,3442,3442,0,11025,11025,0,-68.78005
16/04/2021 17:17,2020,1,WESTERN EUROPE-EU,GREECE,2,EAST MIDLANDS INTERNATIONAL,CORFU,21303,17464,3839,67728,52202,15526,-68.54624
16/04/2021 17:17,2020,1,WESTERN EUROPE-EU,GREECE,2,EAST MIDLANDS INTERNATIONAL,HERAKLION,8385,6363,2022,37153,20092,17061,-77.43116
16/04/2021 17:17,2020,1,WESTERN EUROPE-EU,GREECE,2,EAST MIDLANDS INTERNATIONAL,KAVALA,0,0,0,3031,3031,0,-100
16/04/2021 17:17,2020,1,WESTERN EUROPE-EU,GREECE,2,EAST MIDLANDS INTERNATIONAL,KEFALLINIA,2795,2795,0,12853,6150,6703,-78.2541
16/04/2021 17:17,2020,1,WESTERN EUROPE-EU,GREECE,2,EAST MIDLANDS INTERNATIONAL,KOS,13933,5390,8543,27420,9112,18308,-49.18673
16/04/2021 17:17,2020,1,WESTERN EUROPE-EU,GREECE,2,EAST MIDLANDS INTERNATIONAL,RHODES,30531,23372,7159,70199,46264,23935,-56.50793
16/04/2021 17:17,2020,1,WESTERN EUROPE-EU,GREECE,2,EAST MIDLANDS INTERNATIONAL,SALONIKA,0,0,0,6806,6806,0,-100
16/04/2021 17:17,2020,1,WESTERN EUROPE-EU,GREECE,2,EAST MIDLANDS INTERNATIONAL,SKIATHOS,0,0,0,4200,4200,0,-100
16/04/2021 17:17,2020,1,WESTERN EUROPE-EU,GREECE,2,EAST MIDLANDS INTERNATIONAL,THIRA (SANTORINI),0,0,0,7216,374,6842,-100
16/04/2021 17:17,2020,1,WESTERN EUROPE-EU,GREECE,2,EAST MIDLANDS INTERNATIONAL,ZAKINTHOS,9054,7285,1769,65945,40946,24999,-86.27038
16/04/2021 17:17,2020,1,WESTERN EUROPE-EU,GREECE,2,EDINBURGH,ATHENS,18636,18636,0,60079,60079,0,-68.98084
16/04/2021 17:17,2020,1,WESTERN EUROPE-EU,GREECE,2,EDINBURGH,CORFU,4623,4623,0,36802,27674,9128,-87.43818
16/04/2021 17:17,2020,1,WESTERN EUROPE-EU,GREECE,2,EDINBURGH,HERAKLION,7871,7871,0,32145,32145,0,-75.51408
16/04/2021 17:17,2020,1,WESTERN EUROPE-EU,GREECE,2,EDINBURGH,KEFALLINIA,0,0,0,6748,6748,0,-100
16/04/2021 17:17,2020,1,WESTERN EUROPE-EU,GREECE,2,EDINBURGH,KOS,0,0,0,8089,8089,0,-100
16/04/2021 17:17,2020,1,WESTERN EUROPE-EU,GREECE,2,EDINBURGH,RHODES,3600,3600,0,22218,14396,7822,-83.79692
16/04/2021 17:17,2020,1,WESTERN EUROPE-EU,GREECE,2,EDINBURGH,SALONIKA,0,0,0,7246,7246,0,-100
16/04/2021 17:17,2020,1,WESTERN EUROPE-EU,GREECE,2,EDINBURGH,ZAKINTHOS,0,0,0,12728,12728,0,-100
16/04/2021 17:17,2020,1,WESTERN EUROPE-EU,GREECE,2,EXETER,CORFU,2903,0,2903,9028,0,9028,-67.84448
16/04/2021 17:17,2020,1,WESTERN EUROPE-EU,GREECE,2,EXETER,HERAKLION,1306,0,1306,9016,0,9016,-85.51464
16/04/2021 17:17,2020,1,WESTERN EUROPE-EU,GREECE,2,EXETER,RHODES,0,0,0,7438,0,7438,-100
16/04/2021 17:17,2020,1,WESTERN EUROPE-EU,GREECE,2,EXETER,ZAKINTHOS,1415,0,1415,7681,0,7681,-81.57792
16/04/2021 17:17,2020,1,WESTERN EUROPE-EU,GREECE,2,GLASGOW,ATHENS,153,153,0,0,0,0,0
16/04/2021 17:17,2020,1,WESTERN EUROPE-EU,GREECE,2,GLASGOW,CORFU,6061,4236,1825,21793,12720,9073,-72.18832
16/04/2021 17:17,2020,1,WESTERN EUROPE-EU,GREECE,2,GLASGOW,HERAKLION,6794,6794,0,37634,29261,8373,-81.94718
16/04/2021 17:17,2020,1,WESTERN EUROPE-EU,GREECE,2,GLASGOW,KEFALLINIA,1963,1963,0,6846,6846,0,-71.32632
16/04/2021 17:17,2020,1,WESTERN EUROPE-EU,GREECE,2,GLASGOW,KOS,4326,4326,0,25597,25597,0,-83.09958
16/04/2021 17:17,2020,1,WESTERN EUROPE-EU,GREECE,2,GLASGOW,RHODES,8264,5872,2392,33819,25051,8768,-75.56403
16/04/2021 17:17,2020,1,WESTERN EUROPE-EU,GREECE,2,GLASGOW,ZAKINTHOS,4133,2309,1824,31869,23063,8806,-87.03128
16/04/2021 17:17,2020,1,WESTERN EUROPE-EU,GREECE,2,LEEDS BRADFORD,CHANIA,2486,2486,0,28405,28405,0,-91.24802
16/04/2021 17:17,2020,1,WESTERN EUROPE-EU,GREECE,2,LEEDS BRADFORD,CORFU,12752,12752,0,40489,32026,8463,-68.50503
16/04/2021 17:17,2020,1,WESTERN EUROPE-EU,GREECE,2,LEEDS BRADFORD,HERAKLION,9626,9626,0,34865,34865,0,-72.39065
16/04/2021 17:17,2020,1,WESTERN EUROPE-EU,GREECE,2,LEEDS BRADFORD,KEFALLINIA,6401,6401,0,15120,15120,0,-57.66534
16/04/2021 17:17,2020,1,WESTERN EUROPE-EU,GREECE,2,LEEDS BRADFORD,KOS,10261,10261,0,22755,22755,0,-54.90661
16/04/2021 17:17,2020,1,WESTERN EUROPE-EU,GREECE,2,LEEDS BRADFORD,RHODES,7803,7803,0,26647,26647,0,-70.71715
16/04/2021 17:17,2020,1,WESTERN EUROPE-EU,GREECE,2,LEEDS BRADFORD,SALONIKA,0,0,0,10660,10660,0,-100
16/04/2021 17:17,2020,1,WESTERN EUROPE-EU,GREECE,2,LEEDS BRADFORD,ZAKINTHOS,8576,8576,0,16976,16976,0,-49.48162
16/04/2021 17:17,2020,1,WESTERN EUROPE-EU,GREECE,2,LIVERPOOL (JOHN LENNON),ATHENS,69,69,0,0,0,0,0
16/04/2021 17:17,2020,1,WESTERN EUROPE-EU,GREECE,2,LIVERPOOL (JOHN LENNON),CORFU,5661,5661,0,11876,11876,0,-52.33244
16/04/2021 17:17,2020,1,WESTERN EUROPE-EU,GREECE,2,LIVERPOOL (JOHN LENNON),RHODES,9350,9350,0,17822,17822,0,-47.53675
16/04/2021 17:17,2020,1,WESTERN EUROPE-EU,GREECE,2,LIVERPOOL (JOHN LENNON),ZAKINTHOS,4356,4356,0,16761,16761,0,-74.0111
16/04/2021 17:17,2020,1,WESTERN EUROPE-EU,GREECE,2,MANCHESTER,ATHENS,40021,39768,253,110852,110157,695,-63.89691
16/04/2021 17:17,2020,1,WESTERN EUROPE-EU,GREECE,2,MANCHESTER,CHANIA,11606,9825,1781,70086,46938,23148,-83.44034
16/04/2021 17:17,2020,1,WESTERN EUROPE-EU,GREECE,2,MANCHESTER,CORFU,66161,52433,13728,155057,115119,39938,-57.33117
16/04/2021 17:17,2020,1,WESTERN EUROPE-EU,GREECE,2,MANCHESTER,HERAKLION,37492,27756,9736,172434,123666,48768,-78.25719
16/04/2021 17:17,2020,1,WESTERN EUROPE-EU,GREECE,2,MANCHESTER,KALAMATA,5748,5748,0,27962,27962,0,-79.44353
16/04/2021 17:17,2020,1,WESTERN EUROPE-EU,GREECE,2,MANCHESTER,KAVALA,0,0,0,13338,6063,7275,-100
16/04/2021 17:17,2020,1,WESTERN EUROPE-EU,GREECE,2,MANCHESTER,KEFALLINIA,19657,16703,2954,86533,54573,31960,-77.28381
16/04/2021 17:17,2020,1,WESTERN EUROPE-EU,GREECE,2,MANCHESTER,KOS,44566,23003,21563,97981,50981,47000,-54.51567
16/04/2021 17:17,2020,1,WESTERN EUROPE-EU,GREECE,2,MANCHESTER,MIKONOS,5241,5241,0,28149,28149,0,-81.38122
16/04/2021 17:17,2020,1,WESTERN EUROPE-EU,GREECE,2,MANCHESTER,MYTILINI,0,0,0,8190,8190,0,-100
16/04/2021 17:17,2020,1,WESTERN EUROPE-EU,GREECE,2,MANCHESTER,PREVEZA,8583,8583,0,43910,31865,12045,-80.4532
16/04/2021 17:17,2020,1,WESTERN EUROPE-EU,GREECE,2,MANCHESTER,RHODES,58736,35093,23643,159866,101801,58065,-63.25923
16/04/2021 17:17,2020,1,WESTERN EUROPE-EU,GREECE,2,MANCHESTER,SALONIKA,32128,32128,0,115869,102133,13736,-72.27213
16/04/2021 17:17,2020,1,WESTERN EUROPE-EU,GREECE,2,MANCHESTER,SKIATHOS,14425,8244,6181,42402,24877,17525,-65.98038
16/04/2021 17:17,2020,1,WESTERN EUROPE-EU,GREECE,2,MANCHESTER,THIRA (SANTORINI),11266,9520,1746,70550,54657,15893,-84.03118
16/04/2021 17:17,2020,1,WESTERN EUROPE-EU,GREECE,2,MANCHESTER,ZAKINTHOS,22035,12453,9582,108445,67171,41274,-79.68094
16/04/2021 17:17,2020,1,WESTERN EUROPE-EU,GREECE,2,NEWCASTLE,CORFU,14323,14323,0,58908,58908,0,-75.68582
16/04/2021 17:17,2020,1,WESTERN EUROPE-EU,GREECE,2,NEWCASTLE,HERAKLION,6084,6084,0,33210,33210,0,-81.68022
16/04/2021 17:17,2020,1,WESTERN EUROPE-EU,GREECE,2,NEWCASTLE,KEFALLINIA,0,0,0,6100,6100,0,-100
16/04/2021 17:17,2020,1,WESTERN EUROPE-EU,GREECE,2,NEWCASTLE,KOS,9733,9733,0,15398,15398,0,-36.79049
16/04/2021 17:17,2020,1,WESTERN EUROPE-EU,GREECE,2,NEWCASTLE,RHODES,17279,17279,0,45382,45382,0,-61.92543
16/04/2021 17:17,2020,1,WESTERN EUROPE-EU,GREECE,2,NEWCASTLE,SALONIKA,0,0,0,6672,6672,0,-100
16/04/2021 17:17,2020,1,WESTERN EUROPE-EU,GREECE,2,NEWCASTLE,SKIATHOS,0,0,0,8161,8161,0,-100
16/04/2021 17:17,2020,1,WESTERN EUROPE-EU,GREECE,2,NEWCASTLE,THIRA (SANTORINI),0,0,0,7997,7943,54,-100
16/04/2021 17:17,2020,1,WESTERN EUROPE-EU,GREECE,2,NEWCASTLE,ZAKINTHOS,6480,6480,0,36675,36675,0,-82.33129
16/04/2021 17:17,2020,1,WESTERN EUROPE-EU,GREECE,2,NORWICH,CORFU,0,0,0,8827,0,8827,-100
16/04/2021 17:17,2020,1,WESTERN EUROPE-EU,GREECE,2,NORWICH,HERAKLION,0,0,0,8872,0,8872,-100
16/04/2021 17:17,2020,1,WESTERN EUROPE-EU,GREECE,2,NORWICH,RHODES,0,0,0,9142,0,9142,-100
16/04/2021 17:17,2020,1,WESTERN EUROPE-EU,IRISH REPUBLIC,1,GATWICK,CORK,34456,34456,0,125833,125833,0,-72.61768
16/04/2021 17:17,2020,1,WESTERN EUROPE-EU,IRISH REPUBLIC,1,GATWICK,DUBLIN,342170,342170,0,1347200,1347200,0,-74.6014
16/04/2021 17:17,2020,1,WESTERN EUROPE-EU,IRISH REPUBLIC,1,GATWICK,IRELAND WEST(KNOCK),13228,13228,0,83361,83361,0,-84.13167
16/04/2021 17:17,2020,1,WESTERN EUROPE-EU,IRISH REPUBLIC,1,GATWICK,SHANNON,30494,30388,106,117088,117088,0,-73.95634
16/04/2021 17:17,2020,1,WESTERN EUROPE-EU,IRISH REPUBLIC,1,HEATHROW,CORK,90972,90972,0,379107,379107,0,-76.00361
16/04/2021 17:17,2020,1,WESTERN EUROPE-EU,IRISH REPUBLIC,1,HEATHROW,DUBLIN,445222,444904,318,1855333,1855333,0,-76.00312
16/04/2021 17:17,2020,1,WESTERN EUROPE-EU,IRISH REPUBLIC,1,HEATHROW,SHANNON,45007,45007,0,268189,268189,0,-83.21818
16/04/2021 17:17,2020,1,WESTERN EUROPE-EU,IRISH REPUBLIC,1,LONDON CITY,DUBLIN,83321,83250,71,462420,462410,10,-81.98153
16/04/2021 17:17,2020,1,WESTERN EUROPE-EU,IRISH REPUBLIC,1,LUTON,CORK,19422,19422,0,97243,97243,0,-80.02735
16/04/2021 17:17,2020,1,WESTERN EUROPE-EU,IRISH REPUBLIC,1,LUTON,DUBLIN,93827,93801,26,379069,379069,0,-75.24804
16/04/2021 17:17,2020,1,WESTERN EUROPE-EU,IRISH REPUBLIC,1,LUTON,IRELAND WEST(KNOCK),31012,31012,0,135271,135271,0,-77.07417
16/04/2021 17:17,2020,1,WESTERN EUROPE-EU,IRISH REPUBLIC,1,LUTON,KERRY COUNTY,26499,26499,0,111742,111742,0,-76.28555
16/04/2021 17:17,2020,1,WESTERN EUROPE-EU,IRISH REPUBLIC,1,LUTON,SHANNON,122,122,0,41,41,0,197.56098
16/04/2021 17:17,2020,1,WESTERN EUROPE-EU,IRISH REPUBLIC,1,SOUTHEND,DUBLIN,18868,18868,0,153995,153849,146,-87.74765
16/04/2021 17:17,2020,1,WESTERN EUROPE-EU,IRISH REPUBLIC,1,SOUTHEND,SHANNON,0,0,0,64,64,0,-100
16/04/2021 17:17,2020,1,WESTERN EUROPE-EU,IRISH REPUBLIC,1,STANSTED,CORK,84135,84135,0,347059,347059,0,-75.75772
16/04/2021 17:17,2020,1,WESTERN EUROPE-EU,IRISH REPUBLIC,1,STANSTED,DUBLIN,257548,257543,5,908262,907857,405,-71.64386
16/04/2021 17:17,2020,1,WESTERN EUROPE-EU,IRISH REPUBLIC,1,STANSTED,IRELAND WEST(KNOCK),39091,39091,0,162232,162232,0,-75.90426
16/04/2021 17:17,2020,1,WESTERN EUROPE-EU,IRISH REPUBLIC,1,STANSTED,KERRY COUNTY,20629,20629,0,83246,83246,0,-75.21923
16/04/2021 17:17,2020,1,WESTERN EUROPE-EU,IRISH REPUBLIC,1,STANSTED,SHANNON,49428,49428,0,201249,201249,0,-75.43938
16/04/2021 17:17,2020,1,WESTERN EUROPE-EU,IRISH REPUBLIC,2,ABERDEEN,DUBLIN,6574,6574,0,48613,48613,0,-86.47687
16/04/2021 17:17,2020,1,WESTERN EUROPE-EU,IRISH REPUBLIC,2,ABERDEEN,KERRY COUNTY,0,0,0,1043,0,1043,-100
16/04/2021 17:17,2020,1,WESTERN EUROPE-EU,IRISH REPUBLIC,2,BELFAST INTERNATIONAL,DUBLIN,146,0,146,966,0,966,-84.88613
16/04/2021 17:17,2020,1,WESTERN EUROPE-EU,IRISH REPUBLIC,2,BELFAST INTERNATIONAL,KERRY COUNTY,18,0,18,0,0,0,0
16/04/2021 17:17,2020,1,WESTERN EUROPE-EU,IRISH REPUBLIC,2,BIGGIN HILL,DUBLIN,5,0,5,3,0,3,66.66667
16/04/2021 17:17,2020,1,WESTERN EUROPE-EU,IRISH REPUBLIC,2,BIRMINGHAM,CORK,14998,14998,0,83722,83722,0,-82.08595
16/04/2021 17:17,2020,1,WESTERN EUROPE-EU,IRISH REPUBLIC,2,BIRMINGHAM,DUBLIN,231896,231799,97,943294,943027,267,-75.41636
16/04/2021 17:17,2020,1,WESTERN EUROPE-EU,IRISH REPUBLIC,2,BIRMINGHAM,IRELAND WEST(KNOCK),2155,2155,0,29801,29801,0,-92.7687
16/04/2021 17:17,2020,1,WESTERN EUROPE-EU,IRISH REPUBLIC,2,BIRMINGHAM,SHANNON,6470,6470,0,37360,37076,284,-82.68201
16/04/2021 17:17,2020,1,WESTERN EUROPE-EU,IRISH REPUBLIC,2,BOURNEMOUTH,DUBLIN,14261,14261,0,47188,47188,0,-69.77833
16/04/2021 17:17,2020,1,WESTERN EUROPE-EU,IRISH REPUBLIC,2,BRISTOL,CORK,6847,6847,0,39447,39447,0,-82.64253
16/04/2021 17:17,2020,1,WESTERN EUROPE-EU,IRISH REPUBLIC,2,BRISTOL,DUBLIN,106876,106876,0,421494,421395,99,-74.64353
16/04/2021 17:17,2020,1,WESTERN EUROPE-EU,IRISH REPUBLIC,2,BRISTOL,IRELAND WEST(KNOCK),10295,10295,0,45039,45039,0,-77.14203
16/04/2021 17:17,2020,1,WESTERN EUROPE-EU,IRISH REPUBLIC,2,BRISTOL,SHANNON,91,0,91,14232,14189,43,-99.3606
16/04/2021 17:17,2020,1,WESTERN EUROPE-EU,IRISH REPUBLIC,2,CARDIFF WALES,CORK,822,822,0,12850,12765,85,-93.60311
16/04/2021 17:17,2020,1,WESTERN EUROPE-EU,IRISH REPUBLIC,2,CARDIFF WALES,DUBLIN,17111,15701,1410,102150,98541,3609,-83.24914
16/04/2021 17:17,2020,1,WESTERN EUROPE-EU,IRISH REPUBLIC,2,CARDIFF WALES,SHANNON,638,349,289,439,0,439,45.3303
16/04/2021 17:17,2020,1,WESTERN EUROPE-EU,IRISH REPUBLIC,2,DONCASTER SHEFFIELD,CORK,16,0,16,0,0,0,0
16/04/2021 17:17,2020,1,WESTERN EUROPE-EU,IRISH REPUBLIC,2,DONCASTER SHEFFIELD,DUBLIN,0,0,0,29779,29779,0,-100
16/04/2021 17:17,2020,1,WESTERN EUROPE-EU,IRISH REPUBLIC,2,DUNDEE,DUBLIN,0,0,0,28,0,28,-100
16/04/2021 17:17,2020,1,WESTERN EUROPE-EU,IRISH REPUBLIC,2,EAST MIDLANDS INTERNATIONAL,DUBLIN,44341,44341,0,179822,179822,0,-75.34173
16/04/2021 17:17,2020,1,WESTERN EUROPE-EU,IRISH REPUBLIC,2,EAST MIDLANDS INTERNATIONAL,IRELAND WEST(KNOCK),15970,15970,0,71059,71059,0,-77.52572
16/04/2021 17:17,2020,1,WESTERN EUROPE-EU,IRISH REPUBLIC,2,EAST MIDLANDS INTERNATIONAL,SHANNON,0,0,0,15377,15377,0,-100
16/04/2021 17:17,2020,1,WESTERN EUROPE-EU,IRISH REPUBLIC,2,EDINBURGH,CORK,9570,9570,0,56608,55668,940,-83.09426
16/04/2021 17:17,2020,1,WESTERN EUROPE-EU,IRISH REPUBLIC,2,EDINBURGH,DUBLIN,145995,145717,278,655294,653271,2023,-77.72069
16/04/2021 17:17,2020,1,WESTERN EUROPE-EU,IRISH REPUBLIC,2,EDINBURGH,IRELAND WEST(KNOCK),1916,1916,0,27227,27227,0,-92.96287
16/04/2021 17:17,2020,1,WESTERN EUROPE-EU,IRISH REPUBLIC,2,EDINBURGH,SHANNON,3850,3637,213,29187,28287,900,-86.8092
16/04/2021 17:17,2020,1,WESTERN EUROPE-EU,IRISH REPUBLIC,2,EXETER,DUBLIN,3179,3179,0,32947,32947,0,-90.35117
16/04/2021 17:17,2020,1,WESTERN EUROPE-EU,IRISH REPUBLIC,2,EXETER,SHANNON,0,0,0,78,0,78,-100
16/04/2021 17:17,2020,1,WESTERN EUROPE-EU,IRISH REPUBLIC,2,GLASGOW,CORK,3756,3756,0,26505,26505,0,-85.82909
16/04/2021 17:17,2020,1,WESTERN EUROPE-EU,IRISH REPUBLIC,2,GLASGOW,DONEGAL,2291,2291,0,8770,8770,0,-73.87685
16/04/2021 17:17,2020,1,WESTERN EUROPE-EU,IRISH REPUBLIC,2,GLASGOW,DUBLIN,111910,111754,156,500441,499713,728,-77.63772
16/04/2021 17:17,2020,1,WESTERN EUROPE-EU,IRISH REPUBLIC,2,GLASGOW,SHANNON,127,0,127,0,0,0,0
16/04/2021 17:17,2020,1,WESTERN EUROPE-EU,IRISH REPUBLIC,2,GUERNSEY,DUBLIN,0,0,0,8,0,8,-100
16/04/2021 17:17,2020,1,WESTERN EUROPE-EU,IRISH REPUBLIC,2,INVERNESS,DUBLIN,1145,1145,0,15484,15484,0,-92.60527
16/04/2021 17:17,2020,1,WESTERN EUROPE-EU,IRISH REPUBLIC,2,ISLE OF MAN,DUBLIN,7496,7496,0,42116,42116,0,-82.20154
16/04/2021 17:17,2020,1,WESTERN EUROPE-EU,IRISH REPUBLIC,2,JERSEY,DUBLIN,0,0,0,14637,14637,0,-100
16/04/2021 17:17,2020,1,WESTERN EUROPE-EU,IRISH REPUBLIC,2,LEEDS BRADFORD,DUBLIN,68478,68478,0,298161,298161,0,-77.03321
16/04/2021 17:17,2020,1,WESTERN EUROPE-EU,IRISH REPUBLIC,2,LIVERPOOL (JOHN LENNON),CORK,20125,20125,0,72490,72490,0,-72.23755
16/04/2021 17:17,2020,1,WESTERN EUROPE-EU,IRISH REPUBLIC,2,LIVERPOOL (JOHN LENNON),DUBLIN,85011,85011,0,379863,379863,0,-77.62062
16/04/2021 17:17,2020,1,WESTERN EUROPE-EU,IRISH REPUBLIC,2,LIVERPOOL (JOHN LENNON),IRELAND WEST(KNOCK),25050,25050,0,87370,87370,0,-71.32883
16/04/2021 17:17,2020,1,WESTERN EUROPE-EU,IRISH REPUBLIC,2,LIVERPOOL (JOHN LENNON),SHANNON,0,0,0,22,0,22,-100
16/04/2021 17:17,2020,1,WESTERN EUROPE-EU,IRISH REPUBLIC,2,MANCHESTER,CORK,19968,19968,0,107675,107675,0,-81.45531
16/04/2021 17:17,2020,1,WESTERN EUROPE-EU,IRISH REPUBLIC,2,MANCHESTER,DUBLIN,254637,254355,282,1000584,1000297,287,-74.55116
16/04/2021 17:17,2020,1,WESTERN EUROPE-EU,IRISH REPUBLIC,2,MANCHESTER,IRELAND WEST(KNOCK),3601,3601,0,38119,38119,0,-90.55327
16/04/2021 17:17,2020,1,WESTERN EUROPE-EU,IRISH REPUBLIC,2,MANCHESTER,KERRY COUNTY,1155,1155,0,0,0,0,0
16/04/2021 17:17,2020,1,WESTERN EUROPE-EU,IRISH REPUBLIC,2,MANCHESTER,SHANNON,23073,23073,0,84162,84162,0,-72.58501
16/04/2021 17:17,2020,1,WESTERN EUROPE-EU,IRISH REPUBLIC,2,NEWCASTLE,DUBLIN,47607,47607,0,221458,216540,4918,-78.50292
16/04/2021 17:17,2020,1,WESTERN EUROPE-EU,IRISH REPUBLIC,2,NEWQUAY,CORK,0,0,0,3444,3444,0,-100
16/04/2021 17:17,2020,1,WESTERN EUROPE-EU,IRISH REPUBLIC,2,NEWQUAY,DUBLIN,3985,3985,0,30534,30534,0,-86.94897
16/04/2021 17:17,2020,1,WESTERN EUROPE-EU,IRISH REPUBLIC,2,PRESTWICK,DUBLIN,0,0,0,694,694,0,-100
16/04/2021 17:17,2020,1,WESTERN EUROPE-EU,IRISH REPUBLIC,2,SOUTHAMPTON,CORK,0,0,0,6772,6772,0,-100
16/04/2021 17:17,2020,1,WESTERN EUROPE-EU,IRISH REPUBLIC,2,SOUTHAMPTON,DUBLIN,17931,17906,25,130714,130673,41,-86.28227
16/04/2021 17:17,2020,1,WESTERN EUROPE-EU,IRISH REPUBLIC,2,TEESSIDE INTERNATIONAL AIRPORT,DUBLIN,81,81,0,0,0,0,0
16/04/2021 17:17,2020,1,WESTERN EUROPE-EU,ITALY,1,GATWICK,ALGHERO (FERTILIA),0,0,0,7603,0,7603,-100
16/04/2021 17:17,2020,1,WESTERN EUROPE-EU,ITALY,1,GATWICK,ANCONA,3724,3724,0,14930,14930,0,-75.05693
16/04/2021 17:17,2020,1,WESTERN EUROPE-EU,ITALY,1,GATWICK,BARI (PALESE),12883,12883,0,107939,107939,0,-88.06455
16/04/2021 17:17,2020,1,WESTERN EUROPE-EU,ITALY,1,GATWICK,BERGAMO,10695,10695,0,27076,26889,187,-60.50007
16/04/2021 17:17,2020,1,WESTERN EUROPE-EU,ITALY,1,GATWICK,BOLOGNA,11766,11766,0,95938,95938,0,-87.73583
16/04/2021 17:17,2020,1,WESTERN EUROPE-EU,ITALY,1,GATWICK,BRINDISI,0,0,0,21945,21945,0,-100
16/04/2021 17:17,2020,1,WESTERN EUROPE-EU,ITALY,1,GATWICK,CAGLIARI (ELMAS),0,0,0,42835,42835,0,-100
16/04/2021 17:17,2020,1,WESTERN EUROPE-EU,ITALY,1,GATWICK,CATANIA (FONTANAROSSA),35455,35455,0,204132,193972,10160,-82.63134
16/04/2021 17:17,2020,1,WESTERN EUROPE-EU,ITALY,1,GATWICK,FLORENCE,26380,26380,0,121526,121526,0,-78.29271
16/04/2021 17:17,2020,1,WESTERN EUROPE-EU,ITALY,1,GATWICK,GENOA,7262,7262,0,72769,72769,0,-90.02048
16/04/2021 17:17,2020,1,WESTERN EUROPE-EU,ITALY,1,GATWICK,LAMETIA-TERME,0,0,0,8680,0,8680,-100
16/04/2021 17:17,2020,1,WESTERN EUROPE-EU,ITALY,1,GATWICK,MILAN (LINATE),51505,51505,0,218656,218656,0,-76.44474
16/04/2021 17:17,2020,1,WESTERN EUROPE-EU,ITALY,1,GATWICK,MILAN (MALPENSA),111380,111061,319,644227,644094,133,-82.71106
16/04/2021 17:17,2020,1,WESTERN EUROPE-EU,ITALY,1,GATWICK,NAPLES,60128,57960,2168,435312,387431,47881,-86.18738
16/04/2021 17:17,2020,1,WESTERN EUROPE-EU,ITALY,1,GATWICK,OLBIA,15197,15197,0,95199,86186,9013,-84.0366
16/04/2021 17:17,2020,1,WESTERN EUROPE-EU,ITALY,1,GATWICK,PALERMO,18837,18837,0,63938,63938,0,-70.53865
16/04/2021 17:17,2020,1,WESTERN EUROPE-EU,ITALY,1,GATWICK,PISA,33542,33542,0,188044,188044,0,-82.16269
16/04/2021 17:17,2020,1,WESTERN EUROPE-EU,ITALY,1,GATWICK,ROME (FIUMICINO),159284,159116,168,740666,740666,0,-78.49449
16/04/2021 17:17,2020,1,WESTERN EUROPE-EU,ITALY,1,GATWICK,TURIN,67029,56860,10169,209938,188088,21850,-68.072
16/04/2021 17:17,2020,1,WESTERN EUROPE-EU,ITALY,1,GATWICK,VENICE,106409,106409,0,696161,689090,7071,-84.71489
16/04/2021 17:17,2020,1,WESTERN EUROPE-EU,ITALY,1,GATWICK,VERONA VILLAFRANCA,36050,32600,3450,275519,256484,19035,-86.9156
16/04/2021 17:17,2020,1,WESTERN EUROPE-EU,ITALY,1,HEATHROW,BARI (PALESE),14289,14289,0,0,0,0,0
16/04/2021 17:17,2020,1,WESTERN EUROPE-EU,ITALY,1,HEATHROW,BOLOGNA,73953,73875,78,310343,310343,0,-76.17056
16/04/2021 17:17,2020,1,WESTERN EUROPE-EU,ITALY,1,HEATHROW,BRINDISI,12389,12389,0,11992,11992,0,3.31054
16/04/2021 17:17,2020,1,WESTERN EUROPE-EU,ITALY,1,HEATHROW,CAGLIARI (ELMAS),11067,11067,0,4057,0,4057,172.78777
16/04/2021 17:17,2020,1,WESTERN EUROPE-EU,ITALY,1,HEATHROW,CATANIA (FONTANAROSSA),19360,19360,0,0,0,0,0
16/04/2021 17:17,2020,1,WESTERN EUROPE-EU,ITALY,1,HEATHROW,GENOA,910,910,0,0,0,0,0
16/04/2021 17:17,2020,1,WESTERN EUROPE-EU,ITALY,1,HEATHROW,LAMETIA-TERME,0,0,0,8315,0,8315,-100
16/04/2021 17:17,2020,1,WESTERN EUROPE-EU,ITALY,1,HEATHROW,MILAN (LINATE),145055,145055,0,501815,501815,0,-71.09393
16/04/2021 17:17,2020,1,WESTERN EUROPE-EU,ITALY,1,HEATHROW,MILAN (MALPENSA),76775,76775,0,365044,365044,0,-78.96829
16/04/2021 17:17,2020,1,WESTERN EUROPE-EU,ITALY,1,HEATHROW,NAPLES,47050,47050,0,0,0,0,0
16/04/2021 17:17,2020,1,WESTERN EUROPE-EU,ITALY,1,HEATHROW,OLBIA,11393,11393,0,38798,28497,10301,-70.63508
16/04/2021 17:17,2020,1,WESTERN EUROPE-EU,ITALY,1,HEATHROW,PALERMO,20092,20092,0,28507,28507,0,-29.51907
16/04/2021 17:17,2020,1,WESTERN EUROPE-EU,ITALY,1,HEATHROW,PISA,56375,56375,0,174155,174155,0,-67.62941
16/04/2021 17:17,2020,1,WESTERN EUROPE-EU,ITALY,1,HEATHROW,RIMINI,104,104,0,0,0,0,0
16/04/2021 17:17,2020,1,WESTERN EUROPE-EU,ITALY,1,HEATHROW,ROME (FIUMICINO),305724,305626,98,930930,930930,0,-67.15929
16/04/2021 17:17,2020,1,WESTERN EUROPE-EU,ITALY,1,HEATHROW,TURIN,13363,13363,0,0,0,0,0
16/04/2021 17:17,2020,1,WESTERN EUROPE-EU,ITALY,1,HEATHROW,VENICE,74151,74151,0,174134,174134,0,-57.41728
16/04/2021 17:17,2020,1,WESTERN EUROPE-EU,ITALY,1,HEATHROW,VERONA VILLAFRANCA,17859,17859,0,156,156,0,11348.07692
16/04/2021 17:17,2020,1,WESTERN EUROPE-EU,ITALY,1,LONDON CITY,BOLOGNA,98,98,0,0,0,0,0
16/04/2021 17:17,2020,1,WESTERN EUROPE-EU,ITALY,1,LONDON CITY,FLORENCE,31736,31616,120,73781,73781,0,-56.98622
16/04/2021 17:17,2020,1,WESTERN EUROPE-EU,ITALY,1,LONDON CITY,MILAN (LINATE),53274,53205,69,276576,276576,0,-80.73802
16/04/2021 17:17,2020,1,WESTERN EUROPE-EU,ITALY,1,LONDON CITY,MILAN (MALPENSA),0,0,0,80007,79898,109,-100
16/04/2021 17:17,2020,1,WESTERN EUROPE-EU,ITALY,1,LONDON CITY,PISA,58,58,0,61,61,0,-4.91803
16/04/2021 17:17,2020,1,WESTERN EUROPE-EU,ITALY,1,LONDON CITY,ROME (FIUMICINO),6011,6011,0,43842,43842,0,-86.2894
16/04/2021 17:17,2020,1,WESTERN EUROPE-EU,ITALY,1,LONDON CITY,TREVISO,0,0,0,2,2,0,-100
16/04/2021 17:17,2020,1,WESTERN EUROPE-EU,ITALY,1,LONDON CITY,VENICE,0,0,0,20171,20171,0,-100
16/04/2021 17:17,2020,1,WESTERN EUROPE-EU,ITALY,1,LUTON,ALGHERO (FERTILIA),7287,7287,0,29357,29357,0,-75.17798
16/04/2021 17:17,2020,1,WESTERN EUROPE-EU,ITALY,1,LUTON,BARI (PALESE),0,0,0,52054,52054,0,-100
16/04/2021 17:17,2020,1,WESTERN EUROPE-EU,ITALY,1,LUTON,BOLOGNA,29142,29142,0,122695,122695,0,-76.24842
16/04/2021 17:17,2020,1,WESTERN EUROPE-EU,ITALY,1,LUTON,CATANIA (FONTANAROSSA),21386,21386,0,62827,62827,0,-65.96049
16/04/2021 17:17,2020,1,WESTERN EUROPE-EU,ITALY,1,LUTON,FLORENCE,2029,2029,0,16042,16042,0,-87.35195
16/04/2021 17:17,2020,1,WESTERN EUROPE-EU,ITALY,1,LUTON,GENOA,0,0,0,18387,18387,0,-100
16/04/2021 17:17,2020,1,WESTERN EUROPE-EU,ITALY,1,LUTON,MILAN (MALPENSA),108728,108728,0,171423,171171,252,-36.57327
16/04/2021 17:17,2020,1,WESTERN EUROPE-EU,ITALY,1,LUTON,NAPLES,23282,23282,0,126155,126040,115,-81.54492
16/04/2021 17:17,2020,1,WESTERN EUROPE-EU,ITALY,1,LUTON,OLBIA,5225,5225,0,20355,20355,0,-74.33063
16/04/2021 17:17,2020,1,WESTERN EUROPE-EU,ITALY,1,LUTON,PALERMO,7429,7429,0,30878,30878,0,-75.9408
16/04/2021 17:17,2020,1,WESTERN EUROPE-EU,ITALY,1,LUTON,PISA,6542,6542,0,91107,91107,0,-92.81943
16/04/2021 17:17,2020,1,WESTERN EUROPE-EU,ITALY,1,LUTON,ROME (FIUMICINO),12049,12049,0,93481,93481,0,-87.11075
16/04/2021 17:17,2020,1,WESTERN EUROPE-EU,ITALY,1,LUTON,TURIN,2766,2766,0,11354,11354,0,-75.63854
16/04/2021 17:17,2020,1,WESTERN EUROPE-EU,ITALY,1,LUTON,VENICE,18097,18097,0,95243,95243,0,-80.99913
16/04/2021 17:17,2020,1,WESTERN EUROPE-EU,ITALY,1,LUTON,VERONA VILLAFRANCA,0,0,0,6478,6118,360,-100
16/04/2021 17:17,2020,1,WESTERN EUROPE-EU,ITALY,1,SOUTHEND,BERGAMO,5595,5595,0,44672,44672,0,-87.47538
16/04/2021 17:17,2020,1,WESTERN EUROPE-EU,ITALY,1,SOUTHEND,CATANIA (FONTANAROSSA),0,0,0,775,775,0,-100
16/04/2021 17:17,2020,1,WESTERN EUROPE-EU,ITALY,1,SOUTHEND,TREVISO,6732,6732,0,7520,7520,0,-10.47872
16/04/2021 17:17,2020,1,WESTERN EUROPE-EU,ITALY,1,SOUTHEND,TURIN,301,301,0,0,0,0,0
16/04/2021 17:17,2020,1,WESTERN EUROPE-EU,ITALY,1,SOUTHEND,VENICE,1920,1920,0,37758,37758,0,-94.91498
16/04/2021 17:17,2020,1,WESTERN EUROPE-EU,ITALY,1,SOUTHEND,VERONA VILLAFRANCA,259,259,0,0,0,0,0
16/04/2021 17:17,2020,1,WESTERN EUROPE-EU,ITALY,1,STANSTED,ALGHERO (FERTILIA),7113,7113,0,31068,31068,0,-77.10506
16/04/2021 17:17,2020,1,WESTERN EUROPE-EU,ITALY,1,STANSTED,ANCONA,30056,30056,0,109197,109197,0,-72.47543
16/04/2021 17:17,2020,1,WESTERN EUROPE-EU,ITALY,1,STANSTED,BARI (PALESE),38871,38871,0,125471,125471,0,-69.01993
16/04/2021 17:17,2020,1,WESTERN EUROPE-EU,ITALY,1,STANSTED,BERGAMO,125102,125093,9,504192,504192,0,-75.18763
16/04/2021 17:17,2020,1,WESTERN EUROPE-EU,ITALY,1,STANSTED,BOLOGNA,58842,58842,0,264822,264822,0,-77.78055
16/04/2021 17:17,2020,1,WESTERN EUROPE-EU,ITALY,1,STANSTED,BRINDISI,28799,28799,0,74901,74901,0,-61.55058
16/04/2021 17:17,2020,1,WESTERN EUROPE-EU,ITALY,1,STANSTED,CAGLIARI (ELMAS),40184,40184,0,127945,127945,0,-68.59275
16/04/2021 17:17,2020,1,WESTERN EUROPE-EU,ITALY,1,STANSTED,CATANIA (FONTANAROSSA),0,0,0,183,183,0,-100
16/04/2021 17:17,2020,1,WESTERN EUROPE-EU,ITALY,1,STANSTED,COMISO,0,0,0,8338,8338,0,-100
16/04/2021 17:17,2020,1,WESTERN EUROPE-EU,ITALY,1,STANSTED,FLORENCE,0,0,0,3874,3874,0,-100
16/04/2021 17:17,2020,1,WESTERN EUROPE-EU,ITALY,1,STANSTED,GENOA,22141,22141,0,83609,83609,0,-73.5184
16/04/2021 17:17,2020,1,WESTERN EUROPE-EU,ITALY,1,STANSTED,LAMETIA-TERME,19601,19601,0,59509,59509,0,-67.06213
16/04/2021 17:17,2020,1,WESTERN EUROPE-EU,ITALY,1,STANSTED,MILAN (MALPENSA),73680,73680,0,246679,246679,0,-70.13122
16/04/2021 17:17,2020,1,WESTERN EUROPE-EU,ITALY,1,STANSTED,NAPLES,69535,69535,0,319387,319057,330,-78.22861
16/04/2021 17:17,2020,1,WESTERN EUROPE-EU,ITALY,1,STANSTED,PALERMO,42308,42308,0,108148,108148,0,-60.87954
16/04/2021 17:17,2020,1,WESTERN EUROPE-EU,ITALY,1,STANSTED,PERUGIA,27189,27189,0,91897,91897,0,-70.41362
16/04/2021 17:17,2020,1,WESTERN EUROPE-EU,ITALY,1,STANSTED,PESCARA,29638,29638,0,92570,92570,0,-67.98315
16/04/2021 17:17,2020,1,WESTERN EUROPE-EU,ITALY,1,STANSTED,PISA,82582,82582,0,327625,327625,0,-74.79374
16/04/2021 17:17,2020,1,WESTERN EUROPE-EU,ITALY,1,STANSTED,RIMINI,5152,5152,0,20294,20198,96,-74.61319
16/04/2021 17:17,2020,1,WESTERN EUROPE-EU,ITALY,1,STANSTED,ROME (CIAMPINO),155550,155550,0,626868,626868,0,-75.18616
16/04/2021 17:17,2020,1,WESTERN EUROPE-EU,ITALY,1,STANSTED,ROME (FIUMICINO),75,0,75,1583,1583,0,-95.26216
16/04/2021 17:17,2020,1,WESTERN EUROPE-EU,ITALY,1,STANSTED,TREVISO,243,243,0,80828,80828,0,-99.69936
16/04/2021 17:17,2020,1,WESTERN EUROPE-EU,ITALY,1,STANSTED,TRIESTE (RONCHI DEI LEGIONARI),19416,19416,0,62815,62815,0,-69.09019
16/04/2021 17:17,2020,1,WESTERN EUROPE-EU,ITALY,1,STANSTED,TURIN,42408,39008,3400,140139,135240,4899,-69.73862
16/04/2021 17:17,2020,1,WESTERN EUROPE-EU,ITALY,1,STANSTED,VENICE,84483,84483,0,254921,254921,0,-66.85914
16/04/2021 17:17,2020,1,WESTERN EUROPE-EU,ITALY,1,STANSTED,VERONA VILLAFRANCA,17463,16849,614,87772,87194,578,-80.10413
16/04/2021 17:17,2020,1,WESTERN EUROPE-EU,ITALY,2,ABERDEEN,BERGAMO,0,0,0,377,0,377,-100
16/04/2021 17:17,2020,1,WESTERN EUROPE-EU,ITALY,2,BELFAST INTERNATIONAL,BERGAMO,6442,6442,0,27984,27984,0,-76.9797
16/04/2021 17:17,2020,1,WESTERN EUROPE-EU,ITALY,2,BELFAST INTERNATIONAL,NAPLES,0,0,0,24879,24879,0,-100
16/04/2021 17:17,2020,1,WESTERN EUROPE-EU,ITALY,2,BELFAST INTERNATIONAL,RIMINI,78,0,78,0,0,0,0
16/04/2021 17:17,2020,1,WESTERN EUROPE-EU,ITALY,2,BELFAST INTERNATIONAL,ROME (FIUMICINO),0,0,0,337,0,337,-100
16/04/2021 17:17,2020,1,WESTERN EUROPE-EU,ITALY,2,BELFAST INTERNATIONAL,VENICE,1835,1757,78,26577,26577,0,-93.09553
16/04/2021 17:17,2020,1,WESTERN EUROPE-EU,ITALY,2,BELFAST INTERNATIONAL,VERONA VILLAFRANCA,3002,0,3002,3811,0,3811,-21.22802
16/04/2021 17:17,2020,1,WESTERN EUROPE-EU,ITALY,2,BIGGIN HILL,BOLOGNA,0,0,0,4,0,4,-100
16/04/2021 17:17,2020,1,WESTERN EUROPE-EU,ITALY,2,BIGGIN HILL,BRINDISI,13,0,13,0,0,0,0
16/04/2021 17:17,2020,1,WESTERN EUROPE-EU,ITALY,2,BIGGIN HILL,CAGLIARI (ELMAS),17,0,17,0,0,0,0
16/04/2021 17:17,2020,1,WESTERN EUROPE-EU,ITALY,2,BIGGIN HILL,CATANIA (FONTANAROSSA),6,0,6,0,0,0,0
16/04/2021 17:17,2020,1,WESTERN EUROPE-EU,ITALY,2,BIGGIN HILL,CUNEO,4,0,4,0,0,0,0
16/04/2021 17:17,2020,1,WESTERN EUROPE-EU,ITALY,2,BIGGIN HILL,FLORENCE,3,0,3,0,0,0,0
16/04/2021 17:17,2020,1,WESTERN EUROPE-EU,ITALY,2,BIGGIN HILL,GENOA,14,0,14,0,0,0,0
16/04/2021 17:17,2020,1,WESTERN EUROPE-EU,ITALY,2,BIGGIN HILL,MILAN (LINATE),31,0,31,11,0,11,181.81818
16/04/2021 17:17,2020,1,WESTERN EUROPE-EU,ITALY,2,BIGGIN HILL,NAPLES,113,0,113,0,0,0,0
16/04/2021 17:17,2020,1,WESTERN EUROPE-EU,ITALY,2,BIGGIN HILL,OLBIA,19,0,19,21,0,21,-9.52381
16/04/2021 17:17,2020,1,WESTERN EUROPE-EU,ITALY,2,BIGGIN HILL,PALERMO,0,0,0,11,0,11,-100
16/04/2021 17:17,2020,1,WESTERN EUROPE-EU,ITALY,2,BIGGIN HILL,PERUGIA,15,0,15,18,0,18,-16.66667
16/04/2021 17:17,2020,1,WESTERN EUROPE-EU,ITALY,2,BIGGIN HILL,PISA,2,0,2,0,0,0,0
16/04/2021 17:17,2020,1,WESTERN EUROPE-EU,ITALY,2,BIGGIN HILL,ROME (CIAMPINO),4,0,4,13,0,13,-69.23077
16/04/2021 17:17,2020,1,WESTERN EUROPE-EU,ITALY,2,BIGGIN HILL,ROME (FIUMICINO),68,0,68,0,0,0,0
16/04/2021 17:17,2020,1,WESTERN EUROPE-EU,ITALY,2,BIGGIN HILL,TURIN,0,0,0,13,0,13,-100
16/04/2021 17:17,2020,1,WESTERN EUROPE-EU,ITALY,2,BIGGIN HILL,VENICE,5,0,5,0,0,0,0
16/04/2021 17:17,2020,1,WESTERN EUROPE-EU,ITALY,2,BIGGIN HILL,VERONA VILLAFRANCA,0,0,0,3,0,3,-100
16/04/2021 17:17,2020,1,WESTERN EUROPE-EU,ITALY,2,BIRMINGHAM,ALGHERO (FERTILIA),0,0,0,6559,0,6559,-100
16/04/2021 17:17,2020,1,WESTERN EUROPE-EU,ITALY,2,BIRMINGHAM,BOLOGNA,335,0,335,205,0,205,63.41463
16/04/2021 17:17,2020,1,WESTERN EUROPE-EU,ITALY,2,BIRMINGHAM,CATANIA (FONTANAROSSA),0,0,0,7899,0,7899,-100
16/04/2021 17:17,2020,1,WESTERN EUROPE-EU,ITALY,2,BIRMINGHAM,MILAN (LINATE),0,0,0,355,355,0,-100
16/04/2021 17:17,2020,1,WESTERN EUROPE-EU,ITALY,2,BIRMINGHAM,MILAN (MALPENSA),1766,1766,0,53863,53863,0,-96.72131
16/04/2021 17:17,2020,1,WESTERN EUROPE-EU,ITALY,2,BIRMINGHAM,NAPLES,0,0,0,55624,19465,36159,-100
16/04/2021 17:17,2020,1,WESTERN EUROPE-EU,ITALY,2,BIRMINGHAM,PISA,0,0,0,14256,14256,0,-100
16/04/2021 17:17,2020,1,WESTERN EUROPE-EU,ITALY,2,BIRMINGHAM,ROME (FIUMICINO),12268,12268,0,66497,66497,0,-81.55105
16/04/2021 17:17,2020,1,WESTERN EUROPE-EU,ITALY,2,BIRMINGHAM,TURIN,9282,4989,4293,12808,7375,5433,-27.52967
16/04/2021 17:17,2020,1,WESTERN EUROPE-EU,ITALY,2,BIRMINGHAM,VENICE,1510,1510,0,26617,26462,155,-94.32693
16/04/2021 17:17,2020,1,WESTERN EUROPE-EU,ITALY,2,BIRMINGHAM,VERONA VILLAFRANCA,15407,11183,4224,61087,40427,20660,-74.77859
16/04/2021 17:17,2020,1,WESTERN EUROPE-EU,ITALY,2,BOURNEMOUTH,BERGAMO,0,0,0,378,0,378,-100
16/04/2021 17:17,2020,1,WESTERN EUROPE-EU,ITALY,2,BOURNEMOUTH,TURIN,0,0,0,1912,0,1912,-100
16/04/2021 17:17,2020,1,WESTERN EUROPE-EU,ITALY,2,BOURNEMOUTH,VENICE,0,0,0,357,0,357,-100
16/04/2021 17:17,2020,1,WESTERN EUROPE-EU,ITALY,2,BOURNEMOUTH,VERONA VILLAFRANCA,0,0,0,357,0,357,-100
16/04/2021 17:17,2020,1,WESTERN EUROPE-EU,ITALY,2,BRISTOL,BERGAMO,14376,14376,0,51240,51240,0,-71.94379
16/04/2021 17:17,2020,1,WESTERN EUROPE-EU,ITALY,2,BRISTOL,BOLOGNA,3947,3947,0,19420,19420,0,-79.67559
16/04/2021 17:17,2020,1,WESTERN EUROPE-EU,ITALY,2,BRISTOL,BRINDISI,0,0,0,8112,8112,0,-100
16/04/2021 17:17,2020,1,WESTERN EUROPE-EU,ITALY,2,BRISTOL,CATANIA (FONTANAROSSA),8843,8843,0,26137,26137,0,-66.16674
16/04/2021 17:17,2020,1,WESTERN EUROPE-EU,ITALY,2,BRISTOL,GENOA,0,0,0,14368,14368,0,-100
16/04/2021 17:17,2020,1,WESTERN EUROPE-EU,ITALY,2,BRISTOL,MILAN (MALPENSA),18057,18057,0,50199,50199,0,-64.02916
16/04/2021 17:17,2020,1,WESTERN EUROPE-EU,ITALY,2,BRISTOL,NAPLES,8758,8758,0,64632,38300,26332,-86.44944
16/04/2021 17:17,2020,1,WESTERN EUROPE-EU,ITALY,2,BRISTOL,OLBIA,4507,4507,0,26664,25564,1100,-83.09706
16/04/2021 17:17,2020,1,WESTERN EUROPE-EU,ITALY,2,BRISTOL,PISA,9032,9032,0,77129,77129,0,-88.28975
16/04/2021 17:17,2020,1,WESTERN EUROPE-EU,ITALY,2,BRISTOL,ROME (FIUMICINO),21434,21434,0,114886,114886,0,-81.34324
16/04/2021 17:17,2020,1,WESTERN EUROPE-EU,ITALY,2,BRISTOL,TREVISO,115,115,0,0,0,0,0
16/04/2021 17:17,2020,1,WESTERN EUROPE-EU,ITALY,2,BRISTOL,TURIN,8234,4840,3394,10750,5748,5002,-23.40465
16/04/2021 17:17,2020,1,WESTERN EUROPE-EU,ITALY,2,BRISTOL,VENICE,32602,32602,0,165147,165147,0,-80.2588
16/04/2021 17:17,2020,1,WESTERN EUROPE-EU,ITALY,2,BRISTOL,VERONA VILLAFRANCA,3343,0,3343,11655,142,11513,-71.31703
16/04/2021 17:17,2020,1,WESTERN EUROPE-EU,ITALY,2,CARDIFF WALES,BERGAMO,0,0,0,41,0,41,-100
16/04/2021 17:17,2020,1,WESTERN EUROPE-EU,ITALY,2,CARDIFF WALES,BOLOGNA,37,37,0,0,0,0,0
16/04/2021 17:17,2020,1,WESTERN EUROPE-EU,ITALY,2,CARDIFF WALES,MILAN (MALPENSA),0,0,0,9899,9774,125,-100
16/04/2021 17:17,2020,1,WESTERN EUROPE-EU,ITALY,2,CARDIFF WALES,NAPLES,0,0,0,9266,0,9266,-100
16/04/2021 17:17,2020,1,WESTERN EUROPE-EU,ITALY,2,CARDIFF WALES,PARMA,299,299,0,0,0,0,0
16/04/2021 17:17,2020,1,WESTERN EUROPE-EU,ITALY,2,CARDIFF WALES,ROME (FIUMICINO),91,91,0,12699,10030,2669,-99.28341
16/04/2021 17:17,2020,1,WESTERN EUROPE-EU,ITALY,2,CARDIFF WALES,VENICE,298,175,123,5431,5431,0,-94.51298
16/04/2021 17:17,2020,1,WESTERN EUROPE-EU,ITALY,2,CARDIFF WALES,VERONA VILLAFRANCA,0,0,0,5377,5377,0,-100
16/04/2021 17:17,2020,1,WESTERN EUROPE-EU,ITALY,2,DONCASTER SHEFFIELD,NAPLES,0,0,0,9847,0,9847,-100
16/04/2021 17:17,2020,1,WESTERN EUROPE-EU,ITALY,2,DUNDEE,CATANIA (FONTANAROSSA),0,0,0,2,0,2,-100
16/04/2021 17:17,2020,1,WESTERN EUROPE-EU,ITALY,2,EAST MIDLANDS INTERNATIONAL,BERGAMO,17497,17497,0,54744,54696,48,-68.03851
16/04/2021 17:17,2020,1,WESTERN EUROPE-EU,ITALY,2,EAST MIDLANDS INTERNATIONAL,NAPLES,0,0,0,34792,17642,17150,-100
16/04/2021 17:17,2020,1,WESTERN EUROPE-EU,ITALY,2,EAST MIDLANDS INTERNATIONAL,PISA,7360,7360,0,22215,22215,0,-66.86923
16/04/2021 17:17,2020,1,WESTERN EUROPE-EU,ITALY,2,EAST MIDLANDS INTERNATIONAL,ROME (CIAMPINO),7131,7131,0,20138,20138,0,-64.58933
16/04/2021 17:17,2020,1,WESTERN EUROPE-EU,ITALY,2,EAST MIDLANDS INTERNATIONAL,TREVISO,5094,5094,0,40344,40344,0,-87.37359
16/04/2021 17:17,2020,1,WESTERN EUROPE-EU,ITALY,2,EAST MIDLANDS INTERNATIONAL,TURIN,0,0,0,92,0,92,-100
16/04/2021 17:17,2020,1,WESTERN EUROPE-EU,ITALY,2,EAST MIDLANDS INTERNATIONAL,VENICE,6881,6881,0,0,0,0,0
16/04/2021 17:17,2020,1,WESTERN EUROPE-EU,ITALY,2,EAST MIDLANDS INTERNATIONAL,VERONA VILLAFRANCA,0,0,0,6262,6262,0,-100
16/04/2021 17:17,2020,1,WESTERN EUROPE-EU,ITALY,2,EDINBURGH,BERGAMO,37175,37175,0,89405,89405,0,-58.41955
16/04/2021 17:17,2020,1,WESTERN EUROPE-EU,ITALY,2,EDINBURGH,BOLOGNA,11460,11460,0,36769,36769,0,-68.83244
16/04/2021 17:17,2020,1,WESTERN EUROPE-EU,ITALY,2,EDINBURGH,FLORENCE,0,0,0,6844,6844,0,-100
16/04/2021 17:17,2020,1,WESTERN EUROPE-EU,ITALY,2,EDINBURGH,MILAN (LINATE),0,0,0,1556,1556,0,-100
16/04/2021 17:17,2020,1,WESTERN EUROPE-EU,ITALY,2,EDINBURGH,MILAN (MALPENSA),24695,24616,79,168370,168237,133,-85.3329
16/04/2021 17:17,2020,1,WESTERN EUROPE-EU,ITALY,2,EDINBURGH,NAPLES,7994,7994,0,56909,56868,41,-85.95301
16/04/2021 17:17,2020,1,WESTERN EUROPE-EU,ITALY,2,EDINBURGH,PISA,5691,5576,115,31280,31280,0,-81.80627
16/04/2021 17:17,2020,1,WESTERN EUROPE-EU,ITALY,2,EDINBURGH,ROME (CIAMPINO),26971,26971,0,91905,91905,0,-70.65339
16/04/2021 17:17,2020,1,WESTERN EUROPE-EU,ITALY,2,EDINBURGH,ROME (FIUMICINO),1529,622,907,1504,0,1504,1.66223
16/04/2021 17:17,2020,1,WESTERN EUROPE-EU,ITALY,2,EDINBURGH,TREVISO,5294,5294,0,48248,48248,0,-89.02752
16/04/2021 17:17,2020,1,WESTERN EUROPE-EU,ITALY,2,EDINBURGH,TURIN,3337,3198,139,4515,4515,0,-26.09081
16/04/2021 17:17,2020,1,WESTERN EUROPE-EU,ITALY,2,EDINBURGH,VENICE,18612,18612,0,90723,90723,0,-79.48481
16/04/2021 17:17,2020,1,WESTERN EUROPE-EU,ITALY,2,EDINBURGH,VERONA VILLAFRANCA,4265,2533,1732,18002,15385,2617,-76.30819
16/04/2021 17:17,2020,1,WESTERN EUROPE-EU,ITALY,2,EXETER,NAPLES,0,0,0,18260,18260,0,-100
16/04/2021 17:17,2020,1,WESTERN EUROPE-EU,ITALY,2,GLASGOW,GENOA,0,0,0,4097,0,4097,-100
16/04/2021 17:17,2020,1,WESTERN EUROPE-EU,ITALY,2,GLASGOW,MILAN (MALPENSA),192,0,192,403,145,258,-52.35732
16/04/2021 17:17,2020,1,WESTERN EUROPE-EU,ITALY,2,GLASGOW,NAPLES,0,0,0,30090,8394,21696,-100
16/04/2021 17:17,2020,1,WESTERN EUROPE-EU,ITALY,2,GLASGOW,PISA,9,0,9,0,0,0,0
16/04/2021 17:17,2020,1,WESTERN EUROPE-EU,ITALY,2,GLASGOW,RIMINI,0,0,0,220,0,220,-100
16/04/2021 17:17,2020,1,WESTERN EUROPE-EU,ITALY,2,GLASGOW,ROME (FIUMICINO),10015,9640,375,34349,32558,1791,-70.8434
16/04/2021 17:17,2020,1,WESTERN EUROPE-EU,ITALY,2,GLASGOW,TURIN,3528,0,3528,5204,0,5204,-32.206
16/04/2021 17:17,2020,1,WESTERN EUROPE-EU,ITALY,2,GLASGOW,VENICE,4835,4835,0,29490,29490,0,-83.60461
16/04/2021 17:17,2020,1,WESTERN EUROPE-EU,ITALY,2,GLASGOW,VERONA VILLAFRANCA,0,0,0,13542,0,13542,-100
16/04/2021 17:17,2020,1,WESTERN EUROPE-EU,ITALY,2,HUMBERSIDE,BERGAMO,0,0,0,704,0,704,-100
16/04/2021 17:17,2020,1,WESTERN EUROPE-EU,ITALY,2,HUMBERSIDE,VENICE,0,0,0,86,0,86,-100
16/04/2021 17:17,2020,1,WESTERN EUROPE-EU,ITALY,2,INVERNESS,BERGAMO,0,0,0,330,0,330,-100
16/04/2021 17:17,2020,1,WESTERN EUROPE-EU,ITALY,2,ISLE OF MAN,MILAN (MALPENSA),0,0,0,409,0,409,-100
16/04/2021 17:17,2020,1,WESTERN EUROPE-EU,ITALY,2,LEEDS BRADFORD,NAPLES,2085,2085,0,18449,18449,0,-88.69857
16/04/2021 17:17,2020,1,WESTERN EUROPE-EU,ITALY,2,LEEDS BRADFORD,PISA,5255,5255,0,30263,30263,0,-82.63556
16/04/2021 17:17,2020,1,WESTERN EUROPE-EU,ITALY,2,LEEDS BRADFORD,ROME (FIUMICINO),4868,4868,0,27359,27359,0,-82.20695
16/04/2021 17:17,2020,1,WESTERN EUROPE-EU,ITALY,2,LEEDS BRADFORD,TURIN,0,0,0,2132,2132,0,-100
16/04/2021 17:17,2020,1,WESTERN EUROPE-EU,ITALY,2,LEEDS BRADFORD,VENICE,0,0,0,17122,17122,0,-100
16/04/2021 17:17,2020,1,WESTERN EUROPE-EU,ITALY,2,LEEDS BRADFORD,VERONA VILLAFRANCA,0,0,0,6032,6032,0,-100
16/04/2021 17:17,2020,1,WESTERN EUROPE-EU,ITALY,2,LIVERPOOL (JOHN LENNON),BARI (PALESE),6888,6888,0,20818,20818,0,-66.91325
16/04/2021 17:17,2020,1,WESTERN EUROPE-EU,ITALY,2,LIVERPOOL (JOHN LENNON),BERGAMO,244,0,244,177,177,0,37.85311
16/04/2021 17:17,2020,1,WESTERN EUROPE-EU,ITALY,2,LIVERPOOL (JOHN LENNON),MILAN (MALPENSA),0,0,0,39523,39374,149,-100
16/04/2021 17:17,2020,1,WESTERN EUROPE-EU,ITALY,2,LIVERPOOL (JOHN LENNON),NAPLES,1635,1635,0,26487,26009,478,-93.82716
16/04/2021 17:17,2020,1,WESTERN EUROPE-EU,ITALY,2,LIVERPOOL (JOHN LENNON),PALERMO,5669,5669,0,19871,19871,0,-71.47099
16/04/2021 17:17,2020,1,WESTERN EUROPE-EU,ITALY,2,LIVERPOOL (JOHN LENNON),PISA,0,0,0,20679,20679,0,-100
16/04/2021 17:17,2020,1,WESTERN EUROPE-EU,ITALY,2,LIVERPOOL (JOHN LENNON),ROME (FIUMICINO),0,0,0,6387,6387,0,-100
16/04/2021 17:17,2020,1,WESTERN EUROPE-EU,ITALY,2,LIVERPOOL (JOHN LENNON),VENICE,5914,5914,0,34634,34634,0,-82.92429
16/04/2021 17:17,2020,1,WESTERN EUROPE-EU,ITALY,2,MANCHESTER,ALGHERO (FERTILIA),0,0,0,7915,0,7915,-100
16/04/2021 17:17,2020,1,WESTERN EUROPE-EU,ITALY,2,MANCHESTER,BARI (PALESE),0,0,0,6553,6553,0,-100
16/04/2021 17:17,2020,1,WESTERN EUROPE-EU,ITALY,2,MANCHESTER,BERGAMO,48320,48320,0,162345,159330,3015,-70.23623
16/04/2021 17:17,2020,1,WESTERN EUROPE-EU,ITALY,2,MANCHESTER,BOLOGNA,16466,16466,0,57724,57724,0,-71.4746
16/04/2021 17:17,2020,1,WESTERN EUROPE-EU,ITALY,2,MANCHESTER,BRINDISI,6400,6400,0,20457,20457,0,-68.71487
16/04/2021 17:17,2020,1,WESTERN EUROPE-EU,ITALY,2,MANCHESTER,CAGLIARI (ELMAS),6166,6166,0,19875,19875,0,-68.9761
16/04/2021 17:17,2020,1,WESTERN EUROPE-EU,ITALY,2,MANCHESTER,CATANIA (FONTANAROSSA),16443,16443,0,70857,61013,9844,-76.79411
16/04/2021 17:17,2020,1,WESTERN EUROPE-EU,ITALY,2,MANCHESTER,FLORENCE,0,0,0,3159,3159,0,-100
16/04/2021 17:17,2020,1,WESTERN EUROPE-EU,ITALY,2,MANCHESTER,GENOA,0,0,0,24009,24009,0,-100
16/04/2021 17:17,2020,1,WESTERN EUROPE-EU,ITALY,2,MANCHESTER,LAMETIA-TERME,0,0,0,8583,0,8583,-100
16/04/2021 17:17,2020,1,WESTERN EUROPE-EU,ITALY,2,MANCHESTER,MILAN (LINATE),0,0,0,271,0,271,-100
16/04/2021 17:17,2020,1,WESTERN EUROPE-EU,ITALY,2,MANCHESTER,MILAN (MALPENSA),47125,47125,0,181723,180578,1145,-74.06767
16/04/2021 17:17,2020,1,WESTERN EUROPE-EU,ITALY,2,MANCHESTER,NAPLES,25979,23080,2899,142342,98703,43639,-81.74889
16/04/2021 17:17,2020,1,WESTERN EUROPE-EU,ITALY,2,MANCHESTER,OLBIA,6257,6257,0,31130,25544,5586,-79.90042
16/04/2021 17:17,2020,1,WESTERN EUROPE-EU,ITALY,2,MANCHESTER,PALERMO,7963,7963,0,20691,20691,0,-61.51467
16/04/2021 17:17,2020,1,WESTERN EUROPE-EU,ITALY,2,MANCHESTER,PARMA,0,0,0,43,0,43,-100
16/04/2021 17:17,2020,1,WESTERN EUROPE-EU,ITALY,2,MANCHESTER,PISA,19679,19679,0,86160,86160,0,-77.15994
16/04/2021 17:17,2020,1,WESTERN EUROPE-EU,ITALY,2,MANCHESTER,ROME (CIAMPINO),52244,52244,0,159768,159768,0,-67.30009
16/04/2021 17:17,2020,1,WESTERN EUROPE-EU,ITALY,2,MANCHESTER,ROME (FIUMICINO),18239,18239,0,108871,108871,0,-83.24715
16/04/2021 17:17,2020,1,WESTERN EUROPE-EU,ITALY,2,MANCHESTER,TREVISO,8200,8200,0,53001,53001,0,-84.52859
16/04/2021 17:17,2020,1,WESTERN EUROPE-EU,ITALY,2,MANCHESTER,TRIESTE (RONCHI DEI LEGIONARI),0,0,0,83,0,83,-100
16/04/2021 17:17,2020,1,WESTERN EUROPE-EU,ITALY,2,MANCHESTER,TURIN,15889,9602,6287,28417,18637,9780,-44.08629
16/04/2021 17:17,2020,1,WESTERN EUROPE-EU,ITALY,2,MANCHESTER,VENICE,35486,35486,0,133147,125706,7441,-73.34825
16/04/2021 17:17,2020,1,WESTERN EUROPE-EU,ITALY,2,MANCHESTER,VERONA VILLAFRANCA,10196,6398,3798,45995,18777,27218,-77.83237
16/04/2021 17:17,2020,1,WESTERN EUROPE-EU,ITALY,2,NEWCASTLE,NAPLES,0,0,0,25818,25818,0,-100
16/04/2021 17:17,2020,1,WESTERN EUROPE-EU,ITALY,2,NEWCASTLE,PISA,2046,2046,0,13220,13220,0,-84.52345
16/04/2021 17:17,2020,1,WESTERN EUROPE-EU,ITALY,2,NEWCASTLE,ROME (FIUMICINO),5528,5528,0,27897,27897,0,-80.18425
16/04/2021 17:17,2020,1,WESTERN EUROPE-EU,ITALY,2,NEWCASTLE,TREVISO,0,0,0,50,0,50,-100
16/04/2021 17:17,2020,1,WESTERN EUROPE-EU,ITALY,2,NEWCASTLE,TURIN,3345,3345,0,4367,4367,0,-23.40279
16/04/2021 17:17,2020,1,WESTERN EUROPE-EU,ITALY,2,NEWCASTLE,VERONA VILLAFRANCA,134,0,134,14104,14104,0,-99.04991
16/04/2021 17:17,2020,1,WESTERN EUROPE-EU,ITALY,2,NEWQUAY,BERGAMO,0,0,0,735,0,735,-100
16/04/2021 17:17,2020,1,WESTERN EUROPE-EU,ITALY,2,NORWICH,BERGAMO,0,0,0,712,0,712,-100
16/04/2021 17:17,2020,1,WESTERN EUROPE-EU,ITALY,2,OXFORD (KIDLINGTON),BERGAMO,74,74,0,0,0,0,0
16/04/2021 17:17,2020,1,WESTERN EUROPE-EU,ITALY,2,PRESTWICK,PALERMO,0,0,0,29,0,29,-100
16/04/2021 17:17,2020,1,WESTERN EUROPE-EU,ITALY,2,PRESTWICK,PISA,2434,2434,0,19696,19696,0,-87.64216
16/04/2021 17:17,2020,1,WESTERN EUROPE-EU,ITALY,2,PRESTWICK,ROME (CIAMPINO),6254,6095,159,20889,20889,0,-70.0608
16/04/2021 17:17,2020,1,WESTERN EUROPE-EU,ITALY,2,SOUTHAMPTON,MILAN (MALPENSA),4,0,4,0,0,0,0
16/04/2021 17:17,2020,1,WESTERN EUROPE-EU,ITALY,2,SOUTHAMPTON,VERONA VILLAFRANCA,0,0,0,5307,5307,0,-100
16/04/2021 17:17,2020,1,WESTERN EUROPE-EU,ITALY,2,TEESSIDE INTERNATIONAL AIRPORT,BERGAMO,0,0,0,332,0,332,-100
16/04/2021 17:17,2020,1,WESTERN EUROPE-EU,LUXEMBOURG,1,GATWICK,LUXEMBOURG,13438,13438,0,65662,65662,0,-79.53459
16/04/2021 17:17,2020,1,WESTERN EUROPE-EU,LUXEMBOURG,1,HEATHROW,LUXEMBOURG,37108,37108,0,181538,181538,0,-79.5591
16/04/2021 17:17,2020,1,WESTERN EUROPE-EU,LUXEMBOURG,1,LONDON CITY,LUXEMBOURG,31565,31565,0,177018,177018,0,-82.16848
16/04/2021 17:17,2020,1,WESTERN EUROPE-EU,LUXEMBOURG,1,LUTON,LUXEMBOURG,64,64,0,66,66,0,-3.0303
16/04/2021 17:17,2020,1,WESTERN EUROPE-EU,LUXEMBOURG,1,SOUTHEND,LUXEMBOURG,0,0,0,73,73,0,-100
16/04/2021 17:17,2020,1,WESTERN EUROPE-EU,LUXEMBOURG,1,STANSTED,LUXEMBOURG,29111,28988,123,104466,104466,0,-72.13352
16/04/2021 17:17,2020,1,WESTERN EUROPE-EU,LUXEMBOURG,2,BELFAST INTERNATIONAL,LUXEMBOURG,0,0,0,90,0,90,-100
16/04/2021 17:17,2020,1,WESTERN EUROPE-EU,LUXEMBOURG,2,BIGGIN HILL,LUXEMBOURG,0,0,0,3,0,3,-100
16/04/2021 17:17,2020,1,WESTERN EUROPE-EU,LUXEMBOURG,2,BIRMINGHAM,LUXEMBOURG,0,0,0,36,36,0,-100
16/04/2021 17:17,2020,1,WESTERN EUROPE-EU,LUXEMBOURG,2,EDINBURGH,LUXEMBOURG,9522,9522,0,35185,35185,0,-72.93733
16/04/2021 17:17,2020,1,WESTERN EUROPE-EU,LUXEMBOURG,2,GLASGOW,LUXEMBOURG,0,0,0,304,0,304,-100
16/04/2021 17:17,2020,1,WESTERN EUROPE-EU,LUXEMBOURG,2,JERSEY,LUXEMBOURG,0,0,0,434,27,407,-100
16/04/2021 17:17,2020,1,WESTERN EUROPE-EU,LUXEMBOURG,2,MANCHESTER,LUXEMBOURG,2954,2954,0,27033,27033,0,-89.07261
16/04/2021 17:17,2020,1,WESTERN EUROPE-EU,LUXEMBOURG,2,STORNOWAY,LUXEMBOURG,0,0,0,24,0,24,-100
16/04/2021 17:17,2020,1,WESTERN EUROPE-EU,MALTA,1,GATWICK,MALTA,68649,68649,0,400620,376073,24547,-82.86431
16/04/2021 17:17,2020,1,WESTERN EUROPE-EU,MALTA,1,HEATHROW,MALTA,61262,61262,0,201035,201035,0,-69.5267
16/04/2021 17:17,2020,1,WESTERN EUROPE-EU,MALTA,1,LUTON,MALTA,25560,25560,0,115466,115466,0,-77.86361
16/04/2021 17:17,2020,1,WESTERN EUROPE-EU,MALTA,1,SOUTHEND,MALTA,6329,6329,0,66329,66329,0,-90.45817
16/04/2021 17:17,2020,1,WESTERN EUROPE-EU,MALTA,1,STANSTED,MALTA,25337,25285,52,115975,115975,0,-78.15305
16/04/2021 17:17,2020,1,WESTERN EUROPE-EU,MALTA,2,ABERDEEN,MALTA,0,0,0,20075,20075,0,-100
16/04/2021 17:17,2020,1,WESTERN EUROPE-EU,MALTA,2,BELFAST INTERNATIONAL,MALTA,1989,1989,0,34534,34534,0,-94.24046
16/04/2021 17:17,2020,1,WESTERN EUROPE-EU,MALTA,2,BIGGIN HILL,MALTA,20,0,20,0,0,0,0
16/04/2021 17:17,2020,1,WESTERN EUROPE-EU,MALTA,2,BIRMINGHAM,MALTA,18031,18031,0,89729,78999,10730,-79.90505
16/04/2021 17:17,2020,1,WESTERN EUROPE-EU,MALTA,2,BOURNEMOUTH,MALTA,9520,9520,0,33136,33136,0,-71.26992
16/04/2021 17:17,2020,1,WESTERN EUROPE-EU,MALTA,2,BRISTOL,MALTA,15649,15649,0,70514,66219,4295,-77.80724
16/04/2021 17:17,2020,1,WESTERN EUROPE-EU,MALTA,2,CARDIFF WALES,MALTA,6574,6574,0,25536,25536,0,-74.25595
16/04/2021 17:17,2020,1,WESTERN EUROPE-EU,MALTA,2,EAST MIDLANDS INTERNATIONAL,MALTA,13781,13781,0,63208,63208,0,-78.19738
16/04/2021 17:17,2020,1,WESTERN EUROPE-EU,MALTA,2,EDINBURGH,MALTA,14339,14160,179,58587,58587,0,-75.52529
16/04/2021 17:17,2020,1,WESTERN EUROPE-EU,MALTA,2,EXETER,MALTA,5222,5222,0,24010,24010,0,-78.25073
16/04/2021 17:17,2020,1,WESTERN EUROPE-EU,MALTA,2,GLASGOW,MALTA,700,700,0,22623,22623,0,-96.9058
16/04/2021 17:17,2020,1,WESTERN EUROPE-EU,MALTA,2,LEEDS BRADFORD,MALTA,11795,11795,0,56561,56561,0,-79.14641
16/04/2021 17:17,2020,1,WESTERN EUROPE-EU,MALTA,2,LIVERPOOL (JOHN LENNON),MALTA,10718,10718,0,35439,35439,0,-69.75648
16/04/2021 17:17,2020,1,WESTERN EUROPE-EU,MALTA,2,MANCHESTER,MALTA,46919,46846,73,237563,206806,30757,-80.24987
16/04/2021 17:17,2020,1,WESTERN EUROPE-EU,MALTA,2,NEWCASTLE,MALTA,2875,2875,0,42874,42874,0,-93.2943
16/04/2021 17:17,2020,1,WESTERN EUROPE-EU,MALTA,2,PRESTWICK,MALTA,0,0,0,3654,3654,0,-100
16/04/2021 17:17,2020,1,WESTERN EUROPE-EU,NETHERLANDS,1,GATWICK,AMSTERDAM,262583,262486,97,1098936,1098711,225,-76.10571
16/04/2021 17:17,2020,1,WESTERN EUROPE-EU,NETHERLANDS,1,HEATHROW,AMSTERDAM,525790,525790,0,1748216,1748216,0,-69.9242
16/04/2021 17:17,2020,1,WESTERN EUROPE-EU,NETHERLANDS,1,LONDON CITY,AMSTERDAM,134649,134579,70,667584,667584,0,-79.8304
16/04/2021 17:17,2020,1,WESTERN EUROPE-EU,NETHERLANDS,1,LONDON CITY,ROTTERDAM,27458,27458,0,177797,177797,0,-84.55654
16/04/2021 17:17,2020,1,WESTERN EUROPE-EU,NETHERLANDS,1,LUTON,AMSTERDAM,201383,201383,0,840703,840703,0,-76.04588
16/04/2021 17:17,2020,1,WESTERN EUROPE-EU,NETHERLANDS,1,LUTON,EINDHOVEN,0,0,0,228,228,0,-100
16/04/2021 17:17,2020,1,WESTERN EUROPE-EU,NETHERLANDS,1,LUTON,ROTTERDAM,0,0,0,288,0,288,-100
16/04/2021 17:17,2020,1,WESTERN EUROPE-EU,NETHERLANDS,1,SOUTHEND,AMSTERDAM,35250,35250,0,201625,201625,0,-82.51705
16/04/2021 17:17,2020,1,WESTERN EUROPE-EU,NETHERLANDS,1,SOUTHEND,GRONINGEN,3616,3616,0,41847,41847,0,-91.359
16/04/2021 17:17,2020,1,WESTERN EUROPE-EU,NETHERLANDS,1,STANSTED,AMSTERDAM,85838,85838,0,363360,363114,246,-76.3766
16/04/2021 17:17,2020,1,WESTERN EUROPE-EU,NETHERLANDS,1,STANSTED,EINDHOVEN,75263,75263,0,316885,316885,0,-76.24911
16/04/2021 17:17,2020,1,WESTERN EUROPE-EU,NETHERLANDS,1,STANSTED,ROTTERDAM,0,0,0,95,95,0,-100
16/04/2021 17:17,2020,1,WESTERN EUROPE-EU,NETHERLANDS,2,ABERDEEN,AMSTERDAM,112058,112058,0,319669,319669,0,-64.94562
16/04/2021 17:17,2020,1,WESTERN EUROPE-EU,NETHERLANDS,2,ABERDEEN,ROTTERDAM,173,20,153,0,0,0,0
16/04/2021 17:17,2020,1,WESTERN EUROPE-EU,NETHERLANDS,2,BELFAST CITY (GEORGE BEST),AMSTERDAM,12768,12768,0,52329,51840,489,-75.60053
16/04/2021 17:17,2020,1,WESTERN EUROPE-EU,NETHERLANDS,2,BELFAST INTERNATIONAL,AMSTERDAM,26458,26186,272,130257,130134,123,-79.68785
16/04/2021 17:17,2020,1,WESTERN EUROPE-EU,NETHERLANDS,2,BELFAST INTERNATIONAL,ROTTERDAM,0,0,0,43,0,43,-100
16/04/2021 17:17,2020,1,WESTERN EUROPE-EU,NETHERLANDS,2,BIGGIN HILL,EINDHOVEN,2,0,2,0,0,0,0
16/04/2021 17:17,2020,1,WESTERN EUROPE-EU,NETHERLANDS,2,BIGGIN HILL,ROTTERDAM,0,0,0,11,0,11,-100
16/04/2021 17:17,2020,1,WESTERN EUROPE-EU,NETHERLANDS,2,BIRMINGHAM,AMSTERDAM,182457,182457,0,701737,701659,78,-73.99923
16/04/2021 17:17,2020,1,WESTERN EUROPE-EU,NETHERLANDS,2,BIRMINGHAM,EINDHOVEN,0,0,0,59,0,59,-100
16/04/2021 17:17,2020,1,WESTERN EUROPE-EU,NETHERLANDS,2,BRISTOL,AMSTERDAM,118625,118625,0,457330,457330,0,-74.0614
16/04/2021 17:17,2020,1,WESTERN EUROPE-EU,NETHERLANDS,2,CARDIFF WALES,AMSTERDAM,33765,33765,0,161946,161946,0,-79.15046
16/04/2021 17:17,2020,1,WESTERN EUROPE-EU,NETHERLANDS,2,DONCASTER SHEFFIELD,AMSTERDAM,0,0,0,48840,48840,0,-100
16/04/2021 17:17,2020,1,WESTERN EUROPE-EU,NETHERLANDS,2,DUNDEE,AMSTERDAM,21,0,21,18,0,18,16.66667
16/04/2021 17:17,2020,1,WESTERN EUROPE-EU,NETHERLANDS,2,EAST MIDLANDS INTERNATIONAL,AMSTERDAM,6542,6542,0,48462,48462,0,-86.50076
16/04/2021 17:17,2020,1,WESTERN EUROPE-EU,NETHERLANDS,2,EDINBURGH,AMSTERDAM,172058,172025,33,680388,680031,357,-74.71178
16/04/2021 17:17,2020,1,WESTERN EUROPE-EU,NETHERLANDS,2,EDINBURGH,EINDHOVEN,9262,9262,0,48334,48334,0,-80.83751
16/04/2021 17:17,2020,1,WESTERN EUROPE-EU,NETHERLANDS,2,EDINBURGH,ROTTERDAM,968,968,0,0,0,0,0
16/04/2021 17:17,2020,1,WESTERN EUROPE-EU,NETHERLANDS,2,EXETER,AMSTERDAM,10251,10251,0,61658,61658,0,-83.37442
16/04/2021 17:17,2020,1,WESTERN EUROPE-EU,NETHERLANDS,2,GLASGOW,AMSTERDAM,116622,116531,91,439409,439313,96,-73.45935
16/04/2021 17:17,2020,1,WESTERN EUROPE-EU,NETHERLANDS,2,GLASGOW,EINDHOVEN,104,0,104,658,0,658,-84.19453
16/04/2021 17:17,2020,1,WESTERN EUROPE-EU,NETHERLANDS,2,GLASGOW,ROTTERDAM,0,0,0,1380,0,1380,-100
16/04/2021 17:17,2020,1,WESTERN EUROPE-EU,NETHERLANDS,2,GUERNSEY,GRONINGEN,0,0,0,1079,88,991,-100
16/04/2021 17:17,2020,1,WESTERN EUROPE-EU,NETHERLANDS,2,GUERNSEY,MAASTRICHT,0,0,0,37,0,37,-100
16/04/2021 17:17,2020,1,WESTERN EUROPE-EU,NETHERLANDS,2,GUERNSEY,ROTTERDAM,0,0,0,1665,36,1629,-100
16/04/2021 17:17,2020,1,WESTERN EUROPE-EU,NETHERLANDS,2,HUMBERSIDE,AMSTERDAM,29209,29209,0,134946,134946,0,-78.35505
16/04/2021 17:17,2020,1,WESTERN EUROPE-EU,NETHERLANDS,2,INVERNESS,AMSTERDAM,14600,14600,0,98921,98563,358,-85.24075
16/04/2021 17:17,2020,1,WESTERN EUROPE-EU,NETHERLANDS,2,INVERNESS,ROTTERDAM,0,0,0,157,0,157,-100
16/04/2021 17:17,2020,1,WESTERN EUROPE-EU,NETHERLANDS,2,JERSEY,MAASTRICHT,0,0,0,56,0,56,-100
16/04/2021 17:17,2020,1,WESTERN EUROPE-EU,NETHERLANDS,2,JERSEY,ROTTERDAM,0,0,0,406,115,291,-100
16/04/2021 17:17,2020,1,WESTERN EUROPE-EU,NETHERLANDS,2,LEEDS BRADFORD,AMSTERDAM,67696,67696,0,266142,266142,0,-74.56395
16/04/2021 17:17,2020,1,WESTERN EUROPE-EU,NETHERLANDS,2,LIVERPOOL (JOHN LENNON),AMSTERDAM,56416,56172,244,240087,240087,0,-76.50185
16/04/2021 17:17,2020,1,WESTERN EUROPE-EU,NETHERLANDS,2,LIVERPOOL (JOHN LENNON),MAASTRICHT,0,0,0,669,0,669,-100
16/04/2021 17:17,2020,1,WESTERN EUROPE-EU,NETHERLANDS,2,MANCHESTER,AMSTERDAM,347524,347524,0,1064910,1064313,597,-67.36588
16/04/2021 17:17,2020,1,WESTERN EUROPE-EU,NETHERLANDS,2,MANCHESTER,EINDHOVEN,20282,20282,0,68173,68173,0,-70.24922
16/04/2021 17:17,2020,1,WESTERN EUROPE-EU,NETHERLANDS,2,MANCHESTER,GRONINGEN,86,0,86,0,0,0,0
16/04/2021 17:17,2020,1,WESTERN EUROPE-EU,NETHERLANDS,2,MANCHESTER,ROTTERDAM,679,0,679,100,0,100,579
16/04/2021 17:17,2020,1,WESTERN EUROPE-EU,NETHERLANDS,2,NEWCASTLE,AMSTERDAM,115365,115365,0,362851,362636,215,-68.20596
16/04/2021 17:17,2020,1,WESTERN EUROPE-EU,NETHERLANDS,2,NEWCASTLE,EINDHOVEN,0,0,0,155,0,155,-100
16/04/2021 17:17,2020,1,WESTERN EUROPE-EU,NETHERLANDS,2,NORWICH,AMSTERDAM,33097,33097,0,166098,166098,0,-80.07381
16/04/2021 17:17,2020,1,WESTERN EUROPE-EU,NETHERLANDS,2,PRESTWICK,AMSTERDAM,0,0,0,113,0,113,-100
16/04/2021 17:17,2020,1,WESTERN EUROPE-EU,NETHERLANDS,2,SOUTHAMPTON,AMSTERDAM,28306,28306,0,178051,178051,0,-84.10231
16/04/2021 17:17,2020,1,WESTERN EUROPE-EU,NETHERLANDS,2,SOUTHAMPTON,ROTTERDAM,0,0,0,53,0,53,-100
16/04/2021 17:17,2020,1,WESTERN EUROPE-EU,NETHERLANDS,2,TEESSIDE INTERNATIONAL AIRPORT,AMSTERDAM,23898,23898,0,118907,118907,0,-79.90194
16/04/2021 17:17,2020,1,WESTERN EUROPE-EU,PORTUGAL(EXCLUDING MADEIRA),1,GATWICK,AZORES PONTA DELGADA,281,0,281,3030,3030,0,-90.72607
16/04/2021 17:17,2020,1,WESTERN EUROPE-EU,PORTUGAL(EXCLUDING MADEIRA),1,GATWICK,FARO,122008,120802,1206,714325,688842,25483,-82.91982
16/04/2021 17:17,2020,1,WESTERN EUROPE-EU,PORTUGAL(EXCLUDING MADEIRA),1,GATWICK,LISBON,89239,89189,50,376093,376000,93,-76.27209
16/04/2021 17:17,2020,1,WESTERN EUROPE-EU,PORTUGAL(EXCLUDING MADEIRA),1,GATWICK,OPORTO (PORTUGAL),78794,78794,0,387074,387074,0,-79.64369
16/04/2021 17:17,2020,1,WESTERN EUROPE-EU,PORTUGAL(EXCLUDING MADEIRA),1,HEATHROW,FARO,58327,57959,368,71325,71325,0,-18.22362
16/04/2021 17:17,2020,1,WESTERN EUROPE-EU,PORTUGAL(EXCLUDING MADEIRA),1,HEATHROW,LISBON,300400,300106,294,943228,943228,0,-68.15192
16/04/2021 17:17,2020,1,WESTERN EUROPE-EU,PORTUGAL(EXCLUDING MADEIRA),1,HEATHROW,OPORTO (PORTUGAL),22425,22425,0,0,0,0,0
16/04/2021 17:17,2020,1,WESTERN EUROPE-EU,PORTUGAL(EXCLUDING MADEIRA),1,LONDON CITY,FARO,1299,1299,0,12476,12476,0,-89.58801
16/04/2021 17:17,2020,1,WESTERN EUROPE-EU,PORTUGAL(EXCLUDING MADEIRA),1,LONDON CITY,LISBON,0,0,0,66171,66171,0,-100
16/04/2021 17:17,2020,1,WESTERN EUROPE-EU,PORTUGAL(EXCLUDING MADEIRA),1,LONDON CITY,OPORTO (PORTUGAL),0,0,0,32809,32809,0,-100
16/04/2021 17:17,2020,1,WESTERN EUROPE-EU,PORTUGAL(EXCLUDING MADEIRA),1,LUTON,FARO,75315,75315,0,284291,281897,2394,-73.50778
16/04/2021 17:17,2020,1,WESTERN EUROPE-EU,PORTUGAL(EXCLUDING MADEIRA),1,LUTON,LISBON,137139,137139,0,414477,414349,128,-66.91276
16/04/2021 17:17,2020,1,WESTERN EUROPE-EU,PORTUGAL(EXCLUDING MADEIRA),1,LUTON,OPORTO (PORTUGAL),36475,36475,0,87697,87578,119,-58.40793
16/04/2021 17:17,2020,1,WESTERN EUROPE-EU,PORTUGAL(EXCLUDING MADEIRA),1,SOUTHEND,FARO,16717,16717,0,161755,161755,0,-89.66523
16/04/2021 17:17,2020,1,WESTERN EUROPE-EU,PORTUGAL(EXCLUDING MADEIRA),1,SOUTHEND,OPORTO (PORTUGAL),0,0,0,156,156,0,-100
16/04/2021 17:17,2020,1,WESTERN EUROPE-EU,PORTUGAL(EXCLUDING MADEIRA),1,STANSTED,AZORES LAJES TERCEIRA ISLAND,317,317,0,0,0,0,0
16/04/2021 17:17,2020,1,WESTERN EUROPE-EU,PORTUGAL(EXCLUDING MADEIRA),1,STANSTED,AZORES PONTA DELGADA,4961,4961,0,17090,17090,0,-70.97133
16/04/2021 17:17,2020,1,WESTERN EUROPE-EU,PORTUGAL(EXCLUDING MADEIRA),1,STANSTED,FARO,83054,82978,76,399477,381652,17825,-79.20932
16/04/2021 17:17,2020,1,WESTERN EUROPE-EU,PORTUGAL(EXCLUDING MADEIRA),1,STANSTED,LISBON,178049,177369,680,465027,464503,524,-61.71212
16/04/2021 17:17,2020,1,WESTERN EUROPE-EU,PORTUGAL(EXCLUDING MADEIRA),1,STANSTED,OPORTO (PORTUGAL),118645,118458,187,348232,348027,205,-65.92932
16/04/2021 17:17,2020,1,WESTERN EUROPE-EU,PORTUGAL(EXCLUDING MADEIRA),2,ABERDEEN,FARO,1184,1184,0,20755,20755,0,-94.29535
16/04/2021 17:17,2020,1,WESTERN EUROPE-EU,PORTUGAL(EXCLUDING MADEIRA),2,ABERDEEN,LISBON,90,0,90,0,0,0,0
16/04/2021 17:17,2020,1,WESTERN EUROPE-EU,PORTUGAL(EXCLUDING MADEIRA),2,BELFAST CITY (GEORGE BEST),FARO,5,0,5,34689,34689,0,-99.98559
16/04/2021 17:17,2020,1,WESTERN EUROPE-EU,PORTUGAL(EXCLUDING MADEIRA),2,BELFAST INTERNATIONAL,FARO,20427,20427,0,209374,209242,132,-90.24377
16/04/2021 17:17,2020,1,WESTERN EUROPE-EU,PORTUGAL(EXCLUDING MADEIRA),2,BIGGIN HILL,AZORES PONTA DELGADA,4,0,4,0,0,0,0
16/04/2021 17:17,2020,1,WESTERN EUROPE-EU,PORTUGAL(EXCLUDING MADEIRA),2,BIGGIN HILL,FARO,25,0,25,19,0,19,31.57895
16/04/2021 17:17,2020,1,WESTERN EUROPE-EU,PORTUGAL(EXCLUDING MADEIRA),2,BIGGIN HILL,LISBON,5,0,5,7,0,7,-28.57143
16/04/2021 17:17,2020,1,WESTERN EUROPE-EU,PORTUGAL(EXCLUDING MADEIRA),2,BIRMINGHAM,FARO,48340,47187,1153,285487,266289,19198,-83.06753
16/04/2021 17:17,2020,1,WESTERN EUROPE-EU,PORTUGAL(EXCLUDING MADEIRA),2,BIRMINGHAM,OPORTO (PORTUGAL),14553,14553,0,27484,27228,256,-47.04919
16/04/2021 17:17,2020,1,WESTERN EUROPE-EU,PORTUGAL(EXCLUDING MADEIRA),2,BOURNEMOUTH,FARO,15569,15569,0,57043,57043,0,-72.70655
16/04/2021 17:17,2020,1,WESTERN EUROPE-EU,PORTUGAL(EXCLUDING MADEIRA),2,BOURNEMOUTH,LISBON,90,0,90,0,0,0,0
16/04/2021 17:17,2020,1,WESTERN EUROPE-EU,PORTUGAL(EXCLUDING MADEIRA),2,BRISTOL,FARO,55280,55280,0,307097,298118,8979,-81.99917
16/04/2021 17:17,2020,1,WESTERN EUROPE-EU,PORTUGAL(EXCLUDING MADEIRA),2,BRISTOL,LISBON,25629,25629,0,84516,84516,0,-69.67556
16/04/2021 17:17,2020,1,WESTERN EUROPE-EU,PORTUGAL(EXCLUDING MADEIRA),2,BRISTOL,OPORTO (PORTUGAL),12402,12402,0,48667,48667,0,-74.51661
16/04/2021 17:17,2020,1,WESTERN EUROPE-EU,PORTUGAL(EXCLUDING MADEIRA),2,CARDIFF WALES,FARO,3446,3446,0,48560,39684,8876,-92.90362
16/04/2021 17:17,2020,1,WESTERN EUROPE-EU,PORTUGAL(EXCLUDING MADEIRA),2,DONCASTER SHEFFIELD,FARO,17,0,17,17394,8193,9201,-99.90227
16/04/2021 17:17,2020,1,WESTERN EUROPE-EU,PORTUGAL(EXCLUDING MADEIRA),2,DUNDEE,FARO,1,0,1,0,0,0,0
16/04/2021 17:17,2020,1,WESTERN EUROPE-EU,PORTUGAL(EXCLUDING MADEIRA),2,EAST MIDLANDS INTERNATIONAL,FARO,34487,33875,612,252343,243223,9120,-86.33328
16/04/2021 17:17,2020,1,WESTERN EUROPE-EU,PORTUGAL(EXCLUDING MADEIRA),2,EAST MIDLANDS INTERNATIONAL,LISBON,0,0,0,165,165,0,-100
16/04/2021 17:17,2020,1,WESTERN EUROPE-EU,PORTUGAL(EXCLUDING MADEIRA),2,EAST MIDLANDS INTERNATIONAL,OPORTO (PORTUGAL),177,177,0,561,185,376,-68.4492
16/04/2021 17:17,2020,1,WESTERN EUROPE-EU,PORTUGAL(EXCLUDING MADEIRA),2,EDINBURGH,FARO,20199,20199,0,130968,130968,0,-84.57715
16/04/2021 17:17,2020,1,WESTERN EUROPE-EU,PORTUGAL(EXCLUDING MADEIRA),2,EDINBURGH,LISBON,25773,25773,0,85141,84923,218,-69.72904
16/04/2021 17:17,2020,1,WESTERN EUROPE-EU,PORTUGAL(EXCLUDING MADEIRA),2,EDINBURGH,OPORTO (PORTUGAL),1819,1819,0,31533,31533,0,-94.23144
16/04/2021 17:17,2020,1,WESTERN EUROPE-EU,PORTUGAL(EXCLUDING MADEIRA),2,EXETER,FARO,0,0,0,22438,14274,8164,-100
16/04/2021 17:17,2020,1,WESTERN EUROPE-EU,PORTUGAL(EXCLUDING MADEIRA),2,GLASGOW,FARO,16521,16521,0,117680,117564,116,-85.96108
16/04/2021 17:17,2020,1,WESTERN EUROPE-EU,PORTUGAL(EXCLUDING MADEIRA),2,GLASGOW,LISBON,241,0,241,0,0,0,0
16/04/2021 17:17,2020,1,WESTERN EUROPE-EU,PORTUGAL(EXCLUDING MADEIRA),2,GLASGOW,OPORTO (PORTUGAL),2996,0,2996,1313,0,1313,128.17974
16/04/2021 17:17,2020,1,WESTERN EUROPE-EU,PORTUGAL(EXCLUDING MADEIRA),2,GUERNSEY,FARO,0,0,0,6,0,6,-100
16/04/2021 17:17,2020,1,WESTERN EUROPE-EU,PORTUGAL(EXCLUDING MADEIRA),2,LEEDS BRADFORD,FARO,25049,24687,362,200282,200282,0,-87.49313
16/04/2021 17:17,2020,1,WESTERN EUROPE-EU,PORTUGAL(EXCLUDING MADEIRA),2,LIVERPOOL (JOHN LENNON),FARO,34500,34500,0,203295,203295,0,-83.02959
16/04/2021 17:17,2020,1,WESTERN EUROPE-EU,PORTUGAL(EXCLUDING MADEIRA),2,LIVERPOOL (JOHN LENNON),OPORTO (PORTUGAL),8967,8967,0,36443,34790,1653,-75.39445
16/04/2021 17:17,2020,1,WESTERN EUROPE-EU,PORTUGAL(EXCLUDING MADEIRA),2,MANCHESTER,AZORES PONTA DELGADA,0,0,0,9545,9545,0,-100
16/04/2021 17:17,2020,1,WESTERN EUROPE-EU,PORTUGAL(EXCLUDING MADEIRA),2,MANCHESTER,FARO,93465,91899,1566,521811,501880,19931,-82.08834
16/04/2021 17:17,2020,1,WESTERN EUROPE-EU,PORTUGAL(EXCLUDING MADEIRA),2,MANCHESTER,LISBON,92243,92037,206,329193,329193,0,-71.97905
16/04/2021 17:17,2020,1,WESTERN EUROPE-EU,PORTUGAL(EXCLUDING MADEIRA),2,MANCHESTER,OPORTO (PORTUGAL),29504,29303,201,101538,100659,879,-70.9429
16/04/2021 17:17,2020,1,WESTERN EUROPE-EU,PORTUGAL(EXCLUDING MADEIRA),2,NEWCASTLE,FARO,22686,22686,0,183536,183536,0,-87.63948
16/04/2021 17:17,2020,1,WESTERN EUROPE-EU,PORTUGAL(EXCLUDING MADEIRA),2,NEWQUAY,FARO,2719,2719,0,21439,21439,0,-87.31751
16/04/2021 17:17,2020,1,WESTERN EUROPE-EU,PORTUGAL(EXCLUDING MADEIRA),2,PRESTWICK,FARO,12590,12590,0,61474,61298,176,-79.5198
16/04/2021 17:17,2020,1,WESTERN EUROPE-EU,PORTUGAL(EXCLUDING MADEIRA),2,SOUTHAMPTON,FARO,0,0,0,15519,15519,0,-100
16/04/2021 17:17,2020,1,WESTERN EUROPE-EU,PORTUGAL(MADEIRA),1,GATWICK,FUNCHAL,85425,79778,5647,262527,232302,30225,-67.46049
16/04/2021 17:17,2020,1,WESTERN EUROPE-EU,PORTUGAL(MADEIRA),1,GATWICK,PORTO SANTO,0,0,0,8927,0,8927,-100
16/04/2021 17:17,2020,1,WESTERN EUROPE-EU,PORTUGAL(MADEIRA),1,HEATHROW,FUNCHAL,21497,21497,0,0,0,0,0
16/04/2021 17:17,2020,1,WESTERN EUROPE-EU,PORTUGAL(MADEIRA),1,LUTON,FUNCHAL,538,538,0,2138,0,2138,-74.8363
16/04/2021 17:17,2020,1,WESTERN EUROPE-EU,PORTUGAL(MADEIRA),1,STANSTED,FUNCHAL,14057,14057,0,60500,60500,0,-76.76529
16/04/2021 17:17,2020,1,WESTERN EUROPE-EU,PORTUGAL(MADEIRA),2,BELFAST INTERNATIONAL,FUNCHAL,0,0,0,11350,11350,0,-100
16/04/2021 17:17,2020,1,WESTERN EUROPE-EU,PORTUGAL(MADEIRA),2,BIRMINGHAM,FUNCHAL,11775,11775,0,29916,29728,188,-60.63979
16/04/2021 17:17,2020,1,WESTERN EUROPE-EU,PORTUGAL(MADEIRA),2,BIRMINGHAM,PORTO SANTO,0,0,0,5479,0,5479,-100
16/04/2021 17:17,2020,1,WESTERN EUROPE-EU,PORTUGAL(MADEIRA),2,BRISTOL,FUNCHAL,19520,19520,0,43699,43699,0,-55.33079
16/04/2021 17:17,2020,1,WESTERN EUROPE-EU,PORTUGAL(MADEIRA),2,DONCASTER SHEFFIELD,FUNCHAL,0,0,0,194,0,194,-100
16/04/2021 17:17,2020,1,WESTERN EUROPE-EU,PORTUGAL(MADEIRA),2,EAST MIDLANDS INTERNATIONAL,FUNCHAL,10041,6338,3703,35083,17360,17723,-71.3793
16/04/2021 17:17,2020,1,WESTERN EUROPE-EU,PORTUGAL(MADEIRA),2,EDINBURGH,FUNCHAL,7825,7825,0,17982,17982,0,-56.48426
16/04/2021 17:17,2020,1,WESTERN EUROPE-EU,PORTUGAL(MADEIRA),2,GLASGOW,FUNCHAL,5368,5368,0,17489,17489,0,-69.30642
16/04/2021 17:17,2020,1,WESTERN EUROPE-EU,PORTUGAL(MADEIRA),2,JERSEY,FUNCHAL,6653,0,6653,10919,143,10776,-39.06951
16/04/2021 17:17,2020,1,WESTERN EUROPE-EU,PORTUGAL(MADEIRA),2,LEEDS BRADFORD,FUNCHAL,7725,7725,0,18176,18176,0,-57.4989
16/04/2021 17:17,2020,1,WESTERN EUROPE-EU,PORTUGAL(MADEIRA),2,MANCHESTER,FUNCHAL,33786,29817,3969,102392,75668,26724,-67.00328
16/04/2021 17:17,2020,1,WESTERN EUROPE-EU,PORTUGAL(MADEIRA),2,MANCHESTER,PORTO SANTO,0,0,0,6069,0,6069,-100
16/04/2021 17:17,2020,1,WESTERN EUROPE-EU,PORTUGAL(MADEIRA),2,NEWCASTLE,FUNCHAL,4402,4402,0,17016,17016,0,-74.13023
16/04/2021 17:17,2020,1,WESTERN EUROPE-EU,SLOVENIA,1,GATWICK,LJUBLJANA,13171,13107,64,61299,61299,0,-78.51352
16/04/2021 17:17,2020,1,WESTERN EUROPE-EU,SLOVENIA,1,HEATHROW,LJUBLJANA,0,0,0,4497,4497,0,-100
16/04/2021 17:17,2020,1,WESTERN EUROPE-EU,SLOVENIA,1,LUTON,LJUBLJANA,133,133,0,45493,45493,0,-99.70765
16/04/2021 17:17,2020,1,WESTERN EUROPE-EU,SLOVENIA,1,SOUTHEND,LJUBLJANA,72,72,0,0,0,0,0
16/04/2021 17:17,2020,1,WESTERN EUROPE-EU,SLOVENIA,1,STANSTED,LJUBLJANA,15997,15997,0,120413,120413,0,-86.71489
16/04/2021 17:17,2020,1,WESTERN EUROPE-EU,SLOVENIA,2,BELFAST INTERNATIONAL,MARIBOR,92,0,92,0,0,0,0
16/04/2021 17:17,2020,1,WESTERN EUROPE-EU,SLOVENIA,2,MANCHESTER,LJUBLJANA,0,0,0,2525,2071,454,-100
16/04/2021 17:17,2020,1,WESTERN EUROPE-EU,SPAIN,1,GATWICK,ALICANTE,165617,165035,582,891356,856788,34568,-81.41966
16/04/2021 17:17,2020,1,WESTERN EUROPE-EU,SPAIN,1,GATWICK,ALMERIA,19441,19441,0,145469,136823,8646,-86.63564
16/04/2021 17:17,2020,1,WESTERN EUROPE-EU,SPAIN,1,GATWICK,ASTURIAS,10822,10822,0,35520,35520,0,-69.53266
16/04/2021 17:17,2020,1,WESTERN EUROPE-EU,SPAIN,1,GATWICK,BARCELONA,284627,284627,0,1586932,1586574,358,-82.06432
16/04/2021 17:17,2020,1,WESTERN EUROPE-EU,SPAIN,1,GATWICK,BILBAO,44560,44560,0,215907,215907,0,-79.36148
16/04/2021 17:17,2020,1,WESTERN EUROPE-EU,SPAIN,1,GATWICK,GIRONA,0,0,0,14479,0,14479,-100
16/04/2021 17:17,2020,1,WESTERN EUROPE-EU,SPAIN,1,GATWICK,GRANADA,5130,5130,0,47591,47591,0,-89.22065
16/04/2021 17:17,2020,1,WESTERN EUROPE-EU,SPAIN,1,GATWICK,IBIZA,8608,6801,1807,280657,225573,55084,-96.93291
16/04/2021 17:17,2020,1,WESTERN EUROPE-EU,SPAIN,1,GATWICK,JEREZ,0,0,0,35195,25967,9228,-100
16/04/2021 17:17,2020,1,WESTERN EUROPE-EU,SPAIN,1,GATWICK,LIEIDA,0,0,0,5674,0,5674,-100
16/04/2021 17:17,2020,1,WESTERN EUROPE-EU,SPAIN,1,GATWICK,MADRID,212507,212335,172,1030956,1030956,0,-79.38738
16/04/2021 17:17,2020,1,WESTERN EUROPE-EU,SPAIN,1,GATWICK,MAHON,15773,15478,295,237337,187069,50268,-93.35418
16/04/2021 17:17,2020,1,WESTERN EUROPE-EU,SPAIN,1,GATWICK,MALAGA,179210,175242,3968,1112615,1070960,41655,-83.8929
16/04/2021 17:17,2020,1,WESTERN EUROPE-EU,SPAIN,1,GATWICK,MURCIA INTERNATIONAL,32354,32354,0,181236,181236,0,-82.14814
16/04/2021 17:17,2020,1,WESTERN EUROPE-EU,SPAIN,1,GATWICK,MURCIA SAN JAVIER,0,0,0,3557,3557,0,-100
16/04/2021 17:17,2020,1,WESTERN EUROPE-EU,SPAIN,1,GATWICK,PALMA DE MALLORCA,67710,65321,2389,772671,665136,107535,-91.23689
16/04/2021 17:17,2020,1,WESTERN EUROPE-EU,SPAIN,1,GATWICK,REUS,431,0,431,43331,16400,26931,-99.00533
16/04/2021 17:17,2020,1,WESTERN EUROPE-EU,SPAIN,1,GATWICK,SANTIAGO DE COMPOSTELA (SPAIN),0,0,0,22084,22084,0,-100
16/04/2021 17:17,2020,1,WESTERN EUROPE-EU,SPAIN,1,GATWICK,SEVILLE,49908,49733,175,240453,239445,1008,-79.24418
16/04/2021 17:17,2020,1,WESTERN EUROPE-EU,SPAIN,1,GATWICK,VALENCIA,53951,53951,0,307712,307435,277,-82.46705
16/04/2021 17:17,2020,1,WESTERN EUROPE-EU,SPAIN,1,GATWICK,VITORIA,0,0,0,44,0,44,-100
16/04/2021 17:17,2020,1,WESTERN EUROPE-EU,SPAIN,1,HEATHROW,A CORUNA,20910,20910,0,112412,112412,0,-81.39878
16/04/2021 17:17,2020,1,WESTERN EUROPE-EU,SPAIN,1,HEATHROW,ALICANTE,22027,22027,0,0,0,0,0
16/04/2021 17:17,2020,1,WESTERN EUROPE-EU,SPAIN,1,HEATHROW,BARCELONA,188738,188738,0,785125,785125,0,-75.96077
16/04/2021 17:17,2020,1,WESTERN EUROPE-EU,SPAIN,1,HEATHROW,BILBAO,3318,3318,0,24617,24617,0,-86.52151
16/04/2021 17:17,2020,1,WESTERN EUROPE-EU,SPAIN,1,HEATHROW,IBIZA,29729,29729,0,72057,72057,0,-58.74238
16/04/2021 17:17,2020,1,WESTERN EUROPE-EU,SPAIN,1,HEATHROW,MADRID,454761,454499,262,1476551,1475893,658,-69.20113
16/04/2021 17:17,2020,1,WESTERN EUROPE-EU,SPAIN,1,HEATHROW,MAHON,4125,4125,0,0,0,0,0
16/04/2021 17:17,2020,1,WESTERN EUROPE-EU,SPAIN,1,HEATHROW,MALAGA,63101,63084,17,120345,120345,0,-47.56658
16/04/2021 17:17,2020,1,WESTERN EUROPE-EU,SPAIN,1,HEATHROW,PALMA DE MALLORCA,32942,32587,355,141246,141246,0,-76.67757
16/04/2021 17:17,2020,1,WESTERN EUROPE-EU,SPAIN,1,HEATHROW,SANTIAGO DE COMPOSTELA (SPAIN),0,0,0,204,204,0,-100
16/04/2021 17:17,2020,1,WESTERN EUROPE-EU,SPAIN,1,HEATHROW,SEVILLE,4709,4592,117,0,0,0,0
16/04/2021 17:17,2020,1,WESTERN EUROPE-EU,SPAIN,1,HEATHROW,VALENCIA,25624,25624,0,99320,99320,0,-74.20056
16/04/2021 17:17,2020,1,WESTERN EUROPE-EU,SPAIN,1,LONDON CITY,GRANADA,0,0,0,14832,14832,0,-100
16/04/2021 17:17,2020,1,WESTERN EUROPE-EU,SPAIN,1,LONDON CITY,IBIZA,16090,16090,0,95785,95785,0,-83.20196
16/04/2021 17:17,2020,1,WESTERN EUROPE-EU,SPAIN,1,LONDON CITY,MAHON,58,58,0,3278,3278,0,-98.23063
16/04/2021 17:17,2020,1,WESTERN EUROPE-EU,SPAIN,1,LONDON CITY,MALAGA,6841,6841,0,60396,60396,0,-88.67309
16/04/2021 17:17,2020,1,WESTERN EUROPE-EU,SPAIN,1,LONDON CITY,PALMA DE MALLORCA,6307,6307,0,44714,44714,0,-85.8948
16/04/2021 17:17,2020,1,WESTERN EUROPE-EU,SPAIN,1,LUTON,ALICANTE,68457,68457,0,317161,317161,0,-78.41569
16/04/2021 17:17,2020,1,WESTERN EUROPE-EU,SPAIN,1,LUTON,BARCELONA,102065,102065,0,468761,468761,0,-78.22664
16/04/2021 17:17,2020,1,WESTERN EUROPE-EU,SPAIN,1,LUTON,CASTELLON COSTA AZAHAR,7479,7479,0,1349,1349,0,454.41067
16/04/2021 17:17,2020,1,WESTERN EUROPE-EU,SPAIN,1,LUTON,CASTELLON DE LA PLANA AIRPORT,333,333,0,559,559,0,-40.42934
16/04/2021 17:17,2020,1,WESTERN EUROPE-EU,SPAIN,1,LUTON,GIRONA,284,284,0,29914,29914,0,-99.05061
16/04/2021 17:17,2020,1,WESTERN EUROPE-EU,SPAIN,1,LUTON,IBIZA,4029,4029,0,86686,75764,10922,-95.35219
16/04/2021 17:17,2020,1,WESTERN EUROPE-EU,SPAIN,1,LUTON,MADRID,20051,20051,0,134769,132905,1864,-85.12195
16/04/2021 17:17,2020,1,WESTERN EUROPE-EU,SPAIN,1,LUTON,MAHON,5356,5356,0,47508,45460,2048,-88.72611
16/04/2021 17:17,2020,1,WESTERN EUROPE-EU,SPAIN,1,LUTON,MALAGA,98900,98193,707,381836,377588,4248,-74.09883
16/04/2021 17:17,2020,1,WESTERN EUROPE-EU,SPAIN,1,LUTON,MURCIA INTERNATIONAL,725,725,0,81037,81037,0,-99.10535
16/04/2021 17:17,2020,1,WESTERN EUROPE-EU,SPAIN,1,LUTON,MURCIA SAN JAVIER,0,0,0,1827,1827,0,-100
16/04/2021 17:17,2020,1,WESTERN EUROPE-EU,SPAIN,1,LUTON,PALMA DE MALLORCA,33174,33174,0,235183,209199,25984,-85.89439
16/04/2021 17:17,2020,1,WESTERN EUROPE-EU,SPAIN,1,LUTON,REUS,787,787,0,19744,17682,2062,-96.01398
16/04/2021 17:17,2020,1,WESTERN EUROPE-EU,SPAIN,1,LUTON,SEVILLE,21601,21601,0,55223,55223,0,-60.88405
16/04/2021 17:17,2020,1,WESTERN EUROPE-EU,SPAIN,1,LUTON,VALENCIA,7378,7378,0,42781,42640,141,-82.75403
16/04/2021 17:17,2020,1,WESTERN EUROPE-EU,SPAIN,1,LUTON,VITORIA,0,0,0,90,0,90,-100
16/04/2021 17:17,2020,1,WESTERN EUROPE-EU,SPAIN,1,SOUTHEND,ALICANTE,43096,43096,0,199397,199397,0,-78.38684
16/04/2021 17:17,2020,1,WESTERN EUROPE-EU,SPAIN,1,SOUTHEND,BARCELONA,5434,5434,0,49125,49125,0,-88.93842
16/04/2021 17:17,2020,1,WESTERN EUROPE-EU,SPAIN,1,SOUTHEND,BILBAO,11397,11397,0,41500,41500,0,-72.53735
16/04/2021 17:17,2020,1,WESTERN EUROPE-EU,SPAIN,1,SOUTHEND,GIRONA,212,212,0,13,13,0,1530.76923
16/04/2021 17:17,2020,1,WESTERN EUROPE-EU,SPAIN,1,SOUTHEND,IBIZA,462,462,0,24569,24569,0,-98.11958
16/04/2021 17:17,2020,1,WESTERN EUROPE-EU,SPAIN,1,SOUTHEND,MAHON,449,449,0,17254,17254,0,-97.3977
16/04/2021 17:17,2020,1,WESTERN EUROPE-EU,SPAIN,1,SOUTHEND,MALAGA,38006,38006,0,163639,163639,0,-76.77449
16/04/2021 17:17,2020,1,WESTERN EUROPE-EU,SPAIN,1,SOUTHEND,MURCIA INTERNATIONAL,6717,6717,0,28500,28500,0,-76.43158
16/04/2021 17:17,2020,1,WESTERN EUROPE-EU,SPAIN,1,SOUTHEND,MURCIA SAN JAVIER,0,0,0,967,967,0,-100
16/04/2021 17:17,2020,1,WESTERN EUROPE-EU,SPAIN,1,SOUTHEND,PALMA DE MALLORCA,7574,7574,0,143888,143888,0,-94.73618
16/04/2021 17:17,2020,1,WESTERN EUROPE-EU,SPAIN,1,SOUTHEND,REUS,990,990,0,20214,20214,0,-95.1024
16/04/2021 17:17,2020,1,WESTERN EUROPE-EU,SPAIN,1,STANSTED,ALICANTE,86984,86975,9,372931,372931,0,-76.67558
16/04/2021 17:17,2020,1,WESTERN EUROPE-EU,SPAIN,1,STANSTED,ALMERIA,4681,4681,0,39417,39417,0,-88.12441
16/04/2021 17:17,2020,1,WESTERN EUROPE-EU,SPAIN,1,STANSTED,BARCELONA,138523,138523,0,519495,519038,457,-73.33507
16/04/2021 17:17,2020,1,WESTERN EUROPE-EU,SPAIN,1,STANSTED,BILBAO,6075,5890,185,119782,119782,0,-94.92829
16/04/2021 17:17,2020,1,WESTERN EUROPE-EU,SPAIN,1,STANSTED,CASTELLON COSTA AZAHAR,8800,8800,0,31944,31944,0,-72.45179
16/04/2021 17:17,2020,1,WESTERN EUROPE-EU,SPAIN,1,STANSTED,CASTELLON DE LA PLANA AIRPORT,0,0,0,15004,15004,0,-100
16/04/2021 17:17,2020,1,WESTERN EUROPE-EU,SPAIN,1,STANSTED,GIRONA,4279,4279,0,80751,80751,0,-94.70099
16/04/2021 17:17,2020,1,WESTERN EUROPE-EU,SPAIN,1,STANSTED,IBIZA,17448,17448,0,281760,266563,15197,-93.8075
16/04/2021 17:17,2020,1,WESTERN EUROPE-EU,SPAIN,1,STANSTED,JEREZ,12051,12051,0,56249,56249,0,-78.57562
16/04/2021 17:17,2020,1,WESTERN EUROPE-EU,SPAIN,1,STANSTED,LIEIDA,0,0,0,3546,3546,0,-100
16/04/2021 17:17,2020,1,WESTERN EUROPE-EU,SPAIN,1,STANSTED,MADRID,131922,131704,218,500640,496200,4440,-73.64933
16/04/2021 17:17,2020,1,WESTERN EUROPE-EU,SPAIN,1,STANSTED,MAHON,1668,1668,0,88944,71627,17317,-98.12466
16/04/2021 17:17,2020,1,WESTERN EUROPE-EU,SPAIN,1,STANSTED,MALAGA,108069,107920,149,492948,492948,0,-78.077
16/04/2021 17:17,2020,1,WESTERN EUROPE-EU,SPAIN,1,STANSTED,MURCIA INTERNATIONAL,27148,27148,0,129163,125766,3397,-78.9816
16/04/2021 17:17,2020,1,WESTERN EUROPE-EU,SPAIN,1,STANSTED,MURCIA SAN JAVIER,0,0,0,2778,2778,0,-100
16/04/2021 17:17,2020,1,WESTERN EUROPE-EU,SPAIN,1,STANSTED,PALMA DE MALLORCA,50753,50699,54,478128,453661,24467,-89.38506
16/04/2021 17:17,2020,1,WESTERN EUROPE-EU,SPAIN,1,STANSTED,REUS,8195,8195,0,80611,80611,0,-89.83389
16/04/2021 17:17,2020,1,WESTERN EUROPE-EU,SPAIN,1,STANSTED,SANTANDER,27088,27088,0,86110,86110,0,-68.54256
16/04/2021 17:17,2020,1,WESTERN EUROPE-EU,SPAIN,1,STANSTED,SANTIAGO DE COMPOSTELA (SPAIN),25088,25012,76,115128,115128,0,-78.2086
16/04/2021 17:17,2020,1,WESTERN EUROPE-EU,SPAIN,1,STANSTED,SEVILLE,41717,41717,0,164094,163998,96,-74.57738
16/04/2021 17:17,2020,1,WESTERN EUROPE-EU,SPAIN,1,STANSTED,VALENCIA,49226,49140,86,166276,166276,0,-70.39501
16/04/2021 17:17,2020,1,WESTERN EUROPE-EU,SPAIN,1,STANSTED,VIGO,0,0,0,3325,3325,0,-100
16/04/2021 17:17,2020,1,WESTERN EUROPE-EU,SPAIN,1,STANSTED,ZARAGOZA,25800,25800,0,91724,91724,0,-71.87214
16/04/2021 17:17,2020,1,WESTERN EUROPE-EU,SPAIN,2,ABERDEEN,ALICANTE,11062,11062,0,35968,35968,0,-69.24488
16/04/2021 17:17,2020,1,WESTERN EUROPE-EU,SPAIN,2,ABERDEEN,BILBAO,0,0,0,116,0,116,-100
16/04/2021 17:17,2020,1,WESTERN EUROPE-EU,SPAIN,2,ABERDEEN,IBIZA,0,0,0,6946,0,6946,-100
16/04/2021 17:17,2020,1,WESTERN EUROPE-EU,SPAIN,2,ABERDEEN,MALAGA,2459,2459,0,20797,20797,0,-88.17618
16/04/2021 17:17,2020,1,WESTERN EUROPE-EU,SPAIN,2,ABERDEEN,PALMA DE MALLORCA,0,0,0,25557,0,25557,-100
16/04/2021 17:17,2020,1,WESTERN EUROPE-EU,SPAIN,2,ABERDEEN,REUS,0,0,0,9161,0,9161,-100
16/04/2021 17:17,2020,1,WESTERN EUROPE-EU,SPAIN,2,BELFAST CITY (GEORGE BEST),MALAGA,0,0,0,36482,36482,0,-100
16/04/2021 17:17,2020,1,WESTERN EUROPE-EU,SPAIN,2,BELFAST CITY (GEORGE BEST),PALMA DE MALLORCA,7,0,7,0,0,0,0
16/04/2021 17:17,2020,1,WESTERN EUROPE-EU,SPAIN,2,BELFAST INTERNATIONAL,ALICANTE,27082,27082,0,245898,245862,36,-88.98649
16/04/2021 17:17,2020,1,WESTERN EUROPE-EU,SPAIN,2,BELFAST INTERNATIONAL,ALMERIA,0,0,0,5061,5061,0,-100
16/04/2021 17:17,2020,1,WESTERN EUROPE-EU,SPAIN,2,BELFAST INTERNATIONAL,BARCELONA,929,929,0,47708,47708,0,-98.05274
16/04/2021 17:17,2020,1,WESTERN EUROPE-EU,SPAIN,2,BELFAST INTERNATIONAL,GIRONA,32,32,0,31363,31363,0,-99.89797
16/04/2021 17:17,2020,1,WESTERN EUROPE-EU,SPAIN,2,BELFAST INTERNATIONAL,IBIZA,1162,1162,0,42207,35304,6903,-97.2469
16/04/2021 17:17,2020,1,WESTERN EUROPE-EU,SPAIN,2,BELFAST INTERNATIONAL,MADRID,0,0,0,34,0,34,-100
16/04/2021 17:17,2020,1,WESTERN EUROPE-EU,SPAIN,2,BELFAST INTERNATIONAL,MAHON,0,0,0,17488,11320,6168,-100
16/04/2021 17:17,2020,1,WESTERN EUROPE-EU,SPAIN,2,BELFAST INTERNATIONAL,MALAGA,27898,27884,14,216060,208015,8045,-87.08785
16/04/2021 17:17,2020,1,WESTERN EUROPE-EU,SPAIN,2,BELFAST INTERNATIONAL,PALMA DE MALLORCA,2767,2767,0,183936,158011,25925,-98.49567
16/04/2021 17:17,2020,1,WESTERN EUROPE-EU,SPAIN,2,BELFAST INTERNATIONAL,REUS,0,0,0,62649,33912,28737,-100
16/04/2021 17:17,2020,1,WESTERN EUROPE-EU,SPAIN,2,BELFAST INTERNATIONAL,SANTIAGO DE COMPOSTELA (SPAIN),0,0,0,275,275,0,-100
16/04/2021 17:17,2020,1,WESTERN EUROPE-EU,SPAIN,2,BELFAST INTERNATIONAL,VALENCIA,0,0,0,19567,19567,0,-100
16/04/2021 17:17,2020,1,WESTERN EUROPE-EU,SPAIN,2,BIGGIN HILL,BARCELONA,0,0,0,11,0,11,-100
16/04/2021 17:17,2020,1,WESTERN EUROPE-EU,SPAIN,2,BIGGIN HILL,IBIZA,32,0,32,40,0,40,-20
16/04/2021 17:17,2020,1,WESTERN EUROPE-EU,SPAIN,2,BIGGIN HILL,MADRID,0,0,0,4,0,4,-100
16/04/2021 17:17,2020,1,WESTERN EUROPE-EU,SPAIN,2,BIGGIN HILL,MAHON,0,0,0,30,0,30,-100
16/04/2021 17:17,2020,1,WESTERN EUROPE-EU,SPAIN,2,BIGGIN HILL,MALAGA,20,0,20,59,0,59,-66.10169
16/04/2021 17:17,2020,1,WESTERN EUROPE-EU,SPAIN,2,BIGGIN HILL,MURCIA INTERNATIONAL,0,0,0,17,0,17,-100
16/04/2021 17:17,2020,1,WESTERN EUROPE-EU,SPAIN,2,BIGGIN HILL,PALMA DE MALLORCA,0,0,0,5,0,5,-100
16/04/2021 17:17,2020,1,WESTERN EUROPE-EU,SPAIN,2,BIRMINGHAM,ALICANTE,75442,71071,4371,406783,371857,34926,-81.45399
16/04/2021 17:17,2020,1,WESTERN EUROPE-EU,SPAIN,2,BIRMINGHAM,ALMERIA,290,290,0,32644,32309,335,-99.11163
16/04/2021 17:17,2020,1,WESTERN EUROPE-EU,SPAIN,2,BIRMINGHAM,BARCELONA,61796,61041,755,239662,239316,346,-74.21535
16/04/2021 17:17,2020,1,WESTERN EUROPE-EU,SPAIN,2,BIRMINGHAM,BILBAO,293,0,293,0,0,0,0
16/04/2021 17:17,2020,1,WESTERN EUROPE-EU,SPAIN,2,BIRMINGHAM,GIRONA,153,0,153,65963,53619,12344,-99.76805
16/04/2021 17:17,2020,1,WESTERN EUROPE-EU,SPAIN,2,BIRMINGHAM,IBIZA,5796,5072,724,137451,94662,42789,-95.78322
16/04/2021 17:17,2020,1,WESTERN EUROPE-EU,SPAIN,2,BIRMINGHAM,LIEIDA,0,0,0,1956,0,1956,-100
16/04/2021 17:17,2020,1,WESTERN EUROPE-EU,SPAIN,2,BIRMINGHAM,MADRID,25619,25619,0,121902,121902,0,-78.98394
16/04/2021 17:17,2020,1,WESTERN EUROPE-EU,SPAIN,2,BIRMINGHAM,MAHON,1486,1486,0,87147,53252,33895,-98.29484
16/04/2021 17:17,2020,1,WESTERN EUROPE-EU,SPAIN,2,BIRMINGHAM,MALAGA,67462,63311,4151,369610,330893,38717,-81.74779
16/04/2021 17:17,2020,1,WESTERN EUROPE-EU,SPAIN,2,BIRMINGHAM,MURCIA INTERNATIONAL,17523,17381,142,56509,56509,0,-68.99078
16/04/2021 17:17,2020,1,WESTERN EUROPE-EU,SPAIN,2,BIRMINGHAM,MURCIA SAN JAVIER,0,0,0,1556,1556,0,-100
16/04/2021 17:17,2020,1,WESTERN EUROPE-EU,SPAIN,2,BIRMINGHAM,PALMA DE MALLORCA,17600,15808,1792,414665,308652,106013,-95.75561
16/04/2021 17:17,2020,1,WESTERN EUROPE-EU,SPAIN,2,BIRMINGHAM,REUS,2563,2563,0,64871,46627,18244,-96.04908
16/04/2021 17:17,2020,1,WESTERN EUROPE-EU,SPAIN,2,BIRMINGHAM,SEVILLE,0,0,0,309,309,0,-100
16/04/2021 17:17,2020,1,WESTERN EUROPE-EU,SPAIN,2,BIRMINGHAM,VALENCIA,40,40,0,648,0,648,-93.82716
16/04/2021 17:17,2020,1,WESTERN EUROPE-EU,SPAIN,2,BOURNEMOUTH,ALICANTE,17896,17896,0,69921,69921,0,-74.4054
16/04/2021 17:17,2020,1,WESTERN EUROPE-EU,SPAIN,2,BOURNEMOUTH,BARCELONA,0,0,0,153,0,153,-100
16/04/2021 17:17,2020,1,WESTERN EUROPE-EU,SPAIN,2,BOURNEMOUTH,GIRONA,2849,2849,0,41992,41992,0,-93.21537
16/04/2021 17:17,2020,1,WESTERN EUROPE-EU,SPAIN,2,BOURNEMOUTH,IBIZA,0,0,0,9260,3,9257,-100
16/04/2021 17:17,2020,1,WESTERN EUROPE-EU,SPAIN,2,BOURNEMOUTH,MAHON,0,0,0,8937,372,8565,-100
16/04/2021 17:17,2020,1,WESTERN EUROPE-EU,SPAIN,2,BOURNEMOUTH,MALAGA,16189,16189,0,77585,77585,0,-79.13385
16/04/2021 17:17,2020,1,WESTERN EUROPE-EU,SPAIN,2,BOURNEMOUTH,MURCIA INTERNATIONAL,4710,4710,0,40496,40496,0,-88.36922
16/04/2021 17:17,2020,1,WESTERN EUROPE-EU,SPAIN,2,BOURNEMOUTH,PALMA DE MALLORCA,3875,3875,0,112459,74489,37970,-96.5543
16/04/2021 17:17,2020,1,WESTERN EUROPE-EU,SPAIN,2,BRISTOL,ALICANTE,77960,77960,0,366145,353214,12931,-78.70789
16/04/2021 17:17,2020,1,WESTERN EUROPE-EU,SPAIN,2,BRISTOL,ALMERIA,0,0,0,7560,7412,148,-100
16/04/2021 17:17,2020,1,WESTERN EUROPE-EU,SPAIN,2,BRISTOL,BARCELONA,35360,35360,0,204019,204019,0,-82.66828
16/04/2021 17:17,2020,1,WESTERN EUROPE-EU,SPAIN,2,BRISTOL,BILBAO,6477,6477,0,36157,36157,0,-82.08646
16/04/2021 17:17,2020,1,WESTERN EUROPE-EU,SPAIN,2,BRISTOL,GIRONA,3362,3362,0,71456,64520,6936,-95.29501
16/04/2021 17:17,2020,1,WESTERN EUROPE-EU,SPAIN,2,BRISTOL,IBIZA,5725,5725,0,93063,64040,29023,-93.84825
16/04/2021 17:17,2020,1,WESTERN EUROPE-EU,SPAIN,2,BRISTOL,LIEIDA,0,0,0,1622,0,1622,-100
16/04/2021 17:17,2020,1,WESTERN EUROPE-EU,SPAIN,2,BRISTOL,MADRID,24047,24047,0,108514,108514,0,-77.83973
16/04/2021 17:17,2020,1,WESTERN EUROPE-EU,SPAIN,2,BRISTOL,MAHON,1929,1929,0,65562,50016,15546,-97.05775
16/04/2021 17:17,2020,1,WESTERN EUROPE-EU,SPAIN,2,BRISTOL,MALAGA,69281,67805,1476,346205,322022,24183,-79.98845
16/04/2021 17:17,2020,1,WESTERN EUROPE-EU,SPAIN,2,BRISTOL,MURCIA INTERNATIONAL,14989,14989,0,85448,85448,0,-82.45834
16/04/2021 17:17,2020,1,WESTERN EUROPE-EU,SPAIN,2,BRISTOL,MURCIA SAN JAVIER,0,0,0,1584,1584,0,-100
16/04/2021 17:17,2020,1,WESTERN EUROPE-EU,SPAIN,2,BRISTOL,PALMA DE MALLORCA,21642,21342,300,363704,323585,40119,-94.04956
16/04/2021 17:17,2020,1,WESTERN EUROPE-EU,SPAIN,2,BRISTOL,REUS,0,0,0,9714,0,9714,-100
16/04/2021 17:17,2020,1,WESTERN EUROPE-EU,SPAIN,2,BRISTOL,SANTIAGO DE COMPOSTELA (SPAIN),0,0,0,151,151,0,-100
16/04/2021 17:17,2020,1,WESTERN EUROPE-EU,SPAIN,2,BRISTOL,SEVILLE,16703,16703,0,79409,79409,0,-78.96586
16/04/2021 17:17,2020,1,WESTERN EUROPE-EU,SPAIN,2,BRISTOL,VALENCIA,9883,9883,0,34626,34626,0,-71.45786
16/04/2021 17:17,2020,1,WESTERN EUROPE-EU,SPAIN,2,CARDIFF WALES,ALICANTE,20896,13246,7650,116001,77648,38353,-81.98636
16/04/2021 17:17,2020,1,WESTERN EUROPE-EU,SPAIN,2,CARDIFF WALES,BARCELONA,777,777,0,20239,20028,211,-96.16088
16/04/2021 17:17,2020,1,WESTERN EUROPE-EU,SPAIN,2,CARDIFF WALES,IBIZA,0,0,0,23029,0,23029,-100
16/04/2021 17:17,2020,1,WESTERN EUROPE-EU,SPAIN,2,CARDIFF WALES,MAHON,0,0,0,25010,0,25010,-100
16/04/2021 17:17,2020,1,WESTERN EUROPE-EU,SPAIN,2,CARDIFF WALES,MALAGA,8723,4855,3868,103341,74801,28540,-91.55901
16/04/2021 17:17,2020,1,WESTERN EUROPE-EU,SPAIN,2,CARDIFF WALES,PALMA DE MALLORCA,621,621,0,107360,35905,71455,-99.42157
16/04/2021 17:17,2020,1,WESTERN EUROPE-EU,SPAIN,2,CARDIFF WALES,REUS,0,0,0,16593,0,16593,-100
16/04/2021 17:17,2020,1,WESTERN EUROPE-EU,SPAIN,2,CARDIFF WALES,SANTIAGO DE COMPOSTELA (SPAIN),0,0,0,272,0,272,-100
16/04/2021 17:17,2020,1,WESTERN EUROPE-EU,SPAIN,2,CARDIFF WALES,SEVILLE,72,0,72,0,0,0,0
16/04/2021 17:17,2020,1,WESTERN EUROPE-EU,SPAIN,2,DONCASTER SHEFFIELD,ALICANTE,7676,0,7676,68583,18567,50016,-88.80772
16/04/2021 17:17,2020,1,WESTERN EUROPE-EU,SPAIN,2,DONCASTER SHEFFIELD,BARCELONA,0,0,0,85,0,85,-100
16/04/2021 17:17,2020,1,WESTERN EUROPE-EU,SPAIN,2,DONCASTER SHEFFIELD,IBIZA,0,0,0,9548,0,9548,-100
16/04/2021 17:17,2020,1,WESTERN EUROPE-EU,SPAIN,2,DONCASTER SHEFFIELD,MAHON,0,0,0,18920,0,18920,-100
16/04/2021 17:17,2020,1,WESTERN EUROPE-EU,SPAIN,2,DONCASTER SHEFFIELD,MALAGA,4740,49,4691,42299,8931,33368,-88.79406
16/04/2021 17:17,2020,1,WESTERN EUROPE-EU,SPAIN,2,DONCASTER SHEFFIELD,PALMA DE MALLORCA,1409,0,1409,55197,2402,52795,-97.44733
16/04/2021 17:17,2020,1,WESTERN EUROPE-EU,SPAIN,2,DONCASTER SHEFFIELD,REUS,0,0,0,9417,0,9417,-100
16/04/2021 17:17,2020,1,WESTERN EUROPE-EU,SPAIN,2,EAST MIDLANDS INTERNATIONAL,ALICANTE,77274,73435,3839,401402,369378,32024,-80.74897
16/04/2021 17:17,2020,1,WESTERN EUROPE-EU,SPAIN,2,EAST MIDLANDS INTERNATIONAL,ALMERIA,0,0,0,13624,13624,0,-100
16/04/2021 17:17,2020,1,WESTERN EUROPE-EU,SPAIN,2,EAST MIDLANDS INTERNATIONAL,BARCELONA,4036,4036,0,70644,70644,0,-94.28685
16/04/2021 17:17,2020,1,WESTERN EUROPE-EU,SPAIN,2,EAST MIDLANDS INTERNATIONAL,GIRONA,99,99,0,32633,32633,0,-99.69663
16/04/2021 17:17,2020,1,WESTERN EUROPE-EU,SPAIN,2,EAST MIDLANDS INTERNATIONAL,IBIZA,4290,4290,0,98933,80657,18276,-95.66373
16/04/2021 17:17,2020,1,WESTERN EUROPE-EU,SPAIN,2,EAST MIDLANDS INTERNATIONAL,MADRID,0,0,0,146,0,146,-100
16/04/2021 17:17,2020,1,WESTERN EUROPE-EU,SPAIN,2,EAST MIDLANDS INTERNATIONAL,MAHON,4863,4863,0,79538,62969,16569,-93.88594
16/04/2021 17:17,2020,1,WESTERN EUROPE-EU,SPAIN,2,EAST MIDLANDS INTERNATIONAL,MALAGA,53659,49896,3763,299731,270004,29727,-82.09761
16/04/2021 17:17,2020,1,WESTERN EUROPE-EU,SPAIN,2,EAST MIDLANDS INTERNATIONAL,MURCIA INTERNATIONAL,1572,1572,0,73885,73885,0,-97.87237
16/04/2021 17:17,2020,1,WESTERN EUROPE-EU,SPAIN,2,EAST MIDLANDS INTERNATIONAL,MURCIA SAN JAVIER,0,0,0,2083,2083,0,-100
16/04/2021 17:17,2020,1,WESTERN EUROPE-EU,SPAIN,2,EAST MIDLANDS INTERNATIONAL,PALMA DE MALLORCA,15334,15334,0,318585,281315,37270,-95.18684
16/04/2021 17:17,2020,1,WESTERN EUROPE-EU,SPAIN,2,EAST MIDLANDS INTERNATIONAL,REUS,2094,2094,0,40166,40166,0,-94.78664
16/04/2021 17:17,2020,1,WESTERN EUROPE-EU,SPAIN,2,EAST MIDLANDS INTERNATIONAL,SEVILLE,168,168,0,29028,29028,0,-99.42125
16/04/2021 17:17,2020,1,WESTERN EUROPE-EU,SPAIN,2,EAST MIDLANDS INTERNATIONAL,VALENCIA,4446,4446,0,40811,40811,0,-89.10588
16/04/2021 17:17,2020,1,WESTERN EUROPE-EU,SPAIN,2,EDINBURGH,ALICANTE,49557,49557,0,224091,224091,0,-77.88532
16/04/2021 17:17,2020,1,WESTERN EUROPE-EU,SPAIN,2,EDINBURGH,ALMERIA,0,0,0,8605,8605,0,-100
16/04/2021 17:17,2020,1,WESTERN EUROPE-EU,SPAIN,2,EDINBURGH,BARCELONA,30111,30111,0,171536,171536,0,-82.44625
16/04/2021 17:17,2020,1,WESTERN EUROPE-EU,SPAIN,2,EDINBURGH,BILBAO,537,537,0,21814,21442,372,-97.53828
16/04/2021 17:17,2020,1,WESTERN EUROPE-EU,SPAIN,2,EDINBURGH,GIRONA,256,256,0,31213,31213,0,-99.17983
16/04/2021 17:17,2020,1,WESTERN EUROPE-EU,SPAIN,2,EDINBURGH,IBIZA,2028,2028,0,47965,47965,0,-95.77192
16/04/2021 17:17,2020,1,WESTERN EUROPE-EU,SPAIN,2,EDINBURGH,MADRID,28517,28517,0,176142,175167,975,-83.81022
16/04/2021 17:17,2020,1,WESTERN EUROPE-EU,SPAIN,2,EDINBURGH,MAHON,0,0,0,15820,12466,3354,-100
16/04/2021 17:17,2020,1,WESTERN EUROPE-EU,SPAIN,2,EDINBURGH,MALAGA,30884,30193,691,184774,181052,3722,-83.28553
16/04/2021 17:17,2020,1,WESTERN EUROPE-EU,SPAIN,2,EDINBURGH,PALMA DE MALLORCA,7063,7063,0,214479,180759,33720,-96.7069
16/04/2021 17:17,2020,1,WESTERN EUROPE-EU,SPAIN,2,EDINBURGH,PAMPLONA,0,0,0,124,0,124,-100
16/04/2021 17:17,2020,1,WESTERN EUROPE-EU,SPAIN,2,EDINBURGH,REUS,0,0,0,21293,21293,0,-100
16/04/2021 17:17,2020,1,WESTERN EUROPE-EU,SPAIN,2,EDINBURGH,SANTANDER,8757,8757,0,34471,34471,0,-74.59604
16/04/2021 17:17,2020,1,WESTERN EUROPE-EU,SPAIN,2,EDINBURGH,SANTIAGO DE COMPOSTELA (SPAIN),185,185,0,0,0,0,0
16/04/2021 17:17,2020,1,WESTERN EUROPE-EU,SPAIN,2,EDINBURGH,SEVILLE,17019,17019,0,71397,71397,0,-76.16286
16/04/2021 17:17,2020,1,WESTERN EUROPE-EU,SPAIN,2,EDINBURGH,VALENCIA,2210,2210,0,45473,44600,873,-95.13997
16/04/2021 17:17,2020,1,WESTERN EUROPE-EU,SPAIN,2,EDINBURGH,ZARAGOZA,0,0,0,704,0,704,-100
16/04/2021 17:17,2020,1,WESTERN EUROPE-EU,SPAIN,2,EXETER,ALICANTE,9870,9870,0,37151,36991,160,-73.43275
16/04/2021 17:17,2020,1,WESTERN EUROPE-EU,SPAIN,2,EXETER,IBIZA,0,0,0,8866,0,8866,-100
16/04/2021 17:17,2020,1,WESTERN EUROPE-EU,SPAIN,2,EXETER,MAHON,0,0,0,15696,0,15696,-100
16/04/2021 17:17,2020,1,WESTERN EUROPE-EU,SPAIN,2,EXETER,MALAGA,9692,9692,0,55815,55815,0,-82.63549
16/04/2021 17:17,2020,1,WESTERN EUROPE-EU,SPAIN,2,EXETER,PALMA DE MALLORCA,0,0,0,49158,16012,33146,-100
16/04/2021 17:17,2020,1,WESTERN EUROPE-EU,SPAIN,2,GLASGOW,ALICANTE,48831,44905,3926,289547,261696,27851,-83.13538
16/04/2021 17:17,2020,1,WESTERN EUROPE-EU,SPAIN,2,GLASGOW,BARCELONA,7142,7142,0,40076,36067,4009,-82.17886
16/04/2021 17:17,2020,1,WESTERN EUROPE-EU,SPAIN,2,GLASGOW,BILBAO,67,0,67,0,0,0,0
16/04/2021 17:17,2020,1,WESTERN EUROPE-EU,SPAIN,2,GLASGOW,GIRONA,0,0,0,14016,14016,0,-100
16/04/2021 17:17,2020,1,WESTERN EUROPE-EU,SPAIN,2,GLASGOW,IBIZA,505,505,0,76040,57556,18484,-99.33588
16/04/2021 17:17,2020,1,WESTERN EUROPE-EU,SPAIN,2,GLASGOW,MADRID,47,47,0,0,0,0,0
16/04/2021 17:17,2020,1,WESTERN EUROPE-EU,SPAIN,2,GLASGOW,MAHON,0,0,0,31730,28376,3354,-100
16/04/2021 17:17,2020,1,WESTERN EUROPE-EU,SPAIN,2,GLASGOW,MALAGA,40240,38388,1852,223553,207927,15626,-81.99979
16/04/2021 17:17,2020,1,WESTERN EUROPE-EU,SPAIN,2,GLASGOW,PALMA DE MALLORCA,3023,3023,0,199577,159771,39806,-98.4853
16/04/2021 17:17,2020,1,WESTERN EUROPE-EU,SPAIN,2,GLASGOW,REUS,0,0,0,65899,44385,21514,-100
16/04/2021 17:17,2020,1,WESTERN EUROPE-EU,SPAIN,2,GLASGOW,VALENCIA,0,0,0,1124,374,750,-100
16/04/2021 17:17,2020,1,WESTERN EUROPE-EU,SPAIN,2,GUERNSEY,CASTELLON COSTA AZAHAR,0,0,0,48,0,48,-100
16/04/2021 17:17,2020,1,WESTERN EUROPE-EU,SPAIN,2,GUERNSEY,IBIZA,0,0,0,33,0,33,-100
16/04/2021 17:17,2020,1,WESTERN EUROPE-EU,SPAIN,2,HUMBERSIDE,A CORUNA,33,0,33,0,0,0,0
16/04/2021 17:17,2020,1,WESTERN EUROPE-EU,SPAIN,2,HUMBERSIDE,PALMA DE MALLORCA,0,0,0,8988,0,8988,-100
16/04/2021 17:17,2020,1,WESTERN EUROPE-EU,SPAIN,2,HUMBERSIDE,SANTANDER,18,0,18,0,0,0,0
16/04/2021 17:17,2020,1,WESTERN EUROPE-EU,SPAIN,2,HUMBERSIDE,VALENCIA,33,0,33,0,0,0,0
16/04/2021 17:17,2020,1,WESTERN EUROPE-EU,SPAIN,2,INVERNESS,PALMA DE MALLORCA,0,0,0,2778,0,2778,-100
16/04/2021 17:17,2020,1,WESTERN EUROPE-EU,SPAIN,2,ISLE OF MAN,MAHON,0,0,0,843,0,843,-100
16/04/2021 17:17,2020,1,WESTERN EUROPE-EU,SPAIN,2,ISLE OF MAN,PALMA DE MALLORCA,0,0,0,1384,0,1384,-100
16/04/2021 17:17,2020,1,WESTERN EUROPE-EU,SPAIN,2,JERSEY,IBIZA,0,0,0,58,58,0,-100
16/04/2021 17:17,2020,1,WESTERN EUROPE-EU,SPAIN,2,JERSEY,MALAGA,0,0,0,1319,0,1319,-100
16/04/2021 17:17,2020,1,WESTERN EUROPE-EU,SPAIN,2,JERSEY,PALMA DE MALLORCA,707,0,707,3727,0,3727,-81.03032
16/04/2021 17:17,2020,1,WESTERN EUROPE-EU,SPAIN,2,JERSEY,SEVILLE,0,0,0,30,0,30,-100
16/04/2021 17:17,2020,1,WESTERN EUROPE-EU,SPAIN,2,LEEDS BRADFORD,ALICANTE,62725,62537,188,326891,326891,0,-80.81165
16/04/2021 17:17,2020,1,WESTERN EUROPE-EU,SPAIN,2,LEEDS BRADFORD,ALMERIA,261,261,0,13608,13608,0,-98.08201
16/04/2021 17:17,2020,1,WESTERN EUROPE-EU,SPAIN,2,LEEDS BRADFORD,BARCELONA,5166,5166,0,51048,51048,0,-89.88011
16/04/2021 17:17,2020,1,WESTERN EUROPE-EU,SPAIN,2,LEEDS BRADFORD,GIRONA,1594,1594,0,39503,39503,0,-95.96486
16/04/2021 17:17,2020,1,WESTERN EUROPE-EU,SPAIN,2,LEEDS BRADFORD,IBIZA,6002,6002,0,93160,93160,0,-93.55732
16/04/2021 17:17,2020,1,WESTERN EUROPE-EU,SPAIN,2,LEEDS BRADFORD,MAHON,1352,1352,0,39361,39361,0,-96.56513
16/04/2021 17:17,2020,1,WESTERN EUROPE-EU,SPAIN,2,LEEDS BRADFORD,MALAGA,40837,40519,318,277622,277622,0,-85.29043
16/04/2021 17:17,2020,1,WESTERN EUROPE-EU,SPAIN,2,LEEDS BRADFORD,MURCIA INTERNATIONAL,1301,1301,0,50900,50900,0,-97.44401
16/04/2021 17:17,2020,1,WESTERN EUROPE-EU,SPAIN,2,LEEDS BRADFORD,MURCIA SAN JAVIER,0,0,0,1362,1362,0,-100
16/04/2021 17:17,2020,1,WESTERN EUROPE-EU,SPAIN,2,LEEDS BRADFORD,PALMA DE MALLORCA,10657,10504,153,238748,220660,18088,-95.5363
16/04/2021 17:17,2020,1,WESTERN EUROPE-EU,SPAIN,2,LEEDS BRADFORD,REUS,0,0,0,22821,22821,0,-100
16/04/2021 17:17,2020,1,WESTERN EUROPE-EU,SPAIN,2,LEEDS BRADFORD,VALENCIA,144,144,0,0,0,0,0
16/04/2021 17:17,2020,1,WESTERN EUROPE-EU,SPAIN,2,LIVERPOOL (JOHN LENNON),ALICANTE,72369,72369,0,266698,266698,0,-72.86481
16/04/2021 17:17,2020,1,WESTERN EUROPE-EU,SPAIN,2,LIVERPOOL (JOHN LENNON),BARCELONA,30348,30348,0,231726,228417,3309,-86.9035
16/04/2021 17:17,2020,1,WESTERN EUROPE-EU,SPAIN,2,LIVERPOOL (JOHN LENNON),GIRONA,56,56,0,20492,20492,0,-99.72672
16/04/2021 17:17,2020,1,WESTERN EUROPE-EU,SPAIN,2,LIVERPOOL (JOHN LENNON),IBIZA,3285,3285,0,28693,28693,0,-88.55121
16/04/2021 17:17,2020,1,WESTERN EUROPE-EU,SPAIN,2,LIVERPOOL (JOHN LENNON),MADRID,16088,13243,2845,82890,71373,11517,-80.59114
16/04/2021 17:17,2020,1,WESTERN EUROPE-EU,SPAIN,2,LIVERPOOL (JOHN LENNON),MALAGA,58545,58545,0,267732,267445,287,-78.13298
16/04/2021 17:17,2020,1,WESTERN EUROPE-EU,SPAIN,2,LIVERPOOL (JOHN LENNON),MURCIA INTERNATIONAL,327,327,0,139,139,0,135.2518
16/04/2021 17:17,2020,1,WESTERN EUROPE-EU,SPAIN,2,LIVERPOOL (JOHN LENNON),PALMA DE MALLORCA,16891,16891,0,208094,208094,0,-91.883
16/04/2021 17:17,2020,1,WESTERN EUROPE-EU,SPAIN,2,LIVERPOOL (JOHN LENNON),REUS,2541,2541,0,20168,20168,0,-87.40083
16/04/2021 17:17,2020,1,WESTERN EUROPE-EU,SPAIN,2,MANCHESTER,A CORUNA,0,0,0,2,2,0,-100
16/04/2021 17:17,2020,1,WESTERN EUROPE-EU,SPAIN,2,MANCHESTER,ALICANTE,168475,159695,8780,738976,681429,57547,-77.20156
16/04/2021 17:17,2020,1,WESTERN EUROPE-EU,SPAIN,2,MANCHESTER,ALMERIA,5649,5649,0,72012,63811,8201,-92.15547
16/04/2021 17:17,2020,1,WESTERN EUROPE-EU,SPAIN,2,MANCHESTER,BARCELONA,108022,108022,0,502592,497192,5400,-78.50702
16/04/2021 17:17,2020,1,WESTERN EUROPE-EU,SPAIN,2,MANCHESTER,BILBAO,11217,11124,93,79286,79286,0,-85.85248
16/04/2021 17:17,2020,1,WESTERN EUROPE-EU,SPAIN,2,MANCHESTER,GIRONA,3293,3293,0,86554,70257,16297,-96.19544
16/04/2021 17:17,2020,1,WESTERN EUROPE-EU,SPAIN,2,MANCHESTER,GRANADA,4135,4135,0,32915,32915,0,-87.43734
16/04/2021 17:17,2020,1,WESTERN EUROPE-EU,SPAIN,2,MANCHESTER,IBIZA,16242,14288,1954,276233,210705,65528,-94.12018
16/04/2021 17:17,2020,1,WESTERN EUROPE-EU,SPAIN,2,MANCHESTER,JEREZ,0,0,0,11555,11555,0,-100
16/04/2021 17:17,2020,1,WESTERN EUROPE-EU,SPAIN,2,MANCHESTER,LIEIDA,0,0,0,6087,653,5434,-100
16/04/2021 17:17,2020,1,WESTERN EUROPE-EU,SPAIN,2,MANCHESTER,MADRID,53752,52530,1222,184845,184397,448,-70.9205
16/04/2021 17:17,2020,1,WESTERN EUROPE-EU,SPAIN,2,MANCHESTER,MAHON,2516,2488,28,144001,78420,65581,-98.25279
16/04/2021 17:17,2020,1,WESTERN EUROPE-EU,SPAIN,2,MANCHESTER,MALAGA,129091,118885,10206,581821,526281,55540,-77.81259
16/04/2021 17:17,2020,1,WESTERN EUROPE-EU,SPAIN,2,MANCHESTER,MURCIA INTERNATIONAL,24649,24649,0,120342,120342,0,-79.51754
16/04/2021 17:17,2020,1,WESTERN EUROPE-EU,SPAIN,2,MANCHESTER,MURCIA SAN JAVIER,0,0,0,2336,2336,0,-100
16/04/2021 17:17,2020,1,WESTERN EUROPE-EU,SPAIN,2,MANCHESTER,PALMA DE MALLORCA,63341,59992,3349,770538,650272,120266,-91.77964
16/04/2021 17:17,2020,1,WESTERN EUROPE-EU,SPAIN,2,MANCHESTER,REUS,3847,3377,470,114110,79561,34549,-96.62869
16/04/2021 17:17,2020,1,WESTERN EUROPE-EU,SPAIN,2,MANCHESTER,SEVILLE,20967,20967,0,54404,54144,260,-61.46055
16/04/2021 17:17,2020,1,WESTERN EUROPE-EU,SPAIN,2,MANCHESTER,VALENCIA,14130,14130,0,48167,47977,190,-70.66456
16/04/2021 17:17,2020,1,WESTERN EUROPE-EU,SPAIN,2,NEWCASTLE,ALICANTE,71764,71764,0,375876,375876,0,-80.90753
16/04/2021 17:17,2020,1,WESTERN EUROPE-EU,SPAIN,2,NEWCASTLE,ALMERIA,0,0,0,15462,15462,0,-100
16/04/2021 17:17,2020,1,WESTERN EUROPE-EU,SPAIN,2,NEWCASTLE,BARCELONA,10432,10432,0,73992,73992,0,-85.90118
16/04/2021 17:17,2020,1,WESTERN EUROPE-EU,SPAIN,2,NEWCASTLE,GIRONA,0,0,0,38839,38839,0,-100
16/04/2021 17:17,2020,1,WESTERN EUROPE-EU,SPAIN,2,NEWCASTLE,IBIZA,0,0,0,86872,86872,0,-100
16/04/2021 17:17,2020,1,WESTERN EUROPE-EU,SPAIN,2,NEWCASTLE,MAHON,703,703,0,31527,31527,0,-97.77017
16/04/2021 17:17,2020,1,WESTERN EUROPE-EU,SPAIN,2,NEWCASTLE,MALAGA,43634,43634,0,263447,263447,0,-83.43728
16/04/2021 17:17,2020,1,WESTERN EUROPE-EU,SPAIN,2,NEWCASTLE,PALMA DE MALLORCA,11104,11104,0,320387,320387,0,-96.53419
16/04/2021 17:17,2020,1,WESTERN EUROPE-EU,SPAIN,2,NEWCASTLE,REUS,0,0,0,47216,47216,0,-100
16/04/2021 17:17,2020,1,WESTERN EUROPE-EU,SPAIN,2,NEWQUAY,ALICANTE,9429,9429,0,34724,34724,0,-72.84587
16/04/2021 17:17,2020,1,WESTERN EUROPE-EU,SPAIN,2,NORWICH,ALICANTE,0,0,0,14814,14814,0,-100
16/04/2021 17:17,2020,1,WESTERN EUROPE-EU,SPAIN,2,NORWICH,IBIZA,0,0,0,8473,0,8473,-100
16/04/2021 17:17,2020,1,WESTERN EUROPE-EU,SPAIN,2,NORWICH,MAHON,0,0,0,13461,0,13461,-100
16/04/2021 17:17,2020,1,WESTERN EUROPE-EU,SPAIN,2,NORWICH,MALAGA,0,0,0,14732,14732,0,-100
16/04/2021 17:17,2020,1,WESTERN EUROPE-EU,SPAIN,2,NORWICH,PALMA DE MALLORCA,0,0,0,26236,0,26236,-100
16/04/2021 17:17,2020,1,WESTERN EUROPE-EU,SPAIN,2,OXFORD (KIDLINGTON),GIRONA,121,121,0,0,0,0,0
16/04/2021 17:17,2020,1,WESTERN EUROPE-EU,SPAIN,2,PRESTWICK,ALICANTE,19767,19767,0,75750,75604,146,-73.90495
16/04/2021 17:17,2020,1,WESTERN EUROPE-EU,SPAIN,2,PRESTWICK,BARCELONA,2137,2137,0,61216,61216,0,-96.50908
16/04/2021 17:17,2020,1,WESTERN EUROPE-EU,SPAIN,2,PRESTWICK,GIRONA,0,0,0,18711,18711,0,-100
16/04/2021 17:17,2020,1,WESTERN EUROPE-EU,SPAIN,2,PRESTWICK,IBIZA,1770,1770,0,15813,15813,0,-88.80668
16/04/2021 17:17,2020,1,WESTERN EUROPE-EU,SPAIN,2,PRESTWICK,MALAGA,12935,12935,0,79539,79367,172,-83.73754
16/04/2021 17:17,2020,1,WESTERN EUROPE-EU,SPAIN,2,PRESTWICK,MURCIA INTERNATIONAL,3287,3287,0,20973,20973,0,-84.32747
16/04/2021 17:17,2020,1,WESTERN EUROPE-EU,SPAIN,2,PRESTWICK,PALMA DE MALLORCA,4181,4181,0,69816,69816,0,-94.0114
16/04/2021 17:17,2020,1,WESTERN EUROPE-EU,SPAIN,2,PRESTWICK,VALENCIA,212,212,0,0,0,0,0
16/04/2021 17:17,2020,1,WESTERN EUROPE-EU,SPAIN,2,SOUTHAMPTON,ALICANTE,0,0,0,31998,31998,0,-100
16/04/2021 17:17,2020,1,WESTERN EUROPE-EU,SPAIN,2,SOUTHAMPTON,IBIZA,0,0,0,4219,85,4134,-100
16/04/2021 17:17,2020,1,WESTERN EUROPE-EU,SPAIN,2,SOUTHAMPTON,MAHON,0,0,0,2332,0,2332,-100
16/04/2021 17:17,2020,1,WESTERN EUROPE-EU,SPAIN,2,SOUTHAMPTON,MALAGA,0,0,0,21823,21783,40,-100
16/04/2021 17:17,2020,1,WESTERN EUROPE-EU,SPAIN,2,SOUTHAMPTON,PALMA DE MALLORCA,0,0,0,22166,12486,9680,-100
16/04/2021 17:17,2020,1,WESTERN EUROPE-EU,SPAIN(CANARY ISLANDS),1,GATWICK,ARRECIFE,90702,75835,14867,354946,279998,74948,-74.44625
16/04/2021 17:17,2020,1,WESTERN EUROPE-EU,SPAIN(CANARY ISLANDS),1,GATWICK,FUERTEVENTURA,47519,36951,10568,201762,150087,51675,-76.44799
16/04/2021 17:17,2020,1,WESTERN EUROPE-EU,SPAIN(CANARY ISLANDS),1,GATWICK,LAS PALMAS,67548,50833,16715,259755,181387,78368,-73.9955
16/04/2021 17:17,2020,1,WESTERN EUROPE-EU,SPAIN(CANARY ISLANDS),1,GATWICK,SANTA CRUZ DE LA PALMA,11241,7354,3887,31845,13984,17861,-64.70089
16/04/2021 17:17,2020,1,WESTERN EUROPE-EU,SPAIN(CANARY ISLANDS),1,GATWICK,TENERIFE (NORTE LOS RODEOS),0,0,0,142,142,0,-100
16/04/2021 17:17,2020,1,WESTERN EUROPE-EU,SPAIN(CANARY ISLANDS),1,GATWICK,TENERIFE (SURREINA SOFIA),173219,146771,26448,697879,562917,134962,-75.17922
16/04/2021 17:17,2020,1,WESTERN EUROPE-EU,SPAIN(CANARY ISLANDS),1,HEATHROW,ARRECIFE,5568,5568,0,0,0,0,0
16/04/2021 17:17,2020,1,WESTERN EUROPE-EU,SPAIN(CANARY ISLANDS),1,HEATHROW,LAS PALMAS,4249,3380,869,15916,15916,0,-73.30359
16/04/2021 17:17,2020,1,WESTERN EUROPE-EU,SPAIN(CANARY ISLANDS),1,HEATHROW,TENERIFE (SURREINA SOFIA),20453,20453,0,14408,14408,0,41.95586
16/04/2021 17:17,2020,1,WESTERN EUROPE-EU,SPAIN(CANARY ISLANDS),1,LUTON,ARRECIFE,25182,23180,2002,108892,75763,33129,-76.87433
16/04/2021 17:17,2020,1,WESTERN EUROPE-EU,SPAIN(CANARY ISLANDS),1,LUTON,FUERTEVENTURA,7570,7570,0,31033,29938,1095,-75.60661
16/04/2021 17:17,2020,1,WESTERN EUROPE-EU,SPAIN(CANARY ISLANDS),1,LUTON,LAS PALMAS,12464,12271,193,38739,22542,16197,-67.82571
16/04/2021 17:17,2020,1,WESTERN EUROPE-EU,SPAIN(CANARY ISLANDS),1,LUTON,TENERIFE (SURREINA SOFIA),62768,58618,4150,127321,95075,32246,-50.70098
16/04/2021 17:17,2020,1,WESTERN EUROPE-EU,SPAIN(CANARY ISLANDS),1,SOUTHEND,ARRECIFE,7300,7300,0,14653,14653,0,-50.18085
16/04/2021 17:17,2020,1,WESTERN EUROPE-EU,SPAIN(CANARY ISLANDS),1,SOUTHEND,TENERIFE (SURREINA SOFIA),6460,6460,0,15042,15042,0,-57.05358
16/04/2021 17:17,2020,1,WESTERN EUROPE-EU,SPAIN(CANARY ISLANDS),1,STANSTED,ARRECIFE,68767,67090,1677,249481,241588,7893,-72.43598
16/04/2021 17:17,2020,1,WESTERN EUROPE-EU,SPAIN(CANARY ISLANDS),1,STANSTED,FUERTEVENTURA,48559,48559,0,146059,140482,5577,-66.75385
16/04/2021 17:17,2020,1,WESTERN EUROPE-EU,SPAIN(CANARY ISLANDS),1,STANSTED,LAS PALMAS,57111,52642,4469,202055,183776,18279,-71.73492
16/04/2021 17:17,2020,1,WESTERN EUROPE-EU,SPAIN(CANARY ISLANDS),1,STANSTED,TENERIFE (SURREINA SOFIA),105751,99417,6334,404079,376286,27793,-73.82913
16/04/2021 17:17,2020,1,WESTERN EUROPE-EU,SPAIN(CANARY ISLANDS),2,ABERDEEN,LAS PALMAS,88,0,88,0,0,0,0
16/04/2021 17:17,2020,1,WESTERN EUROPE-EU,SPAIN(CANARY ISLANDS),2,ABERDEEN,TENERIFE (SURREINA SOFIA),9680,0,9680,30155,0,30155,-67.89919
16/04/2021 17:17,2020,1,WESTERN EUROPE-EU,SPAIN(CANARY ISLANDS),2,BELFAST INTERNATIONAL,ARRECIFE,22706,22351,355,111284,91127,20157,-79.59635
16/04/2021 17:17,2020,1,WESTERN EUROPE-EU,SPAIN(CANARY ISLANDS),2,BELFAST INTERNATIONAL,FUERTEVENTURA,11175,11175,0,43075,43075,0,-74.05688
16/04/2021 17:17,2020,1,WESTERN EUROPE-EU,SPAIN(CANARY ISLANDS),2,BELFAST INTERNATIONAL,LAS PALMAS,6458,6458,0,41271,29961,11310,-84.35221
16/04/2021 17:17,2020,1,WESTERN EUROPE-EU,SPAIN(CANARY ISLANDS),2,BELFAST INTERNATIONAL,TENERIFE (SURREINA SOFIA),24258,24076,182,122936,90501,32435,-80.26778
16/04/2021 17:17,2020,1,WESTERN EUROPE-EU,SPAIN(CANARY ISLANDS),2,BIGGIN HILL,LAS PALMAS,5,0,5,0,0,0,0
16/04/2021 17:17,2020,1,WESTERN EUROPE-EU,SPAIN(CANARY ISLANDS),2,BIGGIN HILL,TENERIFE (SURREINA SOFIA),0,0,0,2,0,2,-100
16/04/2021 17:17,2020,1,WESTERN EUROPE-EU,SPAIN(CANARY ISLANDS),2,BIRMINGHAM,ARRECIFE,59417,47602,11815,259299,202384,56915,-77.08553
16/04/2021 17:17,2020,1,WESTERN EUROPE-EU,SPAIN(CANARY ISLANDS),2,BIRMINGHAM,FUERTEVENTURA,37905,31810,6095,161576,119496,42080,-76.54045
16/04/2021 17:17,2020,1,WESTERN EUROPE-EU,SPAIN(CANARY ISLANDS),2,BIRMINGHAM,LAS PALMAS,36600,28404,8196,172478,117718,54760,-78.7799
16/04/2021 17:17,2020,1,WESTERN EUROPE-EU,SPAIN(CANARY ISLANDS),2,BIRMINGHAM,TENERIFE (SURREINA SOFIA),99402,78708,20694,377488,295827,81661,-73.66751
16/04/2021 17:17,2020,1,WESTERN EUROPE-EU,SPAIN(CANARY ISLANDS),2,BOURNEMOUTH,ARRECIFE,8487,0,8487,36842,187,36655,-76.96379
16/04/2021 17:17,2020,1,WESTERN EUROPE-EU,SPAIN(CANARY ISLANDS),2,BOURNEMOUTH,LAS PALMAS,7495,3763,3732,30853,12884,17969,-75.70739
16/04/2021 17:17,2020,1,WESTERN EUROPE-EU,SPAIN(CANARY ISLANDS),2,BOURNEMOUTH,TENERIFE (NORTE LOS RODEOS),0,0,0,297,0,297,-100
16/04/2021 17:17,2020,1,WESTERN EUROPE-EU,SPAIN(CANARY ISLANDS),2,BOURNEMOUTH,TENERIFE (SURREINA SOFIA),13856,5702,8154,48082,18145,29937,-71.18256
16/04/2021 17:17,2020,1,WESTERN EUROPE-EU,SPAIN(CANARY ISLANDS),2,BRISTOL,ARRECIFE,40936,32122,8814,159881,101907,57974,-74.39596
16/04/2021 17:17,2020,1,WESTERN EUROPE-EU,SPAIN(CANARY ISLANDS),2,BRISTOL,FUERTEVENTURA,15766,11226,4540,68239,36154,32085,-76.89591
16/04/2021 17:17,2020,1,WESTERN EUROPE-EU,SPAIN(CANARY ISLANDS),2,BRISTOL,LAS PALMAS,22267,17926,4341,86650,54823,31827,-74.30237
16/04/2021 17:17,2020,1,WESTERN EUROPE-EU,SPAIN(CANARY ISLANDS),2,BRISTOL,TENERIFE (SURREINA SOFIA),58637,46942,11695,203820,144359,59461,-71.23099
16/04/2021 17:17,2020,1,WESTERN EUROPE-EU,SPAIN(CANARY ISLANDS),2,CARDIFF WALES,ARRECIFE,8300,0,8300,39664,0,39664,-79.07422
16/04/2021 17:17,2020,1,WESTERN EUROPE-EU,SPAIN(CANARY ISLANDS),2,CARDIFF WALES,FUERTEVENTURA,0,0,0,2,0,2,-100
16/04/2021 17:17,2020,1,WESTERN EUROPE-EU,SPAIN(CANARY ISLANDS),2,CARDIFF WALES,LAS PALMAS,3962,0,3962,18975,0,18975,-79.11989
16/04/2021 17:17,2020,1,WESTERN EUROPE-EU,SPAIN(CANARY ISLANDS),2,CARDIFF WALES,TENERIFE (SURREINA SOFIA),12006,578,11428,95628,25267,70361,-87.4451
16/04/2021 17:17,2020,1,WESTERN EUROPE-EU,SPAIN(CANARY ISLANDS),2,DONCASTER SHEFFIELD,ARRECIFE,9967,472,9495,39993,0,39993,-75.07814
16/04/2021 17:17,2020,1,WESTERN EUROPE-EU,SPAIN(CANARY ISLANDS),2,DONCASTER SHEFFIELD,LAS PALMAS,4914,532,4382,19650,0,19650,-74.99237
16/04/2021 17:17,2020,1,WESTERN EUROPE-EU,SPAIN(CANARY ISLANDS),2,DONCASTER SHEFFIELD,TENERIFE (SURREINA SOFIA),14174,733,13441,51309,0,51309,-72.37522
16/04/2021 17:17,2020,1,WESTERN EUROPE-EU,SPAIN(CANARY ISLANDS),2,EAST MIDLANDS INTERNATIONAL,ARRECIFE,47668,43207,4461,195187,176368,18819,-75.57829
16/04/2021 17:17,2020,1,WESTERN EUROPE-EU,SPAIN(CANARY ISLANDS),2,EAST MIDLANDS INTERNATIONAL,FUERTEVENTURA,28212,23960,4252,114145,95130,19015,-75.28407
16/04/2021 17:17,2020,1,WESTERN EUROPE-EU,SPAIN(CANARY ISLANDS),2,EAST MIDLANDS INTERNATIONAL,LAS PALMAS,20760,20760,0,88825,83442,5383,-76.6282
16/04/2021 17:17,2020,1,WESTERN EUROPE-EU,SPAIN(CANARY ISLANDS),2,EAST MIDLANDS INTERNATIONAL,TENERIFE (SURREINA SOFIA),79490,67843,11647,325002,268103,56899,-75.54169
16/04/2021 17:17,2020,1,WESTERN EUROPE-EU,SPAIN(CANARY ISLANDS),2,EDINBURGH,ARRECIFE,33449,29339,4110,116917,97676,19241,-71.39082
16/04/2021 17:17,2020,1,WESTERN EUROPE-EU,SPAIN(CANARY ISLANDS),2,EDINBURGH,FUERTEVENTURA,22534,22534,0,69860,69860,0,-67.74406
16/04/2021 17:17,2020,1,WESTERN EUROPE-EU,SPAIN(CANARY ISLANDS),2,EDINBURGH,LAS PALMAS,17642,17642,0,76089,70459,5630,-76.81399
16/04/2021 17:17,2020,1,WESTERN EUROPE-EU,SPAIN(CANARY ISLANDS),2,EDINBURGH,TENERIFE (SURREINA SOFIA),81297,72449,8848,244812,206739,38073,-66.79207
16/04/2021 17:17,2020,1,WESTERN EUROPE-EU,SPAIN(CANARY ISLANDS),2,EXETER,ARRECIFE,8586,0,8586,38009,0,38009,-77.41061
16/04/2021 17:17,2020,1,WESTERN EUROPE-EU,SPAIN(CANARY ISLANDS),2,EXETER,LAS PALMAS,3869,0,3869,9815,0,9815,-60.58074
16/04/2021 17:17,2020,1,WESTERN EUROPE-EU,SPAIN(CANARY ISLANDS),2,EXETER,TENERIFE (SURREINA SOFIA),12498,0,12498,39286,0,39286,-68.18714
16/04/2021 17:17,2020,1,WESTERN EUROPE-EU,SPAIN(CANARY ISLANDS),2,GLASGOW,ARRECIFE,29549,24612,4937,128356,110719,17637,-76.97887
16/04/2021 17:17,2020,1,WESTERN EUROPE-EU,SPAIN(CANARY ISLANDS),2,GLASGOW,FUERTEVENTURA,13203,13203,0,63757,63757,0,-79.29169
16/04/2021 17:17,2020,1,WESTERN EUROPE-EU,SPAIN(CANARY ISLANDS),2,GLASGOW,LAS PALMAS,22193,17903,4290,89083,73588,15495,-75.08728
16/04/2021 17:17,2020,1,WESTERN EUROPE-EU,SPAIN(CANARY ISLANDS),2,GLASGOW,TENERIFE (SURREINA SOFIA),53134,46051,7083,229483,190916,38567,-76.84622
16/04/2021 17:17,2020,1,WESTERN EUROPE-EU,SPAIN(CANARY ISLANDS),2,JERSEY,TENERIFE (SURREINA SOFIA),1296,0,1296,2294,0,2294,-43.5048
16/04/2021 17:17,2020,1,WESTERN EUROPE-EU,SPAIN(CANARY ISLANDS),2,LEEDS BRADFORD,ARRECIFE,28175,27987,188,142744,142744,0,-80.26187
16/04/2021 17:17,2020,1,WESTERN EUROPE-EU,SPAIN(CANARY ISLANDS),2,LEEDS BRADFORD,FUERTEVENTURA,11830,11830,0,75956,75956,0,-84.42519
16/04/2021 17:17,2020,1,WESTERN EUROPE-EU,SPAIN(CANARY ISLANDS),2,LEEDS BRADFORD,LAS PALMAS,13993,13993,0,91488,91488,0,-84.7051
16/04/2021 17:17,2020,1,WESTERN EUROPE-EU,SPAIN(CANARY ISLANDS),2,LEEDS BRADFORD,TENERIFE (SURREINA SOFIA),51475,51286,189,201057,201057,0,-74.39781
16/04/2021 17:17,2020,1,WESTERN EUROPE-EU,SPAIN(CANARY ISLANDS),2,LIVERPOOL (JOHN LENNON),ARRECIFE,22576,22576,0,76489,76489,0,-70.48464
16/04/2021 17:17,2020,1,WESTERN EUROPE-EU,SPAIN(CANARY ISLANDS),2,LIVERPOOL (JOHN LENNON),FUERTEVENTURA,14390,14390,0,43068,43068,0,-66.58772
16/04/2021 17:17,2020,1,WESTERN EUROPE-EU,SPAIN(CANARY ISLANDS),2,LIVERPOOL (JOHN LENNON),LAS PALMAS,0,0,0,20511,20511,0,-100
16/04/2021 17:17,2020,1,WESTERN EUROPE-EU,SPAIN(CANARY ISLANDS),2,LIVERPOOL (JOHN LENNON),TENERIFE (SURREINA SOFIA),13193,13193,0,46545,46545,0,-71.65539
16/04/2021 17:17,2020,1,WESTERN EUROPE-EU,SPAIN(CANARY ISLANDS),2,MANCHESTER,ARRECIFE,125593,106847,18746,488001,394991,93010,-74.26378
16/04/2021 17:17,2020,1,WESTERN EUROPE-EU,SPAIN(CANARY ISLANDS),2,MANCHESTER,FUERTEVENTURA,56258,40964,15294,242821,182563,60258,-76.83149
16/04/2021 17:17,2020,1,WESTERN EUROPE-EU,SPAIN(CANARY ISLANDS),2,MANCHESTER,LAS PALMAS,59701,40646,19055,277007,188005,89002,-78.44784
16/04/2021 17:17,2020,1,WESTERN EUROPE-EU,SPAIN(CANARY ISLANDS),2,MANCHESTER,SANTA CRUZ DE LA PALMA,3900,0,3900,21774,0,21774,-82.08873
16/04/2021 17:17,2020,1,WESTERN EUROPE-EU,SPAIN(CANARY ISLANDS),2,MANCHESTER,TENERIFE (NORTE LOS RODEOS),101,101,0,0,0,0,0
16/04/2021 17:17,2020,1,WESTERN EUROPE-EU,SPAIN(CANARY ISLANDS),2,MANCHESTER,TENERIFE (SURREINA SOFIA),236539,199190,37349,856421,700218,156203,-72.38052
16/04/2021 17:17,2020,1,WESTERN EUROPE-EU,SPAIN(CANARY ISLANDS),2,NEWCASTLE,ARRECIFE,27138,27138,0,143750,143750,0,-81.12139
16/04/2021 17:17,2020,1,WESTERN EUROPE-EU,SPAIN(CANARY ISLANDS),2,NEWCASTLE,FUERTEVENTURA,10923,10923,0,48834,48834,0,-77.63239
16/04/2021 17:17,2020,1,WESTERN EUROPE-EU,SPAIN(CANARY ISLANDS),2,NEWCASTLE,LAS PALMAS,13619,13619,0,55509,55509,0,-75.46524
16/04/2021 17:17,2020,1,WESTERN EUROPE-EU,SPAIN(CANARY ISLANDS),2,NEWCASTLE,TENERIFE (SURREINA SOFIA),50864,50718,146,226116,226116,0,-77.50535
16/04/2021 17:17,2020,1,WESTERN EUROPE-EU,SPAIN(CANARY ISLANDS),2,NORWICH,TENERIFE (SURREINA SOFIA),3763,0,3763,19055,0,19055,-80.2519
16/04/2021 17:17,2020,1,WESTERN EUROPE-EU,SPAIN(CANARY ISLANDS),2,PRESTWICK,ARRECIFE,7424,7424,0,36060,36060,0,-79.41209
16/04/2021 17:17,2020,1,WESTERN EUROPE-EU,SPAIN(CANARY ISLANDS),2,PRESTWICK,FUERTEVENTURA,174,0,174,4069,4069,0,-95.72377
16/04/2021 17:17,2020,1,WESTERN EUROPE-EU,SPAIN(CANARY ISLANDS),2,PRESTWICK,LAS PALMAS,0,0,0,21349,21349,0,-100
16/04/2021 17:17,2020,1,WESTERN EUROPE-EU,SPAIN(CANARY ISLANDS),2,PRESTWICK,TENERIFE (SURREINA SOFIA),17340,17340,0,96982,96640,342,-82.12039
16/04/2021 17:17,2020,1,WESTERN EUROPE-EU,SPAIN(CANARY ISLANDS),2,SOUTHAMPTON,TENERIFE (NORTE LOS RODEOS),0,0,0,4,0,4,-100
16/04/2021 17:17,2020,1,WESTERN EUROPE-EU,SPAIN(CANARY ISLANDS),2,SOUTHAMPTON,TENERIFE (SURREINA SOFIA),0,0,0,60,60,0,-100
16/04/2021 17:17,2020,1,WESTERN EUROPE-EU,SWEDEN,1,GATWICK,GOTEBORG (LANDVETTER),24791,24791,0,172358,172358,0,-85.61657
16/04/2021 17:17,2020,1,WESTERN EUROPE-EU,SWEDEN,1,GATWICK,MALMO,0,0,0,222,0,222,-100
16/04/2021 17:17,2020,1,WESTERN EUROPE-EU,SWEDEN,1,GATWICK,OSTERSUND / FROSON,5744,5744,0,9641,9641,0,-40.42112
16/04/2021 17:17,2020,1,WESTERN EUROPE-EU,SWEDEN,1,GATWICK,PAJALA YLLAS,0,0,0,376,0,376,-100
16/04/2021 17:17,2020,1,WESTERN EUROPE-EU,SWEDEN,1,GATWICK,STOCKHOLM (ARLANDA),86018,85933,85,436077,436067,10,-80.27458
16/04/2021 17:17,2020,1,WESTERN EUROPE-EU,SWEDEN,1,HEATHROW,GOTEBORG (LANDVETTER),63840,63840,0,247369,247369,0,-74.1924
16/04/2021 17:17,2020,1,WESTERN EUROPE-EU,SWEDEN,1,HEATHROW,KIRUNA,1248,0,1248,2101,0,2101,-40.59971
16/04/2021 17:17,2020,1,WESTERN EUROPE-EU,SWEDEN,1,HEATHROW,SCANDINAVIAN MOUNTAINS AIRPORT,553,553,0,0,0,0,0
16/04/2021 17:17,2020,1,WESTERN EUROPE-EU,SWEDEN,1,HEATHROW,STOCKHOLM (ARLANDA),261011,261011,0,959928,959928,0,-72.80931
16/04/2021 17:17,2020,1,WESTERN EUROPE-EU,SWEDEN,1,LUTON,HALMSTAD,0,0,0,174,0,174,-100
16/04/2021 17:17,2020,1,WESTERN EUROPE-EU,SWEDEN,1,LUTON,MALMO,0,0,0,165,0,165,-100
16/04/2021 17:17,2020,1,WESTERN EUROPE-EU,SWEDEN,1,LUTON,STOCKHOLM (ARLANDA),0,0,0,22549,22549,0,-100
16/04/2021 17:17,2020,1,WESTERN EUROPE-EU,SWEDEN,1,STANSTED,GOTEBORG (LANDVETTER),46001,46001,0,159137,159137,0,-71.09346
16/04/2021 17:17,2020,1,WESTERN EUROPE-EU,SWEDEN,1,STANSTED,HALMSTAD,346,0,346,0,0,0,0
16/04/2021 17:17,2020,1,WESTERN EUROPE-EU,SWEDEN,1,STANSTED,STOCKHOLM (ARLANDA),0,0,0,909,0,909,-100
16/04/2021 17:17,2020,1,WESTERN EUROPE-EU,SWEDEN,1,STANSTED,STOCKHOLM (SKAVSTA),48158,48158,0,214869,214869,0,-77.58727
16/04/2021 17:17,2020,1,WESTERN EUROPE-EU,SWEDEN,1,STANSTED,VASTERAS,20031,20031,0,63525,63525,0,-68.46753
16/04/2021 17:17,2020,1,WESTERN EUROPE-EU,SWEDEN,2,ABERDEEN,RONNEBY,36,0,36,0,0,0,0
16/04/2021 17:17,2020,1,WESTERN EUROPE-EU,SWEDEN,2,BELFAST INTERNATIONAL,LULEA,0,0,0,131,0,131,-100
16/04/2021 17:17,2020,1,WESTERN EUROPE-EU,SWEDEN,2,BELFAST INTERNATIONAL,MALMO,0,0,0,219,0,219,-100
16/04/2021 17:17,2020,1,WESTERN EUROPE-EU,SWEDEN,2,BELFAST INTERNATIONAL,UMEA,0,0,0,213,0,213,-100
16/04/2021 17:17,2020,1,WESTERN EUROPE-EU,SWEDEN,2,BIRMINGHAM,GOTEBORG (LANDVETTER),299,0,299,0,0,0,0
16/04/2021 17:17,2020,1,WESTERN EUROPE-EU,SWEDEN,2,BIRMINGHAM,PAJALA YLLAS,0,0,0,376,0,376,-100
16/04/2021 17:17,2020,1,WESTERN EUROPE-EU,SWEDEN,2,BIRMINGHAM,STOCKHOLM (ARLANDA),149,149,0,1083,809,274,-86.24192
16/04/2021 17:17,2020,1,WESTERN EUROPE-EU,SWEDEN,2,BIRMINGHAM,VASTERAS,173,173,0,0,0,0,0
16/04/2021 17:17,2020,1,WESTERN EUROPE-EU,SWEDEN,2,BOURNEMOUTH,PAJALA YLLAS,0,0,0,376,0,376,-100
16/04/2021 17:17,2020,1,WESTERN EUROPE-EU,SWEDEN,2,BRISTOL,OSTERSUND / FROSON,0,0,0,1217,1217,0,-100
16/04/2021 17:17,2020,1,WESTERN EUROPE-EU,SWEDEN,2,BRISTOL,STOCKHOLM (ARLANDA),0,0,0,19994,19994,0,-100
16/04/2021 17:17,2020,1,WESTERN EUROPE-EU,SWEDEN,2,CARDIFF WALES,PAJALA YLLAS,0,0,0,378,0,378,-100
16/04/2021 17:17,2020,1,WESTERN EUROPE-EU,SWEDEN,2,EAST MIDLANDS INTERNATIONAL,PAJALA YLLAS,0,0,0,186,0,186,-100
16/04/2021 17:17,2020,1,WESTERN EUROPE-EU,SWEDEN,2,EDINBURGH,GOTEBORG (LANDVETTER),7281,7281,0,35966,35966,0,-79.75588
16/04/2021 17:17,2020,1,WESTERN EUROPE-EU,SWEDEN,2,EDINBURGH,STOCKHOLM (ARLANDA),9867,9867,0,115505,115505,0,-91.45751
16/04/2021 17:17,2020,1,WESTERN EUROPE-EU,SWEDEN,2,EDINBURGH,STOCKHOLM (SKAVSTA),613,613,0,27028,27028,0,-97.73198
16/04/2021 17:17,2020,1,WESTERN EUROPE-EU,SWEDEN,2,EXETER,PAJALA YLLAS,0,0,0,376,0,376,-100
16/04/2021 17:17,2020,1,WESTERN EUROPE-EU,SWEDEN,2,GLASGOW,PAJALA YLLAS,0,0,0,378,0,378,-100
16/04/2021 17:17,2020,1,WESTERN EUROPE-EU,SWEDEN,2,GLASGOW,STOCKHOLM (ARLANDA),0,0,0,458,0,458,-100
16/04/2021 17:17,2020,1,WESTERN EUROPE-EU,SWEDEN,2,HUMBERSIDE,PAJALA YLLAS,0,0,0,372,0,372,-100
16/04/2021 17:17,2020,1,WESTERN EUROPE-EU,SWEDEN,2,ISLE OF MAN,STOCKHOLM (ARLANDA),0,0,0,166,0,166,-100
16/04/2021 17:17,2020,1,WESTERN EUROPE-EU,SWEDEN,2,LEEDS BRADFORD,PAJALA YLLAS,0,0,0,376,0,376,-100
16/04/2021 17:17,2020,1,WESTERN EUROPE-EU,SWEDEN,2,LIVERPOOL (JOHN LENNON),OREBRO,0,0,0,259,0,259,-100
16/04/2021 17:17,2020,1,WESTERN EUROPE-EU,SWEDEN,2,LIVERPOOL (JOHN LENNON),PAJALA YLLAS,0,0,0,376,0,376,-100
16/04/2021 17:17,2020,1,WESTERN EUROPE-EU,SWEDEN,2,MANCHESTER,GOTEBORG (LANDVETTER),10841,10789,52,28052,28052,0,-61.35391
16/04/2021 17:17,2020,1,WESTERN EUROPE-EU,SWEDEN,2,MANCHESTER,STOCKHOLM (ARLANDA),33196,33196,0,168785,168512,273,-80.33238
16/04/2021 17:17,2020,1,WESTERN EUROPE-EU,SWEDEN,2,NORWICH,PAJALA YLLAS,0,0,0,360,0,360,-100
16/04/2021 17:17,2020,2,WESTERN EUROPE-OTHER,BOSNIA-HERZEGOVINA,1,HEATHROW,SARAJEVO,193,0,193,0,0,0,0
16/04/2021 17:17,2020,2,WESTERN EUROPE-OTHER,BOSNIA-HERZEGOVINA,1,LUTON,SARAJEVO,1097,1097,0,2174,2174,0,-49.54002
16/04/2021 17:17,2020,2,WESTERN EUROPE-OTHER,BOSNIA-HERZEGOVINA,2,BELFAST INTERNATIONAL,SARAJEVO,110,0,110,0,0,0,0
16/04/2021 17:17,2020,2,WESTERN EUROPE-OTHER,BOSNIA-HERZEGOVINA,2,CARDIFF WALES,SARAJEVO,138,0,138,0,0,0,0
16/04/2021 17:17,2020,2,WESTERN EUROPE-OTHER,BOSNIA-HERZEGOVINA,2,GLASGOW,SARAJEVO,98,0,98,122,0,122,-19.67213
16/04/2021 17:17,2020,2,WESTERN EUROPE-OTHER,FAROE ISLANDS,2,ABERDEEN,VAGAR,77,0,77,174,0,174,-55.74713
16/04/2021 17:17,2020,2,WESTERN EUROPE-OTHER,FAROE ISLANDS,2,BELFAST CITY (GEORGE BEST),VAGAR,30,0,30,0,0,0,0
16/04/2021 17:17,2020,2,WESTERN EUROPE-OTHER,FAROE ISLANDS,2,BELFAST INTERNATIONAL,VAGAR,160,0,160,398,0,398,-59.79899
16/04/2021 17:17,2020,2,WESTERN EUROPE-OTHER,FAROE ISLANDS,2,CARDIFF WALES,VAGAR,145,0,145,0,0,0,0
16/04/2021 17:17,2020,2,WESTERN EUROPE-OTHER,FAROE ISLANDS,2,EDINBURGH,VAGAR,1481,1481,0,14816,14816,0,-90.00405
16/04/2021 17:17,2020,2,WESTERN EUROPE-OTHER,FAROE ISLANDS,2,GLASGOW,VAGAR,0,0,0,230,0,230,-100
16/04/2021 17:17,2020,2,WESTERN EUROPE-OTHER,FAROE ISLANDS,2,LIVERPOOL (JOHN LENNON),VAGAR,74,0,74,0,0,0,0
16/04/2021 17:17,2020,2,WESTERN EUROPE-OTHER,ICELAND,1,GATWICK,KEFLAVIK,55532,49563,5969,242035,226805,15230,-77.05621
16/04/2021 17:17,2020,2,WESTERN EUROPE-OTHER,ICELAND,1,HEATHROW,KEFLAVIK,87484,87458,26,353509,353509,0,-75.25268
16/04/2021 17:17,2020,2,WESTERN EUROPE-OTHER,ICELAND,1,HEATHROW,REYKJAVIK,20,0,20,0,0,0,0
16/04/2021 17:17,2020,2,WESTERN EUROPE-OTHER,ICELAND,1,LONDON CITY,KEFLAVIK,0,0,0,3207,3207,0,-100
16/04/2021 17:17,2020,2,WESTERN EUROPE-OTHER,ICELAND,1,LUTON,KEFLAVIK,81270,81270,0,256908,256908,0,-68.36611
16/04/2021 17:17,2020,2,WESTERN EUROPE-OTHER,ICELAND,1,SOUTHEND,AKUREYRI,0,0,0,402,402,0,-100
16/04/2021 17:17,2020,2,WESTERN EUROPE-OTHER,ICELAND,1,STANSTED,KEFLAVIK,189,0,189,10579,10579,0,-98.21344
16/04/2021 17:17,2020,2,WESTERN EUROPE-OTHER,ICELAND,2,ABERDEEN,KEFLAVIK,0,0,0,1,1,0,-100
16/04/2021 17:17,2020,2,WESTERN EUROPE-OTHER,ICELAND,2,BELFAST INTERNATIONAL,KEFLAVIK,6592,6592,0,13203,13203,0,-50.07195
16/04/2021 17:17,2020,2,WESTERN EUROPE-OTHER,ICELAND,2,BIRMINGHAM,KEFLAVIK,725,725,0,1846,1846,0,-60.72589
16/04/2021 17:17,2020,2,WESTERN EUROPE-OTHER,ICELAND,2,BOURNEMOUTH,AKUREYRI,0,0,0,511,0,511,-100
16/04/2021 17:17,2020,2,WESTERN EUROPE-OTHER,ICELAND,2,BRISTOL,KEFLAVIK,12534,9251,3283,18842,18842,0,-33.4784
16/04/2021 17:17,2020,2,WESTERN EUROPE-OTHER,ICELAND,2,CARDIFF WALES,AKUREYRI,0,0,0,266,0,266,-100
16/04/2021 17:17,2020,2,WESTERN EUROPE-OTHER,ICELAND,2,CITY OF DERRY (EGLINTON),AKUREYRI,0,0,0,366,0,366,-100
16/04/2021 17:17,2020,2,WESTERN EUROPE-OTHER,ICELAND,2,DONCASTER SHEFFIELD,KEFLAVIK,5,0,5,0,0,0,0
16/04/2021 17:17,2020,2,WESTERN EUROPE-OTHER,ICELAND,2,EAST MIDLANDS INTERNATIONAL,AKUREYRI,0,0,0,398,0,398,-100
16/04/2021 17:17,2020,2,WESTERN EUROPE-OTHER,ICELAND,2,EAST MIDLANDS INTERNATIONAL,KEFLAVIK,636,636,0,5018,1115,3903,-87.32563
16/04/2021 17:17,2020,2,WESTERN EUROPE-OTHER,ICELAND,2,EDINBURGH,KEFLAVIK,16906,16906,0,52676,52317,359,-67.90569
16/04/2021 17:17,2020,2,WESTERN EUROPE-OTHER,ICELAND,2,EDINBURGH,REYKJAVIK,0,0,0,406,0,406,-100
16/04/2021 17:17,2020,2,WESTERN EUROPE-OTHER,ICELAND,2,EXETER,AKUREYRI,0,0,0,395,0,395,-100
16/04/2021 17:17,2020,2,WESTERN EUROPE-OTHER,ICELAND,2,GLASGOW,AKUREYRI,0,0,0,49,0,49,-100
16/04/2021 17:17,2020,2,WESTERN EUROPE-OTHER,ICELAND,2,GLASGOW,KEFLAVIK,15673,15584,89,107751,107751,0,-85.45443
16/04/2021 17:17,2020,2,WESTERN EUROPE-OTHER,ICELAND,2,GLASGOW,REYKJAVIK,30,0,30,0,0,0,0
16/04/2021 17:17,2020,2,WESTERN EUROPE-OTHER,ICELAND,2,HUMBERSIDE,AKUREYRI,0,0,0,1072,0,1072,-100
16/04/2021 17:17,2020,2,WESTERN EUROPE-OTHER,ICELAND,2,INVERNESS,AKUREYRI,0,0,0,351,0,351,-100
16/04/2021 17:17,2020,2,WESTERN EUROPE-OTHER,ICELAND,2,ISLE OF MAN,AKUREYRI,0,0,0,756,0,756,-100
16/04/2021 17:17,2020,2,WESTERN EUROPE-OTHER,ICELAND,2,JERSEY,AKUREYRI,0,0,0,386,0,386,-100
16/04/2021 17:17,2020,2,WESTERN EUROPE-OTHER,ICELAND,2,LEEDS BRADFORD,AKUREYRI,0,0,0,525,0,525,-100
16/04/2021 17:17,2020,2,WESTERN EUROPE-OTHER,ICELAND,2,LEEDS BRADFORD,KEFLAVIK,720,720,0,1851,1851,0,-61.10211
16/04/2021 17:17,2020,2,WESTERN EUROPE-OTHER,ICELAND,2,MANCHESTER,KEFLAVIK,60655,54077,6578,184805,169783,15022,-67.17892
16/04/2021 17:17,2020,2,WESTERN EUROPE-OTHER,ICELAND,2,NEWCASTLE,AKUREYRI,0,0,0,559,559,0,-100
16/04/2021 17:17,2020,2,WESTERN EUROPE-OTHER,ICELAND,2,NEWCASTLE,KEFLAVIK,738,738,0,2227,2227,0,-66.86125
16/04/2021 17:17,2020,2,WESTERN EUROPE-OTHER,ICELAND,2,NEWQUAY,AKUREYRI,0,0,0,614,0,614,-100
16/04/2021 17:17,2020,2,WESTERN EUROPE-OTHER,ICELAND,2,NORWICH,AKUREYRI,0,0,0,294,0,294,-100
16/04/2021 17:17,2020,2,WESTERN EUROPE-OTHER,ICELAND,2,NORWICH,KEFLAVIK,0,0,0,15,0,15,-100
16/04/2021 17:17,2020,2,WESTERN EUROPE-OTHER,ICELAND,2,TEESSIDE INTERNATIONAL AIRPORT,AKUREYRI,0,0,0,378,0,378,-100
16/04/2021 17:17,2020,2,WESTERN EUROPE-OTHER,KOSOVO,1,GATWICK,PRISTINA,110,0,110,64,0,64,71.875
16/04/2021 17:17,2020,2,WESTERN EUROPE-OTHER,KOSOVO,1,HEATHROW,PRISTINA,2139,2139,0,0,0,0,0
16/04/2021 17:17,2020,2,WESTERN EUROPE-OTHER,KOSOVO,1,LUTON,PRISTINA,36685,36685,0,72440,72440,0,-49.35809
16/04/2021 17:17,2020,2,WESTERN EUROPE-OTHER,KOSOVO,1,STANSTED,PRISTINA,112,0,112,294,0,294,-61.90476
16/04/2021 17:17,2020,2,WESTERN EUROPE-OTHER,KOSOVO,2,BOURNEMOUTH,PRISTINA,0,0,0,138,0,138,-100
16/04/2021 17:17,2020,2,WESTERN EUROPE-OTHER,MACEDONIA,1,LUTON,OHRID,8821,8821,0,22917,22917,0,-61.50892
16/04/2021 17:17,2020,2,WESTERN EUROPE-OTHER,MACEDONIA,1,LUTON,SKOPJE,18765,18575,190,61539,61539,0,-69.50714
16/04/2021 17:17,2020,2,WESTERN EUROPE-OTHER,NORWAY,1,GATWICK,BERGEN,35853,34581,1272,208585,205917,2668,-82.81132
16/04/2021 17:17,2020,2,WESTERN EUROPE-OTHER,NORWAY,1,GATWICK,MOLDE,0,0,0,249,145,104,-100
16/04/2021 17:17,2020,2,WESTERN EUROPE-OTHER,NORWAY,1,GATWICK,OSLO (GARDERMOEN),92689,92689,0,410482,410311,171,-77.41947
16/04/2021 17:17,2020,2,WESTERN EUROPE-OTHER,NORWAY,1,GATWICK,STAVANGER,13709,13709,0,87056,87056,0,-84.25266
16/04/2021 17:17,2020,2,WESTERN EUROPE-OTHER,NORWAY,1,GATWICK,TROMSOE,14335,14335,0,27297,27297,0,-47.48507
16/04/2021 17:17,2020,2,WESTERN EUROPE-OTHER,NORWAY,1,GATWICK,TRONDHEIM (VAERNES),8040,8040,0,62719,62719,0,-87.18092
16/04/2021 17:17,2020,2,WESTERN EUROPE-OTHER,NORWAY,1,HEATHROW,OSLO (GARDERMOEN),161096,161096,0,685981,685981,0,-76.51597
16/04/2021 17:17,2020,2,WESTERN EUROPE-OTHER,NORWAY,1,HEATHROW,STAVANGER,11311,11311,0,68605,68605,0,-83.51286
16/04/2021 17:17,2020,2,WESTERN EUROPE-OTHER,NORWAY,1,LUTON,BERGEN,10381,10381,0,33276,33276,0,-68.80334
16/04/2021 17:17,2020,2,WESTERN EUROPE-OTHER,NORWAY,1,LUTON,OSLO (GARDERMOEN),15290,15290,0,27653,27653,0,-44.70763
16/04/2021 17:17,2020,2,WESTERN EUROPE-OTHER,NORWAY,1,LUTON,STAVANGER,5177,5177,0,12003,12003,0,-56.86912
16/04/2021 17:17,2020,2,WESTERN EUROPE-OTHER,NORWAY,1,LUTON,TROMSOE,7962,7962,0,10104,10104,0,-21.19952
16/04/2021 17:17,2020,2,WESTERN EUROPE-OTHER,NORWAY,1,SOUTHEND,BERGEN,47,47,0,0,0,0,0
16/04/2021 17:17,2020,2,WESTERN EUROPE-OTHER,NORWAY,1,STANSTED,KRISTIANSAND (KJEVIK),3579,3579,0,25155,25155,0,-85.77221
16/04/2021 17:17,2020,2,WESTERN EUROPE-OTHER,NORWAY,1,STANSTED,KRISTIANSUND (KUERNBERGET),0,0,0,86,0,86,-100
16/04/2021 17:17,2020,2,WESTERN EUROPE-OTHER,NORWAY,1,STANSTED,OSLO (GARDERMOEN),74091,74091,0,291754,291652,102,-74.60498
16/04/2021 17:17,2020,2,WESTERN EUROPE-OTHER,NORWAY,1,STANSTED,SANDEFJORD(TORP),11786,11786,0,56020,56020,0,-78.96109
16/04/2021 17:17,2020,2,WESTERN EUROPE-OTHER,NORWAY,2,ABERDEEN,ALESUND,371,0,371,0,0,0,0
16/04/2021 17:17,2020,2,WESTERN EUROPE-OTHER,NORWAY,2,ABERDEEN,BERGEN,22444,22418,26,42880,42814,66,-47.65858
16/04/2021 17:17,2020,2,WESTERN EUROPE-OTHER,NORWAY,2,ABERDEEN,FLORO,69,0,69,0,0,0,0
16/04/2021 17:17,2020,2,WESTERN EUROPE-OTHER,NORWAY,2,ABERDEEN,HAUGESUND,280,216,64,44,0,44,536.36364
16/04/2021 17:17,2020,2,WESTERN EUROPE-OTHER,NORWAY,2,ABERDEEN,KRISTIANSUND (KUERNBERGET),67,0,67,0,0,0,0
16/04/2021 17:17,2020,2,WESTERN EUROPE-OTHER,NORWAY,2,ABERDEEN,OSLO (GARDERMOEN),3263,3186,77,25491,25491,0,-87.1994
16/04/2021 17:17,2020,2,WESTERN EUROPE-OTHER,NORWAY,2,ABERDEEN,SANDEFJORD(TORP),0,0,0,24,24,0,-100
16/04/2021 17:17,2020,2,WESTERN EUROPE-OTHER,NORWAY,2,ABERDEEN,STAVANGER,30705,30597,108,105860,105860,0,-70.99471
16/04/2021 17:17,2020,2,WESTERN EUROPE-OTHER,NORWAY,2,ABERDEEN,TRONDHEIM (VAERNES),59,0,59,0,0,0,0
16/04/2021 17:17,2020,2,WESTERN EUROPE-OTHER,NORWAY,2,BELFAST INTERNATIONAL,HAUGESUND,0,0,0,228,0,228,-100
16/04/2021 17:17,2020,2,WESTERN EUROPE-OTHER,NORWAY,2,BELFAST INTERNATIONAL,OSLO (GARDERMOEN),172,0,172,0,0,0,0
16/04/2021 17:17,2020,2,WESTERN EUROPE-OTHER,NORWAY,2,BELFAST INTERNATIONAL,TRONDHEIM (VAERNES),0,0,0,230,0,230,-100
16/04/2021 17:17,2020,2,WESTERN EUROPE-OTHER,NORWAY,2,BIGGIN HILL,OSLO (GARDERMOEN),0,0,0,3,0,3,-100
16/04/2021 17:17,2020,2,WESTERN EUROPE-OTHER,NORWAY,2,BIRMINGHAM,BERGEN,320,0,320,976,0,976,-67.21311
16/04/2021 17:17,2020,2,WESTERN EUROPE-OTHER,NORWAY,2,BIRMINGHAM,OSLO (GARDERMOEN),183,183,0,205,205,0,-10.73171
16/04/2021 17:17,2020,2,WESTERN EUROPE-OTHER,NORWAY,2,BOURNEMOUTH,BERGEN,390,0,390,709,0,709,-44.99295
16/04/2021 17:17,2020,2,WESTERN EUROPE-OTHER,NORWAY,2,BRISTOL,BARDUFOSS,636,0,636,0,0,0,0
16/04/2021 17:17,2020,2,WESTERN EUROPE-OTHER,NORWAY,2,BRISTOL,BERGEN,600,0,600,992,0,992,-39.51613
16/04/2021 17:17,2020,2,WESTERN EUROPE-OTHER,NORWAY,2,BRISTOL,OSLO (GARDERMOEN),0,0,0,240,240,0,-100
16/04/2021 17:17,2020,2,WESTERN EUROPE-OTHER,NORWAY,2,CARDIFF WALES,BERGEN,0,0,0,272,0,272,-100
16/04/2021 17:17,2020,2,WESTERN EUROPE-OTHER,NORWAY,2,CARDIFF WALES,OSLO (GARDERMOEN),128,0,128,0,0,0,0
16/04/2021 17:17,2020,2,WESTERN EUROPE-OTHER,NORWAY,2,DUNDEE,OSLO (GARDERMOEN),0,0,0,81,0,81,-100
16/04/2021 17:17,2020,2,WESTERN EUROPE-OTHER,NORWAY,2,EAST MIDLANDS INTERNATIONAL,OSLO (GARDERMOEN),187,0,187,0,0,0,0
16/04/2021 17:17,2020,2,WESTERN EUROPE-OTHER,NORWAY,2,EDINBURGH,ALESUND,0,0,0,262,0,262,-100
16/04/2021 17:17,2020,2,WESTERN EUROPE-OTHER,NORWAY,2,EDINBURGH,BERGEN,639,595,44,5360,5236,124,-88.07836
16/04/2021 17:17,2020,2,WESTERN EUROPE-OTHER,NORWAY,2,EDINBURGH,OSLO (GARDERMOEN),22857,22857,0,133337,133159,178,-82.85772
16/04/2021 17:17,2020,2,WESTERN EUROPE-OTHER,NORWAY,2,EDINBURGH,SANDEFJORD(TORP),0,0,0,2,2,0,-100
16/04/2021 17:17,2020,2,WESTERN EUROPE-OTHER,NORWAY,2,EDINBURGH,STAVANGER,1582,1582,0,7223,7223,0,-78.09774
16/04/2021 17:17,2020,2,WESTERN EUROPE-OTHER,NORWAY,2,EXETER,BARDUFOSS,0,0,0,231,0,231,-100
16/04/2021 17:17,2020,2,WESTERN EUROPE-OTHER,NORWAY,2,GLASGOW,ALESUND,266,0,266,0,0,0,0
16/04/2021 17:17,2020,2,WESTERN EUROPE-OTHER,NORWAY,2,GLASGOW,BERGEN,296,0,296,0,0,0,0
16/04/2021 17:17,2020,2,WESTERN EUROPE-OTHER,NORWAY,2,INVERNESS,ALESUND,46,0,46,0,0,0,0
16/04/2021 17:17,2020,2,WESTERN EUROPE-OTHER,NORWAY,2,INVERNESS,BERGEN,0,0,0,868,868,0,-100
16/04/2021 17:17,2020,2,WESTERN EUROPE-OTHER,NORWAY,2,KIRKWALL,BERGEN,0,0,0,355,355,0,-100
16/04/2021 17:17,2020,2,WESTERN EUROPE-OTHER,NORWAY,2,LEEDS BRADFORD,BERGEN,125,0,125,338,0,338,-63.01775
16/04/2021 17:17,2020,2,WESTERN EUROPE-OTHER,NORWAY,2,LEEDS BRADFORD,KRISTIANSAND (KJEVIK),0,0,0,257,0,257,-100
16/04/2021 17:17,2020,2,WESTERN EUROPE-OTHER,NORWAY,2,LEEDS BRADFORD,OSLO (GARDERMOEN),0,0,0,3,3,0,-100
16/04/2021 17:17,2020,2,WESTERN EUROPE-OTHER,NORWAY,2,LIVERPOOL (JOHN LENNON),BERGEN,1717,1717,0,7202,7202,0,-76.1594
16/04/2021 17:17,2020,2,WESTERN EUROPE-OTHER,NORWAY,2,LIVERPOOL (JOHN LENNON),EVENES,0,0,0,230,0,230,-100
16/04/2021 17:17,2020,2,WESTERN EUROPE-OTHER,NORWAY,2,LIVERPOOL (JOHN LENNON),MOLDE,0,0,0,337,0,337,-100
16/04/2021 17:17,2020,2,WESTERN EUROPE-OTHER,NORWAY,2,LIVERPOOL (JOHN LENNON),OSLO (GARDERMOEN),1479,0,1479,4358,156,4202,-66.06241
16/04/2021 17:17,2020,2,WESTERN EUROPE-OTHER,NORWAY,2,LIVERPOOL (JOHN LENNON),SANDEFJORD(TORP),366,0,366,0,0,0,0
16/04/2021 17:17,2020,2,WESTERN EUROPE-OTHER,NORWAY,2,LIVERPOOL (JOHN LENNON),STAVANGER,221,0,221,704,0,704,-68.60795
16/04/2021 17:17,2020,2,WESTERN EUROPE-OTHER,NORWAY,2,LIVERPOOL (JOHN LENNON),TROMSOE,371,0,371,0,0,0,0
16/04/2021 17:17,2020,2,WESTERN EUROPE-OTHER,NORWAY,2,LIVERPOOL (JOHN LENNON),TRONDHEIM (VAERNES),374,0,374,0,0,0,0
16/04/2021 17:17,2020,2,WESTERN EUROPE-OTHER,NORWAY,2,MANCHESTER,BERGEN,7213,6272,941,20593,18347,2246,-64.97353
16/04/2021 17:17,2020,2,WESTERN EUROPE-OTHER,NORWAY,2,MANCHESTER,KRISTIANSUND (KUERNBERGET),0,0,0,362,0,362,-100
16/04/2021 17:17,2020,2,WESTERN EUROPE-OTHER,NORWAY,2,MANCHESTER,OSLO (GARDERMOEN),28475,28475,0,144201,144201,0,-80.25326
16/04/2021 17:17,2020,2,WESTERN EUROPE-OTHER,NORWAY,2,MANCHESTER,SANDEFJORD(TORP),18855,18855,0,63873,63873,0,-70.48048
16/04/2021 17:17,2020,2,WESTERN EUROPE-OTHER,NORWAY,2,MANCHESTER,STAVANGER,4742,4742,0,24229,24229,0,-80.42841
16/04/2021 17:17,2020,2,WESTERN EUROPE-OTHER,NORWAY,2,NEWCASTLE,BERGEN,130,0,130,190,0,190,-31.57895
16/04/2021 17:17,2020,2,WESTERN EUROPE-OTHER,NORWAY,2,NEWCASTLE,STAVANGER,2487,2487,0,12124,12124,0,-79.48697
16/04/2021 17:17,2020,2,WESTERN EUROPE-OTHER,NORWAY,2,NORWICH,BERGEN,0,0,0,24,24,0,-100
16/04/2021 17:17,2020,2,WESTERN EUROPE-OTHER,NORWAY,2,NORWICH,STAVANGER,0,0,0,49,49,0,-100
16/04/2021 17:17,2020,2,WESTERN EUROPE-OTHER,NORWAY,2,SUMBURGH,ALESUND,47,0,47,197,0,197,-76.14213
16/04/2021 17:17,2020,2,WESTERN EUROPE-OTHER,NORWAY,2,SUMBURGH,BERGEN,72,72,0,1581,1581,0,-95.44592
16/04/2021 17:17,2020,2,WESTERN EUROPE-OTHER,NORWAY,2,TEESSIDE INTERNATIONAL AIRPORT,ALESUND,24,0,24,0,0,0,0
16/04/2021 17:17,2020,2,WESTERN EUROPE-OTHER,REPUBLIC OF MONTENEGRO,1,GATWICK,PODGORICA,111,0,111,14885,112,14773,-99.25428
16/04/2021 17:17,2020,2,WESTERN EUROPE-OTHER,REPUBLIC OF MONTENEGRO,1,GATWICK,TIVAT,3479,3479,0,34930,34930,0,-90.04008
16/04/2021 17:17,2020,2,WESTERN EUROPE-OTHER,REPUBLIC OF MONTENEGRO,1,STANSTED,PODGORICA,12893,12893,0,37265,36866,399,-65.40185
16/04/2021 17:17,2020,2,WESTERN EUROPE-OTHER,REPUBLIC OF MONTENEGRO,2,BELFAST INTERNATIONAL,PODGORICA,0,0,0,120,0,120,-100
16/04/2021 17:17,2020,2,WESTERN EUROPE-OTHER,REPUBLIC OF MONTENEGRO,2,BIRMINGHAM,PODGORICA,0,0,0,3749,0,3749,-100
16/04/2021 17:17,2020,2,WESTERN EUROPE-OTHER,REPUBLIC OF MONTENEGRO,2,MANCHESTER,PODGORICA,0,0,0,13549,0,13549,-100
16/04/2021 17:17,2020,2,WESTERN EUROPE-OTHER,REPUBLIC OF MONTENEGRO,2,MANCHESTER,TIVAT,1761,1761,0,20049,20049,0,-91.21652
16/04/2021 17:17,2020,2,WESTERN EUROPE-OTHER,REPUBLIC OF SERBIA,1,HEATHROW,BELGRADE,27808,27515,293,102600,102600,0,-72.89669
16/04/2021 17:17,2020,2,WESTERN EUROPE-OTHER,REPUBLIC OF SERBIA,1,LUTON,BELGRADE,29558,29558,0,70119,69843,276,-57.84595
16/04/2021 17:17,2020,2,WESTERN EUROPE-OTHER,REPUBLIC OF SERBIA,1,STANSTED,BELGRADE,0,0,0,288,0,288,-100
16/04/2021 17:17,2020,2,WESTERN EUROPE-OTHER,REPUBLIC OF SERBIA,2,MANCHESTER,BELGRADE,0,0,0,690,0,690,-100
16/04/2021 17:17,2020,2,WESTERN EUROPE-OTHER,SWITZERLAND,1,GATWICK,BALE MULHOUSE,67026,67026,0,288862,288862,0,-76.79653
16/04/2021 17:17,2020,2,WESTERN EUROPE-OTHER,SWITZERLAND,1,GATWICK,GENEVA,306483,302615,3868,833621,817139,16482,-63.23473
16/04/2021 17:17,2020,2,WESTERN EUROPE-OTHER,SWITZERLAND,1,GATWICK,ZURICH,35290,35290,0,157026,157026,0,-77.52601
16/04/2021 17:17,2020,2,WESTERN EUROPE-OTHER,SWITZERLAND,1,HEATHROW,BALE MULHOUSE,56410,56410,0,278482,278482,0,-79.74375
16/04/2021 17:17,2020,2,WESTERN EUROPE-OTHER,SWITZERLAND,1,HEATHROW,GENEVA,338486,338486,0,1070524,1070524,0,-68.38128
16/04/2021 17:17,2020,2,WESTERN EUROPE-OTHER,SWITZERLAND,1,HEATHROW,SION,551,551,0,515,515,0,6.99029
16/04/2021 17:17,2020,2,WESTERN EUROPE-OTHER,SWITZERLAND,1,HEATHROW,ZURICH,345888,345007,881,1188545,1187935,610,-70.8982
16/04/2021 17:17,2020,2,WESTERN EUROPE-OTHER,SWITZERLAND,1,LONDON CITY,ALTENRHEIN,62,0,62,0,0,0,0
16/04/2021 17:17,2020,2,WESTERN EUROPE-OTHER,SWITZERLAND,1,LONDON CITY,GENEVA,35475,35450,25,192170,192170,0,-81.53978
16/04/2021 17:17,2020,2,WESTERN EUROPE-OTHER,SWITZERLAND,1,LONDON CITY,SION,93,93,0,143,143,0,-34.96503
16/04/2021 17:17,2020,2,WESTERN EUROPE-OTHER,SWITZERLAND,1,LONDON CITY,ZURICH,76513,76513,0,431401,431401,0,-82.26407
16/04/2021 17:17,2020,2,WESTERN EUROPE-OTHER,SWITZERLAND,1,LUTON,BALE MULHOUSE,11225,11225,0,88662,88662,0,-87.33956
16/04/2021 17:17,2020,2,WESTERN EUROPE-OTHER,SWITZERLAND,1,LUTON,GENEVA,119124,119124,0,325624,325624,0,-63.4167
16/04/2021 17:17,2020,2,WESTERN EUROPE-OTHER,SWITZERLAND,1,LUTON,ZURICH,33236,33236,0,174970,174970,0,-81.00474
16/04/2021 17:17,2020,2,WESTERN EUROPE-OTHER,SWITZERLAND,1,SOUTHEND,GENEVA,17027,17027,0,29418,29418,0,-42.12047
16/04/2021 17:17,2020,2,WESTERN EUROPE-OTHER,SWITZERLAND,1,SOUTHEND,ZURICH,0,0,0,54,54,0,-100
16/04/2021 17:17,2020,2,WESTERN EUROPE-OTHER,SWITZERLAND,1,STANSTED,BALE MULHOUSE,189,0,189,0,0,0,0
16/04/2021 17:17,2020,2,WESTERN EUROPE-OTHER,SWITZERLAND,1,STANSTED,GENEVA,59857,59857,0,96509,96010,499,-37.97781
16/04/2021 17:17,2020,2,WESTERN EUROPE-OTHER,SWITZERLAND,1,STANSTED,ZURICH,204,120,84,171,40,131,19.29825
16/04/2021 17:17,2020,2,WESTERN EUROPE-OTHER,SWITZERLAND,2,ABERDEEN,GENEVA,3271,3271,0,4513,4513,0,-27.5205
16/04/2021 17:17,2020,2,WESTERN EUROPE-OTHER,SWITZERLAND,2,BELFAST INTERNATIONAL,GENEVA,14052,14017,35,19633,19633,0,-28.42663
16/04/2021 17:17,2020,2,WESTERN EUROPE-OTHER,SWITZERLAND,2,BIGGIN HILL,BERNE,22,0,22,27,0,27,-18.51852
16/04/2021 17:17,2020,2,WESTERN EUROPE-OTHER,SWITZERLAND,2,BIGGIN HILL,GENEVA,25,0,25,63,0,63,-60.31746
16/04/2021 17:17,2020,2,WESTERN EUROPE-OTHER,SWITZERLAND,2,BIGGIN HILL,SION,26,0,26,1,0,1,2500
16/04/2021 17:17,2020,2,WESTERN EUROPE-OTHER,SWITZERLAND,2,BIGGIN HILL,ZURICH,1,0,1,164,0,164,-99.39024
16/04/2021 17:17,2020,2,WESTERN EUROPE-OTHER,SWITZERLAND,2,BIRMINGHAM,GENEVA,57620,57620,0,109286,106260,3026,-47.27595
16/04/2021 17:17,2020,2,WESTERN EUROPE-OTHER,SWITZERLAND,2,BIRMINGHAM,ZURICH,19526,19480,46,97967,97967,0,-80.0688
16/04/2021 17:17,2020,2,WESTERN EUROPE-OTHER,SWITZERLAND,2,BOURNEMOUTH,GENEVA,18009,18009,0,25035,25035,0,-28.06471
16/04/2021 17:17,2020,2,WESTERN EUROPE-OTHER,SWITZERLAND,2,BRISTOL,BALE MULHOUSE,10103,10103,0,52879,52879,0,-80.89412
16/04/2021 17:17,2020,2,WESTERN EUROPE-OTHER,SWITZERLAND,2,BRISTOL,GENEVA,83508,79769,3739,215953,205303,10650,-61.33047
16/04/2021 17:17,2020,2,WESTERN EUROPE-OTHER,SWITZERLAND,2,CARDIFF WALES,GENEVA,1047,1047,0,3181,3181,0,-67.08582
16/04/2021 17:17,2020,2,WESTERN EUROPE-OTHER,SWITZERLAND,2,EAST MIDLANDS INTERNATIONAL,GENEVA,3059,3059,0,4373,4373,0,-30.04802
16/04/2021 17:17,2020,2,WESTERN EUROPE-OTHER,SWITZERLAND,2,EDINBURGH,BALE MULHOUSE,15772,15772,0,107857,107857,0,-85.37693
16/04/2021 17:17,2020,2,WESTERN EUROPE-OTHER,SWITZERLAND,2,EDINBURGH,BERNE,0,0,0,147,0,147,-100
16/04/2021 17:17,2020,2,WESTERN EUROPE-OTHER,SWITZERLAND,2,EDINBURGH,GENEVA,68302,64660,3642,193353,189084,4269,-64.67497
16/04/2021 17:17,2020,2,WESTERN EUROPE-OTHER,SWITZERLAND,2,EDINBURGH,ZURICH,3152,3152,0,44311,42911,1400,-92.88664
16/04/2021 17:17,2020,2,WESTERN EUROPE-OTHER,SWITZERLAND,2,EXETER,GENEVA,902,902,0,2366,2366,0,-61.87658
16/04/2021 17:17,2020,2,WESTERN EUROPE-OTHER,SWITZERLAND,2,GLASGOW,BALE MULHOUSE,0,0,0,299,0,299,-100
16/04/2021 17:17,2020,2,WESTERN EUROPE-OTHER,SWITZERLAND,2,GLASGOW,BERNE,0,0,0,351,0,351,-100
16/04/2021 17:17,2020,2,WESTERN EUROPE-OTHER,SWITZERLAND,2,GLASGOW,GENEVA,9651,9651,0,16323,16323,0,-40.87484
16/04/2021 17:17,2020,2,WESTERN EUROPE-OTHER,SWITZERLAND,2,GLASGOW,ZURICH,0,0,0,55,0,55,-100
16/04/2021 17:17,2020,2,WESTERN EUROPE-OTHER,SWITZERLAND,2,GUERNSEY,ZURICH,0,0,0,779,779,0,-100
16/04/2021 17:17,2020,2,WESTERN EUROPE-OTHER,SWITZERLAND,2,INVERNESS,ZURICH,0,0,0,1918,0,1918,-100
16/04/2021 17:17,2020,2,WESTERN EUROPE-OTHER,SWITZERLAND,2,ISLE OF MAN,GENEVA,1069,0,1069,2023,1760,263,-47.15769
16/04/2021 17:17,2020,2,WESTERN EUROPE-OTHER,SWITZERLAND,2,JERSEY,ALTENRHEIN,0,0,0,300,0,300,-100
16/04/2021 17:17,2020,2,WESTERN EUROPE-OTHER,SWITZERLAND,2,JERSEY,GENEVA,949,949,0,2115,2115,0,-55.13002
16/04/2021 17:17,2020,2,WESTERN EUROPE-OTHER,SWITZERLAND,2,JERSEY,ZURICH,0,0,0,947,947,0,-100
16/04/2021 17:17,2020,2,WESTERN EUROPE-OTHER,SWITZERLAND,2,LEEDS BRADFORD,GENEVA,23581,23581,0,35193,35193,0,-32.9952
16/04/2021 17:17,2020,2,WESTERN EUROPE-OTHER,SWITZERLAND,2,LIVERPOOL (JOHN LENNON),GENEVA,57635,57635,0,133415,133415,0,-56.80021
16/04/2021 17:17,2020,2,WESTERN EUROPE-OTHER,SWITZERLAND,2,LIVERPOOL (JOHN LENNON),SION,0,0,0,171,0,171,-100
16/04/2021 17:17,2020,2,WESTERN EUROPE-OTHER,SWITZERLAND,2,MANCHESTER,BALE MULHOUSE,19713,19713,0,95244,95244,0,-79.30263
16/04/2021 17:17,2020,2,WESTERN EUROPE-OTHER,SWITZERLAND,2,MANCHESTER,GENEVA,89674,88154,1520,276134,271050,5084,-67.52519
16/04/2021 17:17,2020,2,WESTERN EUROPE-OTHER,SWITZERLAND,2,MANCHESTER,ZURICH,38601,38601,0,144644,144644,0,-73.3131
16/04/2021 17:17,2020,2,WESTERN EUROPE-OTHER,SWITZERLAND,2,NEWCASTLE,GENEVA,22870,22870,0,56352,56352,0,-59.41581
16/04/2021 17:17,2020,2,WESTERN EUROPE-OTHER,SWITZERLAND,2,SOUTHAMPTON,GENEVA,8992,8992,0,16578,16578,0,-45.75944
16/04/2021 17:17,2020,2,WESTERN EUROPE-OTHER,TURKEY,1,GATWICK,ANKARA (ESENBOGA),2848,2848,0,21791,21791,0,-86.93038
16/04/2021 17:17,2020,2,WESTERN EUROPE-OTHER,TURKEY,1,GATWICK,ANTALYA,105185,81212,23973,331860,246502,85358,-68.30441
16/04/2021 17:17,2020,2,WESTERN EUROPE-OTHER,TURKEY,1,GATWICK,BODRUM (MILAS),33872,30375,3497,114243,97470,16773,-70.35092
16/04/2021 17:17,2020,2,WESTERN EUROPE-OTHER,TURKEY,1,GATWICK,DALAMAN,111489,80355,31134,359520,283147,76373,-68.98949
16/04/2021 17:17,2020,2,WESTERN EUROPE-OTHER,TURKEY,1,GATWICK,ISTANBUL,65786,65449,337,219243,218471,772,-69.99402
16/04/2021 17:17,2020,2,WESTERN EUROPE-OTHER,TURKEY,1,GATWICK,ISTANBUL (SABIHA GOKCEN),12176,12176,0,77274,77274,0,-84.24308
16/04/2021 17:17,2020,2,WESTERN EUROPE-OTHER,TURKEY,1,GATWICK,ISTANBUL ATATURK,0,0,0,4534,4534,0,-100
16/04/2021 17:17,2020,2,WESTERN EUROPE-OTHER,TURKEY,1,GATWICK,IZMIR (ADNAN MENDERES),14146,10823,3323,61554,43169,18385,-77.01855
16/04/2021 17:17,2020,2,WESTERN EUROPE-OTHER,TURKEY,1,HEATHROW,ANKARA (ESENBOGA),679,679,0,0,0,0,0
16/04/2021 17:17,2020,2,WESTERN EUROPE-OTHER,TURKEY,1,HEATHROW,ANTALYA,0,0,0,423,423,0,-100
16/04/2021 17:17,2020,2,WESTERN EUROPE-OTHER,TURKEY,1,HEATHROW,BODRUM (MILAS),3954,3954,0,0,0,0,0
16/04/2021 17:17,2020,2,WESTERN EUROPE-OTHER,TURKEY,1,HEATHROW,DALAMAN,25165,25165,0,0,0,0,0
16/04/2021 17:17,2020,2,WESTERN EUROPE-OTHER,TURKEY,1,HEATHROW,ISTANBUL,420854,420780,74,1026032,1026032,0,-58.98237
16/04/2021 17:17,2020,2,WESTERN EUROPE-OTHER,TURKEY,1,HEATHROW,ISTANBUL ATATURK,0,0,0,45806,45806,0,-100
16/04/2021 17:17,2020,2,WESTERN EUROPE-OTHER,TURKEY,1,HEATHROW,IZMIR (ADNAN MENDERES),0,0,0,7373,0,7373,-100
16/04/2021 17:17,2020,2,WESTERN EUROPE-OTHER,TURKEY,1,LUTON,ANKARA (ESENBOGA),3277,3277,0,5001,5001,0,-34.47311
16/04/2021 17:17,2020,2,WESTERN EUROPE-OTHER,TURKEY,1,LUTON,ANTALYA,10471,10471,0,43777,37499,6278,-76.08105
16/04/2021 17:17,2020,2,WESTERN EUROPE-OTHER,TURKEY,1,LUTON,BODRUM (MILAS),7137,7137,0,31725,31725,0,-77.50355
16/04/2021 17:17,2020,2,WESTERN EUROPE-OTHER,TURKEY,1,LUTON,DALAMAN,7008,7008,0,28163,21667,6496,-75.11629
16/04/2021 17:17,2020,2,WESTERN EUROPE-OTHER,TURKEY,1,LUTON,GAZIANTEP,3349,3349,0,3911,3911,0,-14.36973
16/04/2021 17:17,2020,2,WESTERN EUROPE-OTHER,TURKEY,1,LUTON,ISTANBUL ATATURK,0,0,0,140,140,0,-100
16/04/2021 17:17,2020,2,WESTERN EUROPE-OTHER,TURKEY,1,LUTON,IZMIR (ADNAN MENDERES),5727,5727,0,11286,11286,0,-49.25572
16/04/2021 17:17,2020,2,WESTERN EUROPE-OTHER,TURKEY,1,STANSTED,ADANA,189,189,0,0,0,0,0
16/04/2021 17:17,2020,2,WESTERN EUROPE-OTHER,TURKEY,1,STANSTED,ANKARA (ESENBOGA),773,600,173,313,313,0,146.96486
16/04/2021 17:17,2020,2,WESTERN EUROPE-OTHER,TURKEY,1,STANSTED,ANTALYA,69981,62838,7143,169964,154095,15869,-58.82599
16/04/2021 17:17,2020,2,WESTERN EUROPE-OTHER,TURKEY,1,STANSTED,BODRUM (MILAS),11016,11016,0,54211,54211,0,-79.6794
16/04/2021 17:17,2020,2,WESTERN EUROPE-OTHER,TURKEY,1,STANSTED,DALAMAN,38948,33015,5933,194321,176029,18292,-79.95688
16/04/2021 17:17,2020,2,WESTERN EUROPE-OTHER,TURKEY,1,STANSTED,GAZIANTEP,1475,515,960,0,0,0,0
16/04/2021 17:17,2020,2,WESTERN EUROPE-OTHER,TURKEY,1,STANSTED,ISTANBUL,1596,1247,349,104610,104610,0,-98.47433
16/04/2021 17:17,2020,2,WESTERN EUROPE-OTHER,TURKEY,1,STANSTED,ISTANBUL (SABIHA GOKCEN),291148,290907,241,472590,472590,0,-38.39311
16/04/2021 17:17,2020,2,WESTERN EUROPE-OTHER,TURKEY,1,STANSTED,IZMIR (ADNAN MENDERES),41683,41206,477,75472,75472,0,-44.77025
16/04/2021 17:17,2020,2,WESTERN EUROPE-OTHER,TURKEY,1,STANSTED,KAHRAMANMARAS,116,0,116,0,0,0,0
16/04/2021 17:17,2020,2,WESTERN EUROPE-OTHER,TURKEY,1,STANSTED,KAYSERI  ERKILET,160,0,160,0,0,0,0
16/04/2021 17:17,2020,2,WESTERN EUROPE-OTHER,TURKEY,2,ABERDEEN,DALAMAN,0,0,0,8635,0,8635,-100
16/04/2021 17:17,2020,2,WESTERN EUROPE-OTHER,TURKEY,2,ABERDEEN,ISTANBUL (SABIHA GOKCEN),31,0,31,0,0,0,0
16/04/2021 17:17,2020,2,WESTERN EUROPE-OTHER,TURKEY,2,BELFAST INTERNATIONAL,ANTALYA,1796,1796,0,27878,17430,10448,-93.55764
16/04/2021 17:17,2020,2,WESTERN EUROPE-OTHER,TURKEY,2,BELFAST INTERNATIONAL,DALAMAN,12068,12068,0,34881,18706,16175,-65.40237
16/04/2021 17:17,2020,2,WESTERN EUROPE-OTHER,TURKEY,2,BELFAST INTERNATIONAL,ISTANBUL (SABIHA GOKCEN),0,0,0,74,0,74,-100
16/04/2021 17:17,2020,2,WESTERN EUROPE-OTHER,TURKEY,2,BELFAST INTERNATIONAL,ISTANBUL ATATURK,97,0,97,0,0,0,0
16/04/2021 17:17,2020,2,WESTERN EUROPE-OTHER,TURKEY,2,BIGGIN HILL,BODRUM (MILAS),19,0,19,6,0,6,216.66667
16/04/2021 17:17,2020,2,WESTERN EUROPE-OTHER,TURKEY,2,BIGGIN HILL,DALAMAN,21,0,21,0,0,0,0
16/04/2021 17:17,2020,2,WESTERN EUROPE-OTHER,TURKEY,2,BIGGIN HILL,ISTANBUL (SABIHA GOKCEN),1,0,1,0,0,0,0
16/04/2021 17:17,2020,2,WESTERN EUROPE-OTHER,TURKEY,2,BIGGIN HILL,ISTANBUL ATATURK,9,0,9,0,0,0,0
16/04/2021 17:17,2020,2,WESTERN EUROPE-OTHER,TURKEY,2,BIGGIN HILL,IZMIR (ADNAN MENDERES),0,0,0,9,0,9,-100
16/04/2021 17:17,2020,2,WESTERN EUROPE-OTHER,TURKEY,2,BIRMINGHAM,ANTALYA,44657,29153,15504,150649,116083,34566,-70.35692
16/04/2021 17:17,2020,2,WESTERN EUROPE-OTHER,TURKEY,2,BIRMINGHAM,BODRUM (MILAS),5466,5466,0,29434,19699,9735,-81.42964
16/04/2021 17:17,2020,2,WESTERN EUROPE-OTHER,TURKEY,2,BIRMINGHAM,DALAMAN,34247,20202,14045,136813,94093,42720,-74.96802
16/04/2021 17:17,2020,2,WESTERN EUROPE-OTHER,TURKEY,2,BIRMINGHAM,ISTANBUL,44277,44277,0,121080,121080,0,-63.43162
16/04/2021 17:17,2020,2,WESTERN EUROPE-OTHER,TURKEY,2,BIRMINGHAM,ISTANBUL (SABIHA GOKCEN),228,0,228,204,1,203,11.76471
16/04/2021 17:17,2020,2,WESTERN EUROPE-OTHER,TURKEY,2,BIRMINGHAM,ISTANBUL ATATURK,0,0,0,34676,34676,0,-100
16/04/2021 17:17,2020,2,WESTERN EUROPE-OTHER,TURKEY,2,BIRMINGHAM,IZMIR (ADNAN MENDERES),2754,137,2617,23318,14439,8879,-88.18938
16/04/2021 17:17,2020,2,WESTERN EUROPE-OTHER,TURKEY,2,BOURNEMOUTH,ANTALYA,3199,0,3199,5744,0,5744,-44.3071
16/04/2021 17:17,2020,2,WESTERN EUROPE-OTHER,TURKEY,2,BOURNEMOUTH,DALAMAN,2998,0,2998,6083,0,6083,-50.71511
16/04/2021 17:17,2020,2,WESTERN EUROPE-OTHER,TURKEY,2,BRISTOL,ANTALYA,14236,7535,6701,60299,41289,19010,-76.39098
16/04/2021 17:17,2020,2,WESTERN EUROPE-OTHER,TURKEY,2,BRISTOL,BODRUM (MILAS),13395,13395,0,39968,33665,6303,-66.48569
16/04/2021 17:17,2020,2,WESTERN EUROPE-OTHER,TURKEY,2,BRISTOL,DALAMAN,26049,16261,9788,97058,68833,28225,-73.16141
16/04/2021 17:17,2020,2,WESTERN EUROPE-OTHER,TURKEY,2,CARDIFF WALES,ANTALYA,2745,0,2745,18967,0,18967,-85.5275
16/04/2021 17:17,2020,2,WESTERN EUROPE-OTHER,TURKEY,2,CARDIFF WALES,DALAMAN,5676,0,5676,45956,0,45956,-87.64906
16/04/2021 17:17,2020,2,WESTERN EUROPE-OTHER,TURKEY,2,DONCASTER SHEFFIELD,ANTALYA,4742,63,4679,9620,175,9445,-50.70686
16/04/2021 17:17,2020,2,WESTERN EUROPE-OTHER,TURKEY,2,DONCASTER SHEFFIELD,BODRUM (MILAS),0,0,0,9266,0,9266,-100
16/04/2021 17:17,2020,2,WESTERN EUROPE-OTHER,TURKEY,2,DONCASTER SHEFFIELD,DALAMAN,9685,0,9685,15777,0,15777,-38.61317
16/04/2021 17:17,2020,2,WESTERN EUROPE-OTHER,TURKEY,2,EAST MIDLANDS INTERNATIONAL,ANTALYA,13699,13699,0,41434,41434,0,-66.93778
16/04/2021 17:17,2020,2,WESTERN EUROPE-OTHER,TURKEY,2,EAST MIDLANDS INTERNATIONAL,BODRUM (MILAS),3689,3689,0,8502,8351,151,-56.61021
16/04/2021 17:17,2020,2,WESTERN EUROPE-OTHER,TURKEY,2,EAST MIDLANDS INTERNATIONAL,DALAMAN,20841,14769,6072,71646,56736,14910,-70.91115
16/04/2021 17:17,2020,2,WESTERN EUROPE-OTHER,TURKEY,2,EDINBURGH,ANTALYA,8769,8769,0,25504,25504,0,-65.61716
16/04/2021 17:17,2020,2,WESTERN EUROPE-OTHER,TURKEY,2,EDINBURGH,BODRUM (MILAS),8853,8853,0,28971,28971,0,-69.44186
16/04/2021 17:17,2020,2,WESTERN EUROPE-OTHER,TURKEY,2,EDINBURGH,DALAMAN,14431,14431,0,55250,39612,15638,-73.88054
16/04/2021 17:17,2020,2,WESTERN EUROPE-OTHER,TURKEY,2,EDINBURGH,ISTANBUL,26631,26631,0,63581,63581,0,-58.11485
16/04/2021 17:17,2020,2,WESTERN EUROPE-OTHER,TURKEY,2,EDINBURGH,ISTANBUL ATATURK,0,0,0,21345,21345,0,-100
16/04/2021 17:17,2020,2,WESTERN EUROPE-OTHER,TURKEY,2,EXETER,ANTALYA,0,0,0,2120,0,2120,-100
16/04/2021 17:17,2020,2,WESTERN EUROPE-OTHER,TURKEY,2,EXETER,DALAMAN,2713,0,2713,12195,0,12195,-77.75318
16/04/2021 17:17,2020,2,WESTERN EUROPE-OTHER,TURKEY,2,GLASGOW,ANTALYA,18143,14449,3694,100622,90212,10410,-81.96915
16/04/2021 17:17,2020,2,WESTERN EUROPE-OTHER,TURKEY,2,GLASGOW,BODRUM (MILAS),2082,2082,0,15139,15139,0,-86.24744
16/04/2021 17:17,2020,2,WESTERN EUROPE-OTHER,TURKEY,2,GLASGOW,DALAMAN,30058,20886,9172,114505,93734,20771,-73.74962
16/04/2021 17:17,2020,2,WESTERN EUROPE-OTHER,TURKEY,2,GLASGOW,ISTANBUL,109,0,109,0,0,0,0
16/04/2021 17:17,2020,2,WESTERN EUROPE-OTHER,TURKEY,2,GLASGOW,IZMIR (ADNAN MENDERES),2622,2622,0,8267,8267,0,-68.28354
16/04/2021 17:17,2020,2,WESTERN EUROPE-OTHER,TURKEY,2,LEEDS BRADFORD,ANTALYA,19734,19576,158,56630,56630,0,-65.15275
16/04/2021 17:17,2020,2,WESTERN EUROPE-OTHER,TURKEY,2,LEEDS BRADFORD,BODRUM (MILAS),5010,5010,0,10168,10168,0,-50.72777
16/04/2021 17:17,2020,2,WESTERN EUROPE-OTHER,TURKEY,2,LEEDS BRADFORD,DALAMAN,20189,20189,0,50562,50562,0,-60.0708
16/04/2021 17:17,2020,2,WESTERN EUROPE-OTHER,TURKEY,2,LEEDS BRADFORD,IZMIR (ADNAN MENDERES),0,0,0,8325,8325,0,-100
16/04/2021 17:17,2020,2,WESTERN EUROPE-OTHER,TURKEY,2,LIVERPOOL (JOHN LENNON),ANTALYA,3319,3319,0,0,0,0,0
16/04/2021 17:17,2020,2,WESTERN EUROPE-OTHER,TURKEY,2,LIVERPOOL (JOHN LENNON),BODRUM (MILAS),7094,7094,0,20645,20645,0,-65.63817
16/04/2021 17:17,2020,2,WESTERN EUROPE-OTHER,TURKEY,2,LIVERPOOL (JOHN LENNON),DALAMAN,6862,6862,0,18625,18625,0,-63.15705
16/04/2021 17:17,2020,2,WESTERN EUROPE-OTHER,TURKEY,2,LIVERPOOL (JOHN LENNON),ISTANBUL,0,0,0,130,0,130,-100
16/04/2021 17:17,2020,2,WESTERN EUROPE-OTHER,TURKEY,2,LIVERPOOL (JOHN LENNON),ISTANBUL ATATURK,0,0,0,120,0,120,-100
16/04/2021 17:17,2020,2,WESTERN EUROPE-OTHER,TURKEY,2,MANCHESTER,ANTALYA,120089,87833,32256,370929,302279,68650,-67.6248
16/04/2021 17:17,2020,2,WESTERN EUROPE-OTHER,TURKEY,2,MANCHESTER,BODRUM (MILAS),15128,11863,3265,81875,66539,15336,-81.52305
16/04/2021 17:17,2020,2,WESTERN EUROPE-OTHER,TURKEY,2,MANCHESTER,DALAMAN,126096,85383,40713,393742,320416,73326,-67.97497
16/04/2021 17:17,2020,2,WESTERN EUROPE-OTHER,TURKEY,2,MANCHESTER,ISTANBUL,89527,89299,228,162352,162352,0,-44.85624
16/04/2021 17:17,2020,2,WESTERN EUROPE-OTHER,TURKEY,2,MANCHESTER,ISTANBUL (SABIHA GOKCEN),58801,58801,0,62374,62374,0,-5.72835
16/04/2021 17:17,2020,2,WESTERN EUROPE-OTHER,TURKEY,2,MANCHESTER,ISTANBUL ATATURK,0,0,0,75464,75464,0,-100
16/04/2021 17:17,2020,2,WESTERN EUROPE-OTHER,TURKEY,2,MANCHESTER,IZMIR (ADNAN MENDERES),16211,12674,3537,68681,51137,17544,-76.39667
16/04/2021 17:17,2020,2,WESTERN EUROPE-OTHER,TURKEY,2,NEWCASTLE,ANTALYA,21148,21148,0,78426,78426,0,-73.03445
16/04/2021 17:17,2020,2,WESTERN EUROPE-OTHER,TURKEY,2,NEWCASTLE,BODRUM (MILAS),3499,3499,0,8933,8933,0,-60.83063
16/04/2021 17:17,2020,2,WESTERN EUROPE-OTHER,TURKEY,2,NEWCASTLE,DALAMAN,27934,27934,0,121233,121233,0,-76.95842
16/04/2021 17:17,2020,2,WESTERN EUROPE-OTHER,TURKEY,2,NEWCASTLE,IZMIR (ADNAN MENDERES),3431,3431,0,8973,8973,0,-61.76307
16/04/2021 17:17,2020,2,WESTERN EUROPE-OTHER,TURKEY,2,NORWICH,DALAMAN,0,0,0,8815,0,8815,-100
16/04/2021 17:17,2020,3,EASTERN EUROPE-EU,BULGARIA,1,GATWICK,BURGAS,0,0,0,49916,15250,34666,-100
16/04/2021 17:17,2020,3,EASTERN EUROPE-EU,BULGARIA,1,GATWICK,SOFIA,91313,83881,7432,129163,120486,8677,-29.30406
16/04/2021 17:17,2020,3,EASTERN EUROPE-EU,BULGARIA,1,GATWICK,VARNA,3715,3715,0,24274,9316,14958,-84.69556
16/04/2021 17:17,2020,3,EASTERN EUROPE-EU,BULGARIA,1,HEATHROW,SOFIA,79023,78616,407,176292,176292,0,-55.17494
16/04/2021 17:17,2020,3,EASTERN EUROPE-EU,BULGARIA,1,LUTON,BURGAS,46319,46319,0,98484,98484,0,-52.96799
16/04/2021 17:17,2020,3,EASTERN EUROPE-EU,BULGARIA,1,LUTON,SOFIA,206346,206129,217,333044,332924,120,-38.04242
16/04/2021 17:17,2020,3,EASTERN EUROPE-EU,BULGARIA,1,LUTON,VARNA,73016,73016,0,128440,128440,0,-43.15167
16/04/2021 17:17,2020,3,EASTERN EUROPE-EU,BULGARIA,1,SOUTHEND,SOFIA,5831,5831,0,9087,9087,0,-35.83141
16/04/2021 17:17,2020,3,EASTERN EUROPE-EU,BULGARIA,1,STANSTED,BURGAS,0,0,0,20600,14312,6288,-100
16/04/2021 17:17,2020,3,EASTERN EUROPE-EU,BULGARIA,1,STANSTED,PLOVDIV,27925,27925,0,57156,57156,0,-51.14249
16/04/2021 17:17,2020,3,EASTERN EUROPE-EU,BULGARIA,1,STANSTED,SOFIA,125347,125168,179,273071,272985,86,-54.09729
16/04/2021 17:17,2020,3,EASTERN EUROPE-EU,BULGARIA,2,ABERDEEN,BURGAS,0,0,0,6576,0,6576,-100
16/04/2021 17:17,2020,3,EASTERN EUROPE-EU,BULGARIA,2,ABERDEEN,SOFIA,78,0,78,0,0,0,0
16/04/2021 17:17,2020,3,EASTERN EUROPE-EU,BULGARIA,2,ABERDEEN,VARNA,241,0,241,0,0,0,0
16/04/2021 17:17,2020,3,EASTERN EUROPE-EU,BULGARIA,2,BELFAST INTERNATIONAL,BURGAS,0,0,0,21158,4940,16218,-100
16/04/2021 17:17,2020,3,EASTERN EUROPE-EU,BULGARIA,2,BELFAST INTERNATIONAL,PLOVDIV,3632,0,3632,5604,0,5604,-35.18915
16/04/2021 17:17,2020,3,EASTERN EUROPE-EU,BULGARIA,2,BELFAST INTERNATIONAL,SOFIA,5105,0,5105,643,0,643,693.93468
16/04/2021 17:17,2020,3,EASTERN EUROPE-EU,BULGARIA,2,BIRMINGHAM,BURGAS,0,0,0,56993,28876,28117,-100
16/04/2021 17:17,2020,3,EASTERN EUROPE-EU,BULGARIA,2,BIRMINGHAM,SOFIA,28478,25189,3289,60401,56389,4012,-52.85177
16/04/2021 17:17,2020,3,EASTERN EUROPE-EU,BULGARIA,2,BRISTOL,BURGAS,0,0,0,26597,6311,20286,-100
16/04/2021 17:17,2020,3,EASTERN EUROPE-EU,BULGARIA,2,BRISTOL,SOFIA,16577,11968,4609,20972,14858,6114,-20.95651
16/04/2021 17:17,2020,3,EASTERN EUROPE-EU,BULGARIA,2,CARDIFF WALES,BURGAS,0,0,0,12468,0,12468,-100
16/04/2021 17:17,2020,3,EASTERN EUROPE-EU,BULGARIA,2,CARDIFF WALES,SOFIA,164,0,164,0,0,0,0
16/04/2021 17:17,2020,3,EASTERN EUROPE-EU,BULGARIA,2,DONCASTER SHEFFIELD,BURGAS,0,0,0,18901,0,18901,-100
16/04/2021 17:17,2020,3,EASTERN EUROPE-EU,BULGARIA,2,EAST MIDLANDS INTERNATIONAL,BURGAS,0,0,0,27934,13740,14194,-100
16/04/2021 17:17,2020,3,EASTERN EUROPE-EU,BULGARIA,2,EAST MIDLANDS INTERNATIONAL,SOFIA,7124,3644,3480,3414,0,3414,108.67018
16/04/2021 17:17,2020,3,EASTERN EUROPE-EU,BULGARIA,2,EDINBURGH,BURGAS,0,0,0,18141,7446,10695,-100
16/04/2021 17:17,2020,3,EASTERN EUROPE-EU,BULGARIA,2,EDINBURGH,SOFIA,29272,29272,0,47378,47230,148,-38.21605
16/04/2021 17:17,2020,3,EASTERN EUROPE-EU,BULGARIA,2,GLASGOW,BURGAS,0,0,0,29655,14600,15055,-100
16/04/2021 17:17,2020,3,EASTERN EUROPE-EU,BULGARIA,2,HUMBERSIDE,BURGAS,0,0,0,10200,0,10200,-100
16/04/2021 17:17,2020,3,EASTERN EUROPE-EU,BULGARIA,2,LEEDS BRADFORD,BURGAS,0,0,0,16729,11580,5149,-100
16/04/2021 17:17,2020,3,EASTERN EUROPE-EU,BULGARIA,2,LEEDS BRADFORD,SOFIA,182,182,0,0,0,0,0
16/04/2021 17:17,2020,3,EASTERN EUROPE-EU,BULGARIA,2,LIVERPOOL (JOHN LENNON),SOFIA,16817,16817,0,31333,31333,0,-46.32815
16/04/2021 17:17,2020,3,EASTERN EUROPE-EU,BULGARIA,2,LIVERPOOL (JOHN LENNON),VARNA,19337,19337,0,18586,18586,0,4.04068
16/04/2021 17:17,2020,3,EASTERN EUROPE-EU,BULGARIA,2,MANCHESTER,BURGAS,0,0,0,103609,44501,59108,-100
16/04/2021 17:17,2020,3,EASTERN EUROPE-EU,BULGARIA,2,MANCHESTER,SOFIA,30673,25863,4810,73786,65445,8341,-58.42978
16/04/2021 17:17,2020,3,EASTERN EUROPE-EU,BULGARIA,2,MANCHESTER,VARNA,0,0,0,21378,7346,14032,-100
16/04/2021 17:17,2020,3,EASTERN EUROPE-EU,BULGARIA,2,NEWCASTLE,BURGAS,0,0,0,37114,37114,0,-100
16/04/2021 17:17,2020,3,EASTERN EUROPE-EU,BULGARIA,2,NEWCASTLE,SOFIA,3225,3225,0,3272,3272,0,-1.43643
16/04/2021 17:17,2020,3,EASTERN EUROPE-EU,BULGARIA,2,NEWQUAY,SOFIA,174,0,174,0,0,0,0
16/04/2021 17:17,2020,3,EASTERN EUROPE-EU,BULGARIA,2,NORWICH,BURGAS,0,0,0,4150,0,4150,-100
16/04/2021 17:17,2020,3,EASTERN EUROPE-EU,BULGARIA,2,TEESSIDE INTERNATIONAL AIRPORT,BURGAS,0,0,0,5521,0,5521,-100
16/04/2021 17:17,2020,3,EASTERN EUROPE-EU,CZECH REPUBLIC,1,GATWICK,PRAGUE,45131,45131,0,265909,264648,1261,-83.02765
16/04/2021 17:17,2020,3,EASTERN EUROPE-EU,CZECH REPUBLIC,1,HEATHROW,PRAGUE,112458,112458,0,447235,447235,0,-74.85483
16/04/2021 17:17,2020,3,EASTERN EUROPE-EU,CZECH REPUBLIC,1,LONDON CITY,PRAGUE,7216,7216,0,43998,43898,100,-83.59925
16/04/2021 17:17,2020,3,EASTERN EUROPE-EU,CZECH REPUBLIC,1,LUTON,PRAGUE,33195,33195,0,133889,133889,0,-75.20707
16/04/2021 17:17,2020,3,EASTERN EUROPE-EU,CZECH REPUBLIC,1,SOUTHEND,PRAGUE,5576,5576,0,50334,50334,0,-88.922
16/04/2021 17:17,2020,3,EASTERN EUROPE-EU,CZECH REPUBLIC,1,STANSTED,BRNO (TURANY),27679,27679,0,112756,112756,0,-75.4523
16/04/2021 17:17,2020,3,EASTERN EUROPE-EU,CZECH REPUBLIC,1,STANSTED,OSTRAVA,16261,16261,0,56525,56525,0,-71.2322
16/04/2021 17:17,2020,3,EASTERN EUROPE-EU,CZECH REPUBLIC,1,STANSTED,PARDUBICE,0,0,0,23851,23851,0,-100
16/04/2021 17:17,2020,3,EASTERN EUROPE-EU,CZECH REPUBLIC,1,STANSTED,PRAGUE,108097,108097,0,436400,436106,294,-75.22984
16/04/2021 17:17,2020,3,EASTERN EUROPE-EU,CZECH REPUBLIC,2,BELFAST INTERNATIONAL,PRAGUE,5928,5928,0,12415,12375,40,-52.25131
16/04/2021 17:17,2020,3,EASTERN EUROPE-EU,CZECH REPUBLIC,2,BIGGIN HILL,KUNOVICE,10,0,10,3,0,3,233.33333
16/04/2021 17:17,2020,3,EASTERN EUROPE-EU,CZECH REPUBLIC,2,BIGGIN HILL,PRAGUE,13,0,13,0,0,0,0
16/04/2021 17:17,2020,3,EASTERN EUROPE-EU,CZECH REPUBLIC,2,BIRMINGHAM,PRAGUE,7212,7212,0,99684,99684,0,-92.76514
16/04/2021 17:17,2020,3,EASTERN EUROPE-EU,CZECH REPUBLIC,2,BOURNEMOUTH,PRAGUE,10358,10358,0,26283,26283,0,-60.5905
16/04/2021 17:17,2020,3,EASTERN EUROPE-EU,CZECH REPUBLIC,2,BRISTOL,PRAGUE,18838,18838,0,97483,97483,0,-80.6756
16/04/2021 17:17,2020,3,EASTERN EUROPE-EU,CZECH REPUBLIC,2,CARDIFF WALES,PRAGUE,0,0,0,22,22,0,-100
16/04/2021 17:17,2020,3,EASTERN EUROPE-EU,CZECH REPUBLIC,2,EAST MIDLANDS INTERNATIONAL,PRAGUE,5965,5965,0,25624,25624,0,-76.72104
16/04/2021 17:17,2020,3,EASTERN EUROPE-EU,CZECH REPUBLIC,2,EDINBURGH,PRAGUE,39007,38969,38,146200,146200,0,-73.31943
16/04/2021 17:17,2020,3,EASTERN EUROPE-EU,CZECH REPUBLIC,2,GLASGOW,PRAGUE,6916,6542,374,35345,35250,95,-80.43288
16/04/2021 17:17,2020,3,EASTERN EUROPE-EU,CZECH REPUBLIC,2,GUERNSEY,PRAGUE,0,0,0,68,0,68,-100
16/04/2021 17:17,2020,3,EASTERN EUROPE-EU,CZECH REPUBLIC,2,JERSEY,PRAGUE,0,0,0,28,28,0,-100
16/04/2021 17:17,2020,3,EASTERN EUROPE-EU,CZECH REPUBLIC,2,LEEDS BRADFORD,PRAGUE,3045,3045,0,25875,25875,0,-88.23188
16/04/2021 17:17,2020,3,EASTERN EUROPE-EU,CZECH REPUBLIC,2,LIVERPOOL (JOHN LENNON),PRAGUE,11258,11258,0,59778,59778,0,-81.16698
16/04/2021 17:17,2020,3,EASTERN EUROPE-EU,CZECH REPUBLIC,2,MANCHESTER,PRAGUE,96552,96552,0,232147,232147,0,-58.40911
16/04/2021 17:17,2020,3,EASTERN EUROPE-EU,CZECH REPUBLIC,2,NEWCASTLE,PRAGUE,6847,6847,0,25159,25159,0,-72.78509
16/04/2021 17:17,2020,3,EASTERN EUROPE-EU,ESTONIA,1,GATWICK,TALLIN,24950,24817,133,77678,77678,0,-67.88022
16/04/2021 17:17,2020,3,EASTERN EUROPE-EU,ESTONIA,1,HEATHROW,TALLIN,245,0,245,7800,7800,0,-96.85897
16/04/2021 17:17,2020,3,EASTERN EUROPE-EU,ESTONIA,1,LUTON,TALLIN,0,0,0,38986,38986,0,-100
16/04/2021 17:17,2020,3,EASTERN EUROPE-EU,ESTONIA,1,STANSTED,TALLIN,28389,28389,0,70457,70457,0,-59.70734
16/04/2021 17:17,2020,3,EASTERN EUROPE-EU,ESTONIA,2,CARDIFF WALES,TALLIN,0,0,0,42,0,42,-100
16/04/2021 17:17,2020,3,EASTERN EUROPE-EU,ESTONIA,2,EDINBURGH,TALLIN,10440,10440,0,34981,34981,0,-70.15523
16/04/2021 17:17,2020,3,EASTERN EUROPE-EU,ESTONIA,2,GLASGOW,TALLIN,0,0,0,113,0,113,-100
16/04/2021 17:17,2020,3,EASTERN EUROPE-EU,HUNGARY,1,GATWICK,BUDAPEST,93157,93085,72,304980,304884,96,-69.45472
16/04/2021 17:17,2020,3,EASTERN EUROPE-EU,HUNGARY,1,HEATHROW,BUDAPEST,61585,61585,0,371847,371847,0,-83.43808
16/04/2021 17:17,2020,3,EASTERN EUROPE-EU,HUNGARY,1,LONDON CITY,BUDAPEST,8434,8434,0,60892,60892,0,-86.14925
16/04/2021 17:17,2020,3,EASTERN EUROPE-EU,HUNGARY,1,LUTON,BUDAPEST,161935,161762,173,568670,568670,0,-71.52391
16/04/2021 17:17,2020,3,EASTERN EUROPE-EU,HUNGARY,1,LUTON,DEBRECEN,43232,43232,0,155170,155170,0,-72.13894
16/04/2021 17:17,2020,3,EASTERN EUROPE-EU,HUNGARY,1,SOUTHEND,BUDAPEST,5448,5448,0,12131,12131,0,-55.09026
16/04/2021 17:17,2020,3,EASTERN EUROPE-EU,HUNGARY,1,STANSTED,BUDAPEST,124845,124845,0,440486,440456,30,-71.65744
16/04/2021 17:17,2020,3,EASTERN EUROPE-EU,HUNGARY,2,ABERDEEN,BUDAPEST,42,0,42,0,0,0,0
16/04/2021 17:17,2020,3,EASTERN EUROPE-EU,HUNGARY,2,BIGGIN HILL,BUDAPEST,3,0,3,12,0,12,-75
16/04/2021 17:17,2020,3,EASTERN EUROPE-EU,HUNGARY,2,BIGGIN HILL,DEBRECEN,0,0,0,19,0,19,-100
16/04/2021 17:17,2020,3,EASTERN EUROPE-EU,HUNGARY,2,BIRMINGHAM,BUDAPEST,19819,19819,0,50454,50454,0,-60.71867
16/04/2021 17:17,2020,3,EASTERN EUROPE-EU,HUNGARY,2,BRISTOL,BUDAPEST,21474,21474,0,60526,60526,0,-64.52103
16/04/2021 17:17,2020,3,EASTERN EUROPE-EU,HUNGARY,2,CARDIFF WALES,BUDAPEST,0,0,0,986,0,986,-100
16/04/2021 17:17,2020,3,EASTERN EUROPE-EU,HUNGARY,2,CARDIFF WALES,DEBRECEN,0,0,0,326,0,326,-100
16/04/2021 17:17,2020,3,EASTERN EUROPE-EU,HUNGARY,2,DONCASTER SHEFFIELD,BUDAPEST,9392,9392,0,42116,42116,0,-77.69969
16/04/2021 17:17,2020,3,EASTERN EUROPE-EU,HUNGARY,2,DONCASTER SHEFFIELD,DEBRECEN,7034,7034,0,33605,33605,0,-79.06859
16/04/2021 17:17,2020,3,EASTERN EUROPE-EU,HUNGARY,2,EAST MIDLANDS INTERNATIONAL,BUDAPEST,15057,15057,0,75149,75149,0,-79.96381
16/04/2021 17:17,2020,3,EASTERN EUROPE-EU,HUNGARY,2,EDINBURGH,BUDAPEST,56505,56505,0,102087,102087,0,-44.65015
16/04/2021 17:17,2020,3,EASTERN EUROPE-EU,HUNGARY,2,GLASGOW,BUDAPEST,8819,8724,95,36588,36587,1,-75.89647
16/04/2021 17:17,2020,3,EASTERN EUROPE-EU,HUNGARY,2,HUMBERSIDE,BUDAPEST,0,0,0,68,34,34,-100
16/04/2021 17:17,2020,3,EASTERN EUROPE-EU,HUNGARY,2,LEEDS BRADFORD,BUDAPEST,3397,3397,0,29179,29179,0,-88.35807
16/04/2021 17:17,2020,3,EASTERN EUROPE-EU,HUNGARY,2,LIVERPOOL (JOHN LENNON),BUDAPEST,14686,14686,0,49263,49175,88,-70.18858
16/04/2021 17:17,2020,3,EASTERN EUROPE-EU,HUNGARY,2,MANCHESTER,BUDAPEST,55318,55318,0,198497,198497,0,-72.13157
16/04/2021 17:17,2020,3,EASTERN EUROPE-EU,HUNGARY,2,OXFORD (KIDLINGTON),BUDAPEST,61,61,0,0,0,0,0
16/04/2021 17:17,2020,3,EASTERN EUROPE-EU,LATVIA,1,GATWICK,RIGA,45913,45913,0,145412,145412,0,-68.42558
16/04/2021 17:17,2020,3,EASTERN EUROPE-EU,LATVIA,1,LUTON,RIGA,53234,53230,4,197632,197632,0,-73.06408
16/04/2021 17:17,2020,3,EASTERN EUROPE-EU,LATVIA,1,STANSTED,RIGA,87595,87595,0,260581,260581,0,-66.38473
16/04/2021 17:17,2020,3,EASTERN EUROPE-EU,LATVIA,2,ABERDEEN,RIGA,401,0,401,10782,10782,0,-96.28084
16/04/2021 17:17,2020,3,EASTERN EUROPE-EU,LATVIA,2,BIGGIN HILL,RIGA,4,0,4,0,0,0,0
16/04/2021 17:17,2020,3,EASTERN EUROPE-EU,LATVIA,2,BIRMINGHAM,RIGA,134,134,0,175,175,0,-23.42857
16/04/2021 17:17,2020,3,EASTERN EUROPE-EU,LATVIA,2,DONCASTER SHEFFIELD,RIGA,16263,16263,0,43937,43937,0,-62.98564
16/04/2021 17:17,2020,3,EASTERN EUROPE-EU,LATVIA,2,EAST MIDLANDS INTERNATIONAL,RIGA,20600,20600,0,56766,56766,0,-63.71067
16/04/2021 17:17,2020,3,EASTERN EUROPE-EU,LATVIA,2,EDINBURGH,RIGA,16258,16258,0,24026,24026,0,-32.33164
16/04/2021 17:17,2020,3,EASTERN EUROPE-EU,LATVIA,2,GLASGOW,RIGA,98,0,98,0,0,0,0
16/04/2021 17:17,2020,3,EASTERN EUROPE-EU,LATVIA,2,INVERNESS,RIGA,0,0,0,72,0,72,-100
16/04/2021 17:17,2020,3,EASTERN EUROPE-EU,LATVIA,2,LEEDS BRADFORD,RIGA,7821,7821,0,36662,36662,0,-78.66728
16/04/2021 17:17,2020,3,EASTERN EUROPE-EU,LATVIA,2,MANCHESTER,RIGA,18788,18788,0,50244,50244,0,-62.60648
16/04/2021 17:17,2020,3,EASTERN EUROPE-EU,LITHUANIA,1,GATWICK,VILNIUS,5313,4975,338,0,0,0,0
16/04/2021 17:17,2020,3,EASTERN EUROPE-EU,LITHUANIA,1,HEATHROW,VILNIUS,49,49,0,0,0,0,0
16/04/2021 17:17,2020,3,EASTERN EUROPE-EU,LITHUANIA,1,LONDON CITY,VILNIUS,15207,15207,0,55252,55252,0,-72.47701
16/04/2021 17:17,2020,3,EASTERN EUROPE-EU,LITHUANIA,1,LUTON,KAUNAS,91248,91248,0,237516,237516,0,-61.58238
16/04/2021 17:17,2020,3,EASTERN EUROPE-EU,LITHUANIA,1,LUTON,PALANGA,18543,18543,0,65751,65751,0,-71.79815
16/04/2021 17:17,2020,3,EASTERN EUROPE-EU,LITHUANIA,1,LUTON,VILNIUS,80465,80465,0,303279,303279,0,-73.46832
16/04/2021 17:17,2020,3,EASTERN EUROPE-EU,LITHUANIA,1,SOUTHEND,VILNIUS,24600,24600,0,13652,13652,0,80.19338
16/04/2021 17:17,2020,3,EASTERN EUROPE-EU,LITHUANIA,1,STANSTED,KAUNAS,32890,32890,0,80308,80308,0,-59.04518
16/04/2021 17:17,2020,3,EASTERN EUROPE-EU,LITHUANIA,1,STANSTED,PALANGA,14679,14679,0,38203,38203,0,-61.57632
16/04/2021 17:17,2020,3,EASTERN EUROPE-EU,LITHUANIA,1,STANSTED,VILNIUS,43817,42735,1082,127909,127909,0,-65.74361
16/04/2021 17:17,2020,3,EASTERN EUROPE-EU,LITHUANIA,2,BELFAST INTERNATIONAL,VILNIUS,11965,11965,0,40247,40247,0,-70.27108
16/04/2021 17:17,2020,3,EASTERN EUROPE-EU,LITHUANIA,2,BIRMINGHAM,VILNIUS,307,176,131,8960,8960,0,-96.57366
16/04/2021 17:17,2020,3,EASTERN EUROPE-EU,LITHUANIA,2,BRISTOL,KAUNAS,15002,15002,0,37960,37960,0,-60.47945
16/04/2021 17:17,2020,3,EASTERN EUROPE-EU,LITHUANIA,2,CITY OF DERRY (EGLINTON),VILNIUS,70,0,70,0,0,0,0
16/04/2021 17:17,2020,3,EASTERN EUROPE-EU,LITHUANIA,2,DONCASTER SHEFFIELD,VILNIUS,20533,20533,0,58793,58793,0,-65.07577
16/04/2021 17:17,2020,3,EASTERN EUROPE-EU,LITHUANIA,2,EDINBURGH,KAUNAS,14384,14346,38,28510,28510,0,-49.54753
16/04/2021 17:17,2020,3,EASTERN EUROPE-EU,LITHUANIA,2,LEEDS BRADFORD,VILNIUS,453,453,0,30826,30826,0,-98.53046
16/04/2021 17:17,2020,3,EASTERN EUROPE-EU,LITHUANIA,2,LIVERPOOL (JOHN LENNON),VILNIUS,14963,14963,0,37616,37616,0,-60.22171
16/04/2021 17:17,2020,3,EASTERN EUROPE-EU,POLAND,1,GATWICK,GDANSK,44335,44335,0,75980,75980,0,-41.64912
16/04/2021 17:17,2020,3,EASTERN EUROPE-EU,POLAND,1,GATWICK,KRAKOW,83924,83143,781,164630,163707,923,-49.02266
16/04/2021 17:17,2020,3,EASTERN EUROPE-EU,POLAND,1,GATWICK,LODZ LUBLINEK,0,0,0,185,0,185,-100
16/04/2021 17:17,2020,3,EASTERN EUROPE-EU,POLAND,1,GATWICK,WARSAW (CHOPIN),245,0,245,15540,15459,81,-98.42342
16/04/2021 17:17,2020,3,EASTERN EUROPE-EU,POLAND,1,GATWICK,WROCLAW,20,0,20,0,0,0,0
16/04/2021 17:17,2020,3,EASTERN EUROPE-EU,POLAND,1,HEATHROW,KATOWICE,40,40,0,0,0,0,0
16/04/2021 17:17,2020,3,EASTERN EUROPE-EU,POLAND,1,HEATHROW,KRAKOW,31955,31955,0,112086,112086,0,-71.49064
16/04/2021 17:17,2020,3,EASTERN EUROPE-EU,POLAND,1,HEATHROW,WARSAW (CHOPIN),160785,141690,19095,453361,453361,0,-64.53489
16/04/2021 17:17,2020,3,EASTERN EUROPE-EU,POLAND,1,LONDON CITY,WARSAW (CHOPIN),18190,15241,2949,80034,80034,0,-77.27216
16/04/2021 17:17,2020,3,EASTERN EUROPE-EU,POLAND,1,LUTON,BYDGOSZCZ,15892,15892,0,52399,52399,0,-69.67118
16/04/2021 17:17,2020,3,EASTERN EUROPE-EU,POLAND,1,LUTON,GDANSK,85585,85585,0,310034,310034,0,-72.39496
16/04/2021 17:17,2020,3,EASTERN EUROPE-EU,POLAND,1,LUTON,KATOWICE,90500,90500,0,314704,314478,226,-71.24282
16/04/2021 17:17,2020,3,EASTERN EUROPE-EU,POLAND,1,LUTON,KRAKOW,131864,131864,0,254087,254087,0,-48.10282
16/04/2021 17:17,2020,3,EASTERN EUROPE-EU,POLAND,1,LUTON,LUBLIN (PORT LOTNICZY),55572,55572,0,159239,159239,0,-65.10151
16/04/2021 17:17,2020,3,EASTERN EUROPE-EU,POLAND,1,LUTON,POZNAN,51596,51596,0,148574,148574,0,-65.27252
16/04/2021 17:17,2020,3,EASTERN EUROPE-EU,POLAND,1,LUTON,RZESZOW,20056,20056,0,55869,55491,378,-64.10174
16/04/2021 17:17,2020,3,EASTERN EUROPE-EU,POLAND,1,LUTON,SZYMANY (MAZURY),18153,18153,0,45342,45342,0,-59.96427
16/04/2021 17:17,2020,3,EASTERN EUROPE-EU,POLAND,1,LUTON,WARSAW (CHOPIN),179993,179993,0,478730,478730,0,-62.40198
16/04/2021 17:17,2020,3,EASTERN EUROPE-EU,POLAND,1,LUTON,WROCLAW,52036,52036,0,159536,159536,0,-67.38291
16/04/2021 17:17,2020,3,EASTERN EUROPE-EU,POLAND,1,STANSTED,BYDGOSZCZ,39966,39966,0,113362,113362,0,-64.7448
16/04/2021 17:17,2020,3,EASTERN EUROPE-EU,POLAND,1,STANSTED,GDANSK,59777,59777,0,204425,204425,0,-70.75847
16/04/2021 17:17,2020,3,EASTERN EUROPE-EU,POLAND,1,STANSTED,KATOWICE,53434,53434,0,127023,127023,0,-57.9336
16/04/2021 17:17,2020,3,EASTERN EUROPE-EU,POLAND,1,STANSTED,KRAKOW,120518,120334,184,358577,357128,1449,-66.38992
16/04/2021 17:17,2020,3,EASTERN EUROPE-EU,POLAND,1,STANSTED,LODZ LUBLINEK,40485,40485,0,108519,108379,140,-62.69317
16/04/2021 17:17,2020,3,EASTERN EUROPE-EU,POLAND,1,STANSTED,LUBLIN (PORT LOTNICZY),0,0,0,18056,18056,0,-100
16/04/2021 17:17,2020,3,EASTERN EUROPE-EU,POLAND,1,STANSTED,POZNAN,53891,53891,0,161465,161465,0,-66.62373
16/04/2021 17:17,2020,3,EASTERN EUROPE-EU,POLAND,1,STANSTED,RZESZOW,39400,39400,0,136334,136334,0,-71.10039
16/04/2021 17:17,2020,3,EASTERN EUROPE-EU,POLAND,1,STANSTED,SZCZECIN (GOLENOW),33567,33567,0,110550,110550,0,-69.63636
16/04/2021 17:17,2020,3,EASTERN EUROPE-EU,POLAND,1,STANSTED,SZYMANY (MAZURY),14479,14479,0,49160,49160,0,-70.54719
16/04/2021 17:17,2020,3,EASTERN EUROPE-EU,POLAND,1,STANSTED,WARSAW (CHOPIN),0,0,0,140,0,140,-100
16/04/2021 17:17,2020,3,EASTERN EUROPE-EU,POLAND,1,STANSTED,WARSAW (MODLIN MASOVIA),123882,123806,76,379209,379209,0,-67.33147
16/04/2021 17:17,2020,3,EASTERN EUROPE-EU,POLAND,1,STANSTED,WROCLAW,72774,72726,48,215414,215414,0,-66.21668
16/04/2021 17:17,2020,3,EASTERN EUROPE-EU,POLAND,2,ABERDEEN,GDANSK,15707,15237,470,46105,46105,0,-65.93211
16/04/2021 17:17,2020,3,EASTERN EUROPE-EU,POLAND,2,ABERDEEN,WARSAW (CHOPIN),58,0,58,0,0,0,0
16/04/2021 17:17,2020,3,EASTERN EUROPE-EU,POLAND,2,BELFAST INTERNATIONAL,GDANSK,7314,7314,0,29604,29604,0,-75.29388
16/04/2021 17:17,2020,3,EASTERN EUROPE-EU,POLAND,2,BELFAST INTERNATIONAL,KRAKOW,29960,29960,0,100320,99969,351,-70.13557
16/04/2021 17:17,2020,3,EASTERN EUROPE-EU,POLAND,2,BELFAST INTERNATIONAL,WARSAW (CHOPIN),35,0,35,0,0,0,0
16/04/2021 17:17,2020,3,EASTERN EUROPE-EU,POLAND,2,BELFAST INTERNATIONAL,WARSAW (MODLIN MASOVIA),7659,7626,33,23894,23894,0,-67.94593
16/04/2021 17:17,2020,3,EASTERN EUROPE-EU,POLAND,2,BELFAST INTERNATIONAL,WROCLAW,0,0,0,29713,29713,0,-100
16/04/2021 17:17,2020,3,EASTERN EUROPE-EU,POLAND,2,BIGGIN HILL,KRAKOW,0,0,0,19,0,19,-100
16/04/2021 17:17,2020,3,EASTERN EUROPE-EU,POLAND,2,BIGGIN HILL,WARSAW (CHOPIN),10,0,10,13,0,13,-23.07692
16/04/2021 17:17,2020,3,EASTERN EUROPE-EU,POLAND,2,BIRMINGHAM,BYDGOSZCZ,21054,21054,0,56320,56320,0,-62.61719
16/04/2021 17:17,2020,3,EASTERN EUROPE-EU,POLAND,2,BIRMINGHAM,GDANSK,17110,17110,0,37819,37819,0,-54.75819
16/04/2021 17:17,2020,3,EASTERN EUROPE-EU,POLAND,2,BIRMINGHAM,KATOWICE,15355,15355,0,37591,37591,0,-59.15246
16/04/2021 17:17,2020,3,EASTERN EUROPE-EU,POLAND,2,BIRMINGHAM,KRAKOW,51011,50288,723,104803,103916,887,-51.32677
16/04/2021 17:17,2020,3,EASTERN EUROPE-EU,POLAND,2,BIRMINGHAM,POZNAN,6605,6605,0,10029,10029,0,-34.14099
16/04/2021 17:17,2020,3,EASTERN EUROPE-EU,POLAND,2,BIRMINGHAM,RZESZOW,0,0,0,377,377,0,-100
16/04/2021 17:17,2020,3,EASTERN EUROPE-EU,POLAND,2,BIRMINGHAM,WARSAW (CHOPIN),19464,19464,0,45303,45303,0,-57.03596
16/04/2021 17:17,2020,3,EASTERN EUROPE-EU,POLAND,2,BIRMINGHAM,WARSAW (MODLIN MASOVIA),19692,19692,0,51481,51481,0,-61.74899
16/04/2021 17:17,2020,3,EASTERN EUROPE-EU,POLAND,2,BIRMINGHAM,WROCLAW,13369,13369,0,32481,32481,0,-58.84055
16/04/2021 17:17,2020,3,EASTERN EUROPE-EU,POLAND,2,BOURNEMOUTH,GDANSK,0,0,0,143,0,143,-100
16/04/2021 17:17,2020,3,EASTERN EUROPE-EU,POLAND,2,BOURNEMOUTH,KRAKOW,17115,17115,0,37707,37707,0,-54.61055
16/04/2021 17:17,2020,3,EASTERN EUROPE-EU,POLAND,2,BRISTOL,GDANSK,17128,17128,0,38382,38250,132,-55.37492
16/04/2021 17:17,2020,3,EASTERN EUROPE-EU,POLAND,2,BRISTOL,KATOWICE,18865,18865,0,50474,50474,0,-62.62432
16/04/2021 17:17,2020,3,EASTERN EUROPE-EU,POLAND,2,BRISTOL,KRAKOW,44770,44770,0,131605,131605,0,-65.98154
16/04/2021 17:17,2020,3,EASTERN EUROPE-EU,POLAND,2,BRISTOL,POZNAN,19600,19600,0,44445,44301,144,-55.90055
16/04/2021 17:17,2020,3,EASTERN EUROPE-EU,POLAND,2,BRISTOL,RZESZOW,16221,16221,0,37009,37009,0,-56.17012
16/04/2021 17:17,2020,3,EASTERN EUROPE-EU,POLAND,2,BRISTOL,WARSAW (MODLIN MASOVIA),24890,24890,0,75522,75522,0,-67.04272
16/04/2021 17:17,2020,3,EASTERN EUROPE-EU,POLAND,2,BRISTOL,WROCLAW,16647,16647,0,38010,38010,0,-56.20363
16/04/2021 17:17,2020,3,EASTERN EUROPE-EU,POLAND,2,CARDIFF WALES,KATOWICE,46,0,46,0,0,0,0
16/04/2021 17:17,2020,3,EASTERN EUROPE-EU,POLAND,2,CARDIFF WALES,KRAKOW,354,0,354,375,0,375,-5.6
16/04/2021 17:17,2020,3,EASTERN EUROPE-EU,POLAND,2,DONCASTER SHEFFIELD,GDANSK,28526,28526,0,80842,80842,0,-64.71389
16/04/2021 17:17,2020,3,EASTERN EUROPE-EU,POLAND,2,DONCASTER SHEFFIELD,KATOWICE,26529,26529,0,82279,82279,0,-67.75726
16/04/2021 17:17,2020,3,EASTERN EUROPE-EU,POLAND,2,DONCASTER SHEFFIELD,KRAKOW,17543,17543,0,39345,39345,0,-55.41238
16/04/2021 17:17,2020,3,EASTERN EUROPE-EU,POLAND,2,DONCASTER SHEFFIELD,LUBLIN (PORT LOTNICZY),636,636,0,0,0,0,0
16/04/2021 17:17,2020,3,EASTERN EUROPE-EU,POLAND,2,DONCASTER SHEFFIELD,POZNAN,21382,21382,0,54514,54514,0,-60.77705
16/04/2021 17:17,2020,3,EASTERN EUROPE-EU,POLAND,2,DONCASTER SHEFFIELD,WARSAW (CHOPIN),25123,25123,0,67711,67711,0,-62.89672
16/04/2021 17:17,2020,3,EASTERN EUROPE-EU,POLAND,2,DONCASTER SHEFFIELD,WROCLAW,15966,15966,0,35194,35194,0,-54.63431
16/04/2021 17:17,2020,3,EASTERN EUROPE-EU,POLAND,2,EAST MIDLANDS INTERNATIONAL,GDANSK,50,0,50,0,0,0,0
16/04/2021 17:17,2020,3,EASTERN EUROPE-EU,POLAND,2,EAST MIDLANDS INTERNATIONAL,KRAKOW,19827,19413,414,57637,57227,410,-65.60022
16/04/2021 17:17,2020,3,EASTERN EUROPE-EU,POLAND,2,EAST MIDLANDS INTERNATIONAL,LODZ LUBLINEK,16761,16761,0,37810,37810,0,-55.67046
16/04/2021 17:17,2020,3,EASTERN EUROPE-EU,POLAND,2,EAST MIDLANDS INTERNATIONAL,RZESZOW,20829,20829,0,55505,55505,0,-62.47365
16/04/2021 17:17,2020,3,EASTERN EUROPE-EU,POLAND,2,EAST MIDLANDS INTERNATIONAL,WARSAW (MODLIN MASOVIA),16148,16148,0,43012,43012,0,-62.45699
16/04/2021 17:17,2020,3,EASTERN EUROPE-EU,POLAND,2,EAST MIDLANDS INTERNATIONAL,WROCLAW,26862,26862,0,74358,74358,0,-63.87477
16/04/2021 17:17,2020,3,EASTERN EUROPE-EU,POLAND,2,EDINBURGH,BYDGOSZCZ,5358,5358,0,0,0,0,0
16/04/2021 17:17,2020,3,EASTERN EUROPE-EU,POLAND,2,EDINBURGH,GDANSK,47045,47045,0,66508,66508,0,-29.26415
16/04/2021 17:17,2020,3,EASTERN EUROPE-EU,POLAND,2,EDINBURGH,KATOWICE,15381,15381,0,37919,37919,0,-59.43722
16/04/2021 17:17,2020,3,EASTERN EUROPE-EU,POLAND,2,EDINBURGH,KRAKOW,52827,52827,0,146918,146454,464,-64.04321
16/04/2021 17:17,2020,3,EASTERN EUROPE-EU,POLAND,2,EDINBURGH,POZNAN,16321,16321,0,38641,38641,0,-57.76248
16/04/2021 17:17,2020,3,EASTERN EUROPE-EU,POLAND,2,EDINBURGH,WARSAW (CHOPIN),31195,29027,2168,3073,3054,19,915.13179
16/04/2021 17:17,2020,3,EASTERN EUROPE-EU,POLAND,2,EDINBURGH,WARSAW (MODLIN MASOVIA),41634,41634,0,80911,80911,0,-48.54346
16/04/2021 17:17,2020,3,EASTERN EUROPE-EU,POLAND,2,EDINBURGH,WROCLAW,15910,15910,0,38463,38463,0,-58.63557
16/04/2021 17:17,2020,3,EASTERN EUROPE-EU,POLAND,2,EXETER,KRAKOW,0,0,0,434,0,434,-100
16/04/2021 17:17,2020,3,EASTERN EUROPE-EU,POLAND,2,GLASGOW,GDANSK,161,161,0,0,0,0,0
16/04/2021 17:17,2020,3,EASTERN EUROPE-EU,POLAND,2,GLASGOW,KATOWICE,148,148,0,18373,18373,0,-99.19447
16/04/2021 17:17,2020,3,EASTERN EUROPE-EU,POLAND,2,GLASGOW,KRAKOW,22943,22943,0,40352,39887,465,-43.14284
16/04/2021 17:17,2020,3,EASTERN EUROPE-EU,POLAND,2,GLASGOW,POZNAN,190,0,190,0,0,0,0
16/04/2021 17:17,2020,3,EASTERN EUROPE-EU,POLAND,2,GLASGOW,WARSAW (CHOPIN),0,0,0,477,0,477,-100
16/04/2021 17:17,2020,3,EASTERN EUROPE-EU,POLAND,2,GLASGOW,WARSAW (MODLIN MASOVIA),6492,6492,0,28917,28178,739,-77.54954
16/04/2021 17:17,2020,3,EASTERN EUROPE-EU,POLAND,2,GLASGOW,WROCLAW,11301,11301,0,37360,37360,0,-69.75107
16/04/2021 17:17,2020,3,EASTERN EUROPE-EU,POLAND,2,JERSEY,WARSAW (CHOPIN),117,0,117,0,0,0,0
16/04/2021 17:17,2020,3,EASTERN EUROPE-EU,POLAND,2,LEEDS BRADFORD,GDANSK,18904,18904,0,64021,64021,0,-70.47219
16/04/2021 17:17,2020,3,EASTERN EUROPE-EU,POLAND,2,LEEDS BRADFORD,KATOWICE,501,501,0,0,0,0,0
16/04/2021 17:17,2020,3,EASTERN EUROPE-EU,POLAND,2,LEEDS BRADFORD,KRAKOW,35529,35529,0,101940,101940,0,-65.14715
16/04/2021 17:17,2020,3,EASTERN EUROPE-EU,POLAND,2,LEEDS BRADFORD,WARSAW (CHOPIN),77,77,0,0,0,0,0
16/04/2021 17:17,2020,3,EASTERN EUROPE-EU,POLAND,2,LEEDS BRADFORD,WARSAW (MODLIN MASOVIA),16036,16036,0,35854,35854,0,-55.27417
16/04/2021 17:17,2020,3,EASTERN EUROPE-EU,POLAND,2,LEEDS BRADFORD,WROCLAW,14526,14526,0,35704,35704,0,-59.31548
16/04/2021 17:17,2020,3,EASTERN EUROPE-EU,POLAND,2,LIVERPOOL (JOHN LENNON),GDANSK,22165,22165,0,64411,64411,0,-65.58818
16/04/2021 17:17,2020,3,EASTERN EUROPE-EU,POLAND,2,LIVERPOOL (JOHN LENNON),KATOWICE,13279,13279,0,41804,41804,0,-68.2351
16/04/2021 17:17,2020,3,EASTERN EUROPE-EU,POLAND,2,LIVERPOOL (JOHN LENNON),KRAKOW,39253,39253,0,109542,109542,0,-64.16626
16/04/2021 17:17,2020,3,EASTERN EUROPE-EU,POLAND,2,LIVERPOOL (JOHN LENNON),POZNAN,14974,14974,0,36632,36632,0,-59.12317
16/04/2021 17:17,2020,3,EASTERN EUROPE-EU,POLAND,2,LIVERPOOL (JOHN LENNON),SZCZECIN (GOLENOW),15463,15463,0,36120,36120,0,-57.18992
16/04/2021 17:17,2020,3,EASTERN EUROPE-EU,POLAND,2,LIVERPOOL (JOHN LENNON),WARSAW (CHOPIN),18473,18473,0,54365,54365,0,-66.02042
16/04/2021 17:17,2020,3,EASTERN EUROPE-EU,POLAND,2,LIVERPOOL (JOHN LENNON),WARSAW (MODLIN MASOVIA),20003,20003,0,58955,58955,0,-66.07073
16/04/2021 17:17,2020,3,EASTERN EUROPE-EU,POLAND,2,LIVERPOOL (JOHN LENNON),WROCLAW,15934,15934,0,37088,37088,0,-57.03732
16/04/2021 17:17,2020,3,EASTERN EUROPE-EU,POLAND,2,MANCHESTER,GDANSK,15646,15646,0,48973,48973,0,-68.05178
16/04/2021 17:17,2020,3,EASTERN EUROPE-EU,POLAND,2,MANCHESTER,KATOWICE,18570,18570,0,9796,9796,0,89.56717
16/04/2021 17:17,2020,3,EASTERN EUROPE-EU,POLAND,2,MANCHESTER,KRAKOW,66524,66524,0,208686,208018,668,-68.12244
16/04/2021 17:17,2020,3,EASTERN EUROPE-EU,POLAND,2,MANCHESTER,RZESZOW,16711,16711,0,38757,38757,0,-56.88263
16/04/2021 17:17,2020,3,EASTERN EUROPE-EU,POLAND,2,MANCHESTER,WARSAW (CHOPIN),0,0,0,140,0,140,-100
16/04/2021 17:17,2020,3,EASTERN EUROPE-EU,POLAND,2,MANCHESTER,WARSAW (MODLIN MASOVIA),15905,15905,0,52922,52922,0,-69.94634
16/04/2021 17:17,2020,3,EASTERN EUROPE-EU,POLAND,2,MANCHESTER,WROCLAW,16672,16672,0,47978,47978,0,-65.25074
16/04/2021 17:17,2020,3,EASTERN EUROPE-EU,POLAND,2,NEWCASTLE,GDANSK,4515,4515,0,20276,20276,0,-77.73229
16/04/2021 17:17,2020,3,EASTERN EUROPE-EU,POLAND,2,NEWCASTLE,KRAKOW,9705,9705,0,36256,36256,0,-73.23202
16/04/2021 17:17,2020,3,EASTERN EUROPE-EU,POLAND,2,NEWCASTLE,POZNAN,201,0,201,0,0,0,0
16/04/2021 17:17,2020,3,EASTERN EUROPE-EU,POLAND,2,NEWCASTLE,WARSAW (MODLIN MASOVIA),0,0,0,8001,8001,0,-100
16/04/2021 17:17,2020,3,EASTERN EUROPE-EU,POLAND,2,NEWCASTLE,WROCLAW,11276,11276,0,36489,36489,0,-69.09754
16/04/2021 17:17,2020,3,EASTERN EUROPE-EU,POLAND,2,PRESTWICK,BYDGOSZCZ,0,0,0,21283,21283,0,-100
16/04/2021 17:17,2020,3,EASTERN EUROPE-EU,POLAND,2,PRESTWICK,RZESZOW,0,0,0,8697,8697,0,-100
16/04/2021 17:17,2020,3,EASTERN EUROPE-EU,ROMANIA,1,GATWICK,BUCHAREST (OTOPENI),48085,47708,377,150745,150745,0,-68.10176
16/04/2021 17:17,2020,3,EASTERN EUROPE-EU,ROMANIA,1,GATWICK,CLUJ NAPOCA,19855,19855,0,82336,82336,0,-75.8854
16/04/2021 17:17,2020,3,EASTERN EUROPE-EU,ROMANIA,1,HEATHROW,BUCHAREST (OTOPENI),82608,79836,2772,267255,267255,0,-69.09019
16/04/2021 17:17,2020,3,EASTERN EUROPE-EU,ROMANIA,1,LUTON,BACAU,42384,42384,0,100392,100392,0,-57.7815
16/04/2021 17:17,2020,3,EASTERN EUROPE-EU,ROMANIA,1,LUTON,BUCHAREST (OTOPENI),254593,252652,1941,677876,677876,0,-62.44254
16/04/2021 17:17,2020,3,EASTERN EUROPE-EU,ROMANIA,1,LUTON,CLUJ NAPOCA,92817,92817,0,280134,280134,0,-66.86693
16/04/2021 17:17,2020,3,EASTERN EUROPE-EU,ROMANIA,1,LUTON,CONSTANTA,24254,24254,0,74300,74300,0,-67.35666
16/04/2021 17:17,2020,3,EASTERN EUROPE-EU,ROMANIA,1,LUTON,CRAIOVA,63485,63485,0,143578,143578,0,-55.78362
16/04/2021 17:17,2020,3,EASTERN EUROPE-EU,ROMANIA,1,LUTON,IASI,97753,97753,0,202567,202567,0,-51.74288
16/04/2021 17:17,2020,3,EASTERN EUROPE-EU,ROMANIA,1,LUTON,SATU MARE,18152,18152,0,52918,52918,0,-65.69787
16/04/2021 17:17,2020,3,EASTERN EUROPE-EU,ROMANIA,1,LUTON,SIBIU,19465,19465,0,103577,103577,0,-81.20722
16/04/2021 17:17,2020,3,EASTERN EUROPE-EU,ROMANIA,1,LUTON,SUCEAVA,78540,78540,0,159865,159865,0,-50.87105
16/04/2021 17:17,2020,3,EASTERN EUROPE-EU,ROMANIA,1,LUTON,TIMISOARA,52929,52929,0,146661,146661,0,-63.91065
16/04/2021 17:17,2020,3,EASTERN EUROPE-EU,ROMANIA,1,LUTON,TIRGU MURES,17293,17293,0,51171,51171,0,-66.20547
16/04/2021 17:17,2020,3,EASTERN EUROPE-EU,ROMANIA,1,SOUTHEND,BUCHAREST (OTOPENI),49398,49398,0,21861,21861,0,125.96405
16/04/2021 17:17,2020,3,EASTERN EUROPE-EU,ROMANIA,1,SOUTHEND,CLUJ NAPOCA,0,0,0,26726,26726,0,-100
16/04/2021 17:17,2020,3,EASTERN EUROPE-EU,ROMANIA,1,SOUTHEND,SIBIU,19520,19520,0,17371,17371,0,12.37119
16/04/2021 17:17,2020,3,EASTERN EUROPE-EU,ROMANIA,1,STANSTED,BUCHAREST (OTOPENI),103620,103186,434,257972,257972,0,-59.83285
16/04/2021 17:17,2020,3,EASTERN EUROPE-EU,ROMANIA,1,STANSTED,CLUJ NAPOCA,5306,5306,0,0,0,0,0
16/04/2021 17:17,2020,3,EASTERN EUROPE-EU,ROMANIA,1,STANSTED,IASI,651,0,651,0,0,0,0
16/04/2021 17:17,2020,3,EASTERN EUROPE-EU,ROMANIA,2,BELFAST INTERNATIONAL,BUCHAREST (BANEASA),48,0,48,0,0,0,0
16/04/2021 17:17,2020,3,EASTERN EUROPE-EU,ROMANIA,2,BELFAST INTERNATIONAL,BUCHAREST (OTOPENI),106,0,106,0,0,0,0
16/04/2021 17:17,2020,3,EASTERN EUROPE-EU,ROMANIA,2,BIGGIN HILL,BUCHAREST (BANEASA),3,0,3,18,0,18,-83.33333
16/04/2021 17:17,2020,3,EASTERN EUROPE-EU,ROMANIA,2,BIGGIN HILL,BUCHAREST (OTOPENI),0,0,0,4,0,4,-100
16/04/2021 17:17,2020,3,EASTERN EUROPE-EU,ROMANIA,2,BIRMINGHAM,BUCHAREST (OTOPENI),47916,46849,1067,125565,125565,0,-61.83968
16/04/2021 17:17,2020,3,EASTERN EUROPE-EU,ROMANIA,2,BIRMINGHAM,CLUJ NAPOCA,15610,15610,0,33377,33377,0,-53.23127
16/04/2021 17:17,2020,3,EASTERN EUROPE-EU,ROMANIA,2,BIRMINGHAM,CRAIOVA,1268,1268,0,0,0,0,0
16/04/2021 17:17,2020,3,EASTERN EUROPE-EU,ROMANIA,2,BIRMINGHAM,IASI,343,343,0,0,0,0,0
16/04/2021 17:17,2020,3,EASTERN EUROPE-EU,ROMANIA,2,BOURNEMOUTH,CLUJ NAPOCA,0,0,0,164,0,164,-100
16/04/2021 17:17,2020,3,EASTERN EUROPE-EU,ROMANIA,2,BRISTOL,BUCHAREST (OTOPENI),17138,17138,0,35338,35338,0,-51.50263
16/04/2021 17:17,2020,3,EASTERN EUROPE-EU,ROMANIA,2,DONCASTER SHEFFIELD,BUCHAREST (OTOPENI),48707,48707,0,96612,96612,0,-49.58494
16/04/2021 17:17,2020,3,EASTERN EUROPE-EU,ROMANIA,2,DONCASTER SHEFFIELD,CLUJ NAPOCA,18715,18715,0,42165,42165,0,-55.61485
16/04/2021 17:17,2020,3,EASTERN EUROPE-EU,ROMANIA,2,DONCASTER SHEFFIELD,SUCEAVA,342,342,0,0,0,0,0
16/04/2021 17:17,2020,3,EASTERN EUROPE-EU,ROMANIA,2,DONCASTER SHEFFIELD,TIMISOARA,990,990,0,13555,13555,0,-92.69642
16/04/2021 17:17,2020,3,EASTERN EUROPE-EU,ROMANIA,2,EDINBURGH,BUCHAREST (OTOPENI),33948,33400,548,8884,8884,0,282.12517
16/04/2021 17:17,2020,3,EASTERN EUROPE-EU,ROMANIA,2,EXETER,CONSTANTA,438,0,438,175,0,175,150.28571
16/04/2021 17:17,2020,3,EASTERN EUROPE-EU,ROMANIA,2,GLASGOW,BUCHAREST (OTOPENI),5487,5487,0,46652,46652,0,-88.23845
16/04/2021 17:17,2020,3,EASTERN EUROPE-EU,ROMANIA,2,GLASGOW,CLUJ NAPOCA,0,0,0,938,0,938,-100
16/04/2021 17:17,2020,3,EASTERN EUROPE-EU,ROMANIA,2,HUMBERSIDE,CONSTANTA,145,0,145,0,0,0,0
16/04/2021 17:17,2020,3,EASTERN EUROPE-EU,ROMANIA,2,LIVERPOOL (JOHN LENNON),BACAU,7262,7262,0,29004,29004,0,-74.96207
16/04/2021 17:17,2020,3,EASTERN EUROPE-EU,ROMANIA,2,LIVERPOOL (JOHN LENNON),BUCHAREST (OTOPENI),43569,43569,0,106581,106581,0,-59.12123
16/04/2021 17:17,2020,3,EASTERN EUROPE-EU,ROMANIA,2,LIVERPOOL (JOHN LENNON),CLUJ NAPOCA,7420,7420,0,32036,32036,0,-76.83856
16/04/2021 17:17,2020,3,EASTERN EUROPE-EU,ROMANIA,2,LIVERPOOL (JOHN LENNON),IASI,17570,17570,0,34407,34407,0,-48.93481
16/04/2021 17:17,2020,3,EASTERN EUROPE-EU,ROMANIA,2,MANCHESTER,BACAU,0,0,0,214,214,0,-100
16/04/2021 17:17,2020,3,EASTERN EUROPE-EU,ROMANIA,2,NEWQUAY,BUCHAREST (OTOPENI),128,0,128,0,0,0,0
16/04/2021 17:17,2020,3,EASTERN EUROPE-EU,SLOVAK REPUBLIC,1,GATWICK,BRATISLAVA,26,0,26,0,0,0,0
16/04/2021 17:17,2020,3,EASTERN EUROPE-EU,SLOVAK REPUBLIC,1,LUTON,BRATISLAVA,28281,28281,0,114364,114364,0,-75.27106
16/04/2021 17:17,2020,3,EASTERN EUROPE-EU,SLOVAK REPUBLIC,1,LUTON,KOSICE,44371,44371,0,149795,149795,0,-70.37885
16/04/2021 17:17,2020,3,EASTERN EUROPE-EU,SLOVAK REPUBLIC,1,LUTON,TATRY-POPRAD,16548,16548,0,55976,55976,0,-70.43733
16/04/2021 17:17,2020,3,EASTERN EUROPE-EU,SLOVAK REPUBLIC,1,SOUTHEND,KOSICE,0,0,0,27669,27669,0,-100
16/04/2021 17:17,2020,3,EASTERN EUROPE-EU,SLOVAK REPUBLIC,1,STANSTED,BRATISLAVA,52874,52192,682,196608,196608,0,-73.10689
16/04/2021 17:17,2020,3,EASTERN EUROPE-EU,SLOVAK REPUBLIC,1,STANSTED,KOSICE,6579,6579,0,0,0,0,0
16/04/2021 17:17,2020,3,EASTERN EUROPE-EU,SLOVAK REPUBLIC,2,BELFAST INTERNATIONAL,BRATISLAVA,104,0,104,0,0,0,0
16/04/2021 17:17,2020,3,EASTERN EUROPE-EU,SLOVAK REPUBLIC,2,BIGGIN HILL,BRATISLAVA,0,0,0,57,0,57,-100
16/04/2021 17:17,2020,3,EASTERN EUROPE-EU,SLOVAK REPUBLIC,2,BIRMINGHAM,BRATISLAVA,17223,16052,1171,61048,56189,4859,-71.78777
16/04/2021 17:17,2020,3,EASTERN EUROPE-EU,SLOVAK REPUBLIC,2,CARDIFF WALES,BRATISLAVA,0,0,0,756,0,756,-100
16/04/2021 17:17,2020,3,EASTERN EUROPE-EU,SLOVAK REPUBLIC,2,DONCASTER SHEFFIELD,BRATISLAVA,160,160,0,0,0,0,0
16/04/2021 17:17,2020,3,EASTERN EUROPE-EU,SLOVAK REPUBLIC,2,EAST MIDLANDS INTERNATIONAL,BRATISLAVA,0,0,0,160,0,160,-100
16/04/2021 17:17,2020,3,EASTERN EUROPE-EU,SLOVAK REPUBLIC,2,EDINBURGH,BRATISLAVA,11948,11948,0,37149,37070,79,-67.83763
16/04/2021 17:17,2020,3,EASTERN EUROPE-EU,SLOVAK REPUBLIC,2,GLASGOW,BRATISLAVA,95,0,95,0,0,0,0
16/04/2021 17:17,2020,3,EASTERN EUROPE-EU,SLOVAK REPUBLIC,2,LEEDS BRADFORD,BRATISLAVA,6551,6551,0,35288,35288,0,-81.43562
16/04/2021 17:17,2020,3,EASTERN EUROPE-EU,SLOVAK REPUBLIC,2,LIVERPOOL (JOHN LENNON),BRATISLAVA,0,0,0,310,310,0,-100
16/04/2021 17:17,2020,3,EASTERN EUROPE-EU,SLOVAK REPUBLIC,2,LIVERPOOL (JOHN LENNON),KOSICE,1041,1041,0,0,0,0,0
16/04/2021 17:17,2020,3,EASTERN EUROPE-EU,SLOVAK REPUBLIC,2,LIVERPOOL (JOHN LENNON),PIESTANY,66,0,66,0,0,0,0
16/04/2021 17:17,2020,3,EASTERN EUROPE-EU,SLOVAK REPUBLIC,2,MANCHESTER,BRATISLAVA,17222,17222,0,54203,54203,0,-68.22685
16/04/2021 17:17,2020,4,EASTERN EUROPE -OTHER,ALBANIA,1,GATWICK,TIRANA,32979,32626,353,106224,105866,358,-68.95334
16/04/2021 17:17,2020,4,EASTERN EUROPE -OTHER,ALBANIA,1,HEATHROW,TIRANA,20406,20406,0,0,0,0,0
16/04/2021 17:17,2020,4,EASTERN EUROPE -OTHER,ALBANIA,1,LUTON,TIRANA,76603,74489,2114,101617,101617,0,-24.61596
16/04/2021 17:17,2020,4,EASTERN EUROPE -OTHER,ALBANIA,1,STANSTED,TIRANA,3035,3035,0,15547,15420,127,-80.47855
16/04/2021 17:17,2020,4,EASTERN EUROPE -OTHER,ALBANIA,2,BIRMINGHAM,TIRANA,420,0,420,0,0,0,0
16/04/2021 17:17,2020,4,EASTERN EUROPE -OTHER,ALBANIA,2,MANCHESTER,TIRANA,24,0,24,0,0,0,0
16/04/2021 17:17,2020,4,EASTERN EUROPE -OTHER,ARMENIA,2,BIRMINGHAM,YEREVAN,0,0,0,96,0,96,-100
16/04/2021 17:17,2020,4,EASTERN EUROPE -OTHER,AZERBAIJAN,1,GATWICK,BAKU (HEYDER ALIYEV INT'L),0,0,0,241,0,241,-100
16/04/2021 17:17,2020,4,EASTERN EUROPE -OTHER,AZERBAIJAN,1,HEATHROW,BAKU (HEYDER ALIYEV INT'L),10959,9349,1610,38709,38709,0,-71.68875
16/04/2021 17:17,2020,4,EASTERN EUROPE -OTHER,AZERBAIJAN,1,LUTON,BAKU (HEYDER ALIYEV INT'L),0,0,0,2130,0,2130,-100
16/04/2021 17:17,2020,4,EASTERN EUROPE -OTHER,AZERBAIJAN,1,STANSTED,BAKU (HEYDER ALIYEV INT'L),0,0,0,1154,0,1154,-100
16/04/2021 17:17,2020,4,EASTERN EUROPE -OTHER,AZERBAIJAN,2,BELFAST INTERNATIONAL,BAKU (HEYDER ALIYEV INT'L),0,0,0,68,0,68,-100
16/04/2021 17:17,2020,4,EASTERN EUROPE -OTHER,AZERBAIJAN,2,BIGGIN HILL,BAKU (HEYDER ALIYEV INT'L),0,0,0,1,0,1,-100
16/04/2021 17:17,2020,4,EASTERN EUROPE -OTHER,AZERBAIJAN,2,CARDIFF WALES,BAKU (HEYDER ALIYEV INT'L),0,0,0,688,0,688,-100
16/04/2021 17:17,2020,4,EASTERN EUROPE -OTHER,AZERBAIJAN,2,MANCHESTER,BAKU (HEYDER ALIYEV INT'L),34,0,34,0,0,0,0
16/04/2021 17:17,2020,4,EASTERN EUROPE -OTHER,BELARUS,1,GATWICK,MINSK INT'L ,25648,25648,0,34255,34255,0,-25.12626
16/04/2021 17:17,2020,4,EASTERN EUROPE -OTHER,BELARUS,1,LUTON,MINSK INT'L ,0,0,0,77,0,77,-100
16/04/2021 17:17,2020,4,EASTERN EUROPE -OTHER,BELARUS,2,BELFAST INTERNATIONAL,MINSK INT'L ,0,0,0,68,0,68,-100
16/04/2021 17:17,2020,4,EASTERN EUROPE -OTHER,BELARUS,2,BELFAST INTERNATIONAL,MINSK LOSHITSA,0,0,0,41,0,41,-100
16/04/2021 17:17,2020,4,EASTERN EUROPE -OTHER,BELARUS,2,BIGGIN HILL,MINSK INT'L ,0,0,0,73,0,73,-100
16/04/2021 17:17,2020,4,EASTERN EUROPE -OTHER,BELARUS,2,CARDIFF WALES,MINSK INT'L ,0,0,0,41,0,41,-100
16/04/2021 17:17,2020,4,EASTERN EUROPE -OTHER,BELARUS,2,MANCHESTER,MINSK INT'L ,0,0,0,2972,2972,0,-100
16/04/2021 17:17,2020,4,EASTERN EUROPE -OTHER,GEORGIA,1,GATWICK,TBILISI,1136,1136,0,18938,18938,0,-94.00148
16/04/2021 17:17,2020,4,EASTERN EUROPE -OTHER,GEORGIA,1,LUTON,KUTAISI,5702,5702,0,25619,25619,0,-77.74308
16/04/2021 17:17,2020,4,EASTERN EUROPE -OTHER,GEORGIA,2,ABERDEEN,TBILISI,0,0,0,94,0,94,-100
16/04/2021 17:17,2020,4,EASTERN EUROPE -OTHER,GEORGIA,2,LIVERPOOL (JOHN LENNON),TBILISI,90,0,90,0,0,0,0
16/04/2021 17:17,2020,4,EASTERN EUROPE -OTHER,KAZAKHSTAN,1,GATWICK,NURSULTAN NAZERBAYEV INTERNATIONAL,1,0,1,0,0,0,0
16/04/2021 17:17,2020,4,EASTERN EUROPE -OTHER,KAZAKHSTAN,1,HEATHROW,NURSULTAN NAZERBAYEV INTERNATIONAL,6260,6206,54,45726,45726,0,-86.30976
16/04/2021 17:17,2020,4,EASTERN EUROPE -OTHER,KAZAKHSTAN,1,HEATHROW,PETROPAVLOSVK,95,0,95,0,0,0,0
16/04/2021 17:17,2020,4,EASTERN EUROPE -OTHER,KAZAKHSTAN,2,BIGGIN HILL,ALMATY,4,0,4,0,0,0,0
16/04/2021 17:17,2020,4,EASTERN EUROPE -OTHER,KAZAKHSTAN,2,GLASGOW,NURSULTAN NAZERBAYEV INTERNATIONAL,0,0,0,76,0,76,-100
16/04/2021 17:17,2020,4,EASTERN EUROPE -OTHER,KAZAKHSTAN,2,MANCHESTER,NURSULTAN NAZERBAYEV INTERNATIONAL,0,0,0,290,0,290,-100
16/04/2021 17:17,2020,4,EASTERN EUROPE -OTHER,REPUBLIC OF MOLDOVA,1,LUTON,CHISINAU (KISHINEV),92973,91843,1130,166404,166404,0,-44.12815
16/04/2021 17:17,2020,4,EASTERN EUROPE -OTHER,REPUBLIC OF MOLDOVA,1,STANSTED,CHISINAU (KISHINEV),32353,28138,4215,74542,74542,0,-56.59762
16/04/2021 17:17,2020,4,EASTERN EUROPE -OTHER,REPUBLIC OF MOLDOVA,2,LIVERPOOL (JOHN LENNON),CHISINAU (KISHINEV),884,884,0,0,0,0,0
16/04/2021 17:17,2020,4,EASTERN EUROPE -OTHER,RUSSIA,1,GATWICK,KRASNODAR,58,0,58,0,0,0,0
16/04/2021 17:17,2020,4,EASTERN EUROPE -OTHER,RUSSIA,1,GATWICK,MOSCOW (SHEREMETYEVO),0,0,0,555,555,0,-100
16/04/2021 17:17,2020,4,EASTERN EUROPE -OTHER,RUSSIA,1,GATWICK,MOSCOW (VNUKOVO),9,0,9,6,0,6,50
16/04/2021 17:17,2020,4,EASTERN EUROPE -OTHER,RUSSIA,1,GATWICK,ST PETERSBURG,13012,13012,0,71682,71682,0,-81.8476
16/04/2021 17:17,2020,4,EASTERN EUROPE -OTHER,RUSSIA,1,HEATHROW,ADLER / SOCHI,622,0,622,0,0,0,0
16/04/2021 17:17,2020,4,EASTERN EUROPE -OTHER,RUSSIA,1,HEATHROW,MOSCOW (DOMODEDOVO),41350,41350,0,176047,176047,0,-76.51195
16/04/2021 17:17,2020,4,EASTERN EUROPE -OTHER,RUSSIA,1,HEATHROW,MOSCOW (SHEREMETYEVO),167890,166597,1293,530753,530753,0,-68.36758
16/04/2021 17:17,2020,4,EASTERN EUROPE -OTHER,RUSSIA,1,HEATHROW,ST PETERSBURG,60,0,60,59136,59136,0,-99.89854
16/04/2021 17:17,2020,4,EASTERN EUROPE -OTHER,RUSSIA,1,LUTON,ADLER / SOCHI,0,0,0,626,0,626,-100
16/04/2021 17:17,2020,4,EASTERN EUROPE -OTHER,RUSSIA,1,LUTON,MOSCOW (VNUKOVO),39660,39660,0,35092,35092,0,13.01721
16/04/2021 17:17,2020,4,EASTERN EUROPE -OTHER,RUSSIA,1,LUTON,ST PETERSBURG,34023,34023,0,29763,29763,0,14.31307
16/04/2021 17:17,2020,4,EASTERN EUROPE -OTHER,RUSSIA,1,SOUTHEND,ST PETERSBURG,92,92,0,0,0,0,0
16/04/2021 17:17,2020,4,EASTERN EUROPE -OTHER,RUSSIA,1,STANSTED,ADLER / SOCHI,1,0,1,0,0,0,0
16/04/2021 17:17,2020,4,EASTERN EUROPE -OTHER,RUSSIA,1,STANSTED,KAZAN,0,0,0,105,0,105,-100
16/04/2021 17:17,2020,4,EASTERN EUROPE -OTHER,RUSSIA,1,STANSTED,MOSCOW (DOMODEDOVO),6821,6821,0,1305,1305,0,422.68199
16/04/2021 17:17,2020,4,EASTERN EUROPE -OTHER,RUSSIA,1,STANSTED,ST PETERSBURG,0,0,0,9659,9659,0,-100
16/04/2021 17:17,2020,4,EASTERN EUROPE -OTHER,RUSSIA,2,BIGGIN HILL,MOSCOW (SHEREMETYEVO),0,0,0,31,0,31,-100
16/04/2021 17:17,2020,4,EASTERN EUROPE -OTHER,RUSSIA,2,BIGGIN HILL,MOSCOW (VNUKOVO),44,0,44,27,0,27,62.96296
16/04/2021 17:17,2020,4,EASTERN EUROPE -OTHER,RUSSIA,2,BIGGIN HILL,MURMANSK,0,0,0,2,0,2,-100
16/04/2021 17:17,2020,4,EASTERN EUROPE -OTHER,RUSSIA,2,BIGGIN HILL,ST PETERSBURG,3,0,3,2,0,2,50
16/04/2021 17:17,2020,4,EASTERN EUROPE -OTHER,RUSSIA,2,EDINBURGH,MOSCOW (VNUKOVO),0,0,0,155,0,155,-100
16/04/2021 17:17,2020,4,EASTERN EUROPE -OTHER,RUSSIA,2,GLASGOW,KALININGRAD,0,0,0,69,0,69,-100
16/04/2021 17:17,2020,4,EASTERN EUROPE -OTHER,RUSSIA,2,GLASGOW,MOSCOW (SHEREMETYEVO),0,0,0,66,0,66,-100
16/04/2021 17:17,2020,4,EASTERN EUROPE -OTHER,RUSSIA,2,GLASGOW,NIZHNIY NOVGOROD,0,0,0,49,0,49,-100
16/04/2021 17:17,2020,4,EASTERN EUROPE -OTHER,RUSSIA,2,HUMBERSIDE,ST PETERSBURG,269,0,269,0,0,0,0
16/04/2021 17:17,2020,4,EASTERN EUROPE -OTHER,TURKMENISTAN,1,HEATHROW,ASHKHABAD,0,0,0,1163,1163,0,-100
16/04/2021 17:17,2020,4,EASTERN EUROPE -OTHER,TURKMENISTAN,2,BIRMINGHAM,ASHKHABAD,1383,1383,0,13723,13723,0,-89.92203
16/04/2021 17:17,2020,4,EASTERN EUROPE -OTHER,UKRAINE,1,GATWICK,KIEV (BORISPOL),37210,36301,909,202201,201744,457,-81.59752
16/04/2021 17:17,2020,4,EASTERN EUROPE -OTHER,UKRAINE,1,HEATHROW,KIEV (BORISPOL),1875,753,1122,54049,54049,0,-96.53093
16/04/2021 17:17,2020,4,EASTERN EUROPE -OTHER,UKRAINE,1,LUTON,KHARKOV OSNOVA INTL,0,0,0,2725,2725,0,-100
16/04/2021 17:17,2020,4,EASTERN EUROPE -OTHER,UKRAINE,1,LUTON,KIEV (BORISPOL),0,0,0,1645,1645,0,-100
16/04/2021 17:17,2020,4,EASTERN EUROPE -OTHER,UKRAINE,1,LUTON,KIEV (ZHULYANY),31393,31393,0,53166,53166,0,-40.95286
16/04/2021 17:17,2020,4,EASTERN EUROPE -OTHER,UKRAINE,1,LUTON,LVOV,18112,18112,0,47322,47322,0,-61.72605
16/04/2021 17:17,2020,4,EASTERN EUROPE -OTHER,UKRAINE,1,SOUTHEND,KIEV (BORISPOL),121,121,0,0,0,0,0
16/04/2021 17:17,2020,4,EASTERN EUROPE -OTHER,UKRAINE,1,STANSTED,KIEV (BORISPOL),26235,26091,144,80788,80788,0,-67.52612
16/04/2021 17:17,2020,4,EASTERN EUROPE -OTHER,UKRAINE,1,STANSTED,LVOV,20276,20276,0,49046,49046,0,-58.65922
16/04/2021 17:17,2020,4,EASTERN EUROPE -OTHER,UKRAINE,2,BELFAST INTERNATIONAL,KIEV (BORISPOL),56,0,56,0,0,0,0
16/04/2021 17:17,2020,4,EASTERN EUROPE -OTHER,UKRAINE,2,BIGGIN HILL,KIEV (BORISPOL),3,0,3,0,0,0,0
16/04/2021 17:17,2020,4,EASTERN EUROPE -OTHER,UKRAINE,2,BIGGIN HILL,ZAPOROZHYE,0,0,0,4,0,4,-100
16/04/2021 17:17,2020,4,EASTERN EUROPE -OTHER,UKRAINE,2,BIRMINGHAM,KIEV (BORISPOL),578,0,578,0,0,0,0
16/04/2021 17:17,2020,4,EASTERN EUROPE -OTHER,UKRAINE,2,EDINBURGH,KIEV (BORISPOL),331,0,331,0,0,0,0
16/04/2021 17:17,2020,4,EASTERN EUROPE -OTHER,UKRAINE,2,HUMBERSIDE,KIEV (BORISPOL),93,0,93,0,0,0,0
16/04/2021 17:17,2020,4,EASTERN EUROPE -OTHER,UKRAINE,2,HUMBERSIDE,ODESSA,88,0,88,0,0,0,0
16/04/2021 17:17,2020,4,EASTERN EUROPE -OTHER,UKRAINE,2,MANCHESTER,KHARKOV OSNOVA INTL,0,0,0,243,0,243,-100
16/04/2021 17:17,2020,4,EASTERN EUROPE -OTHER,UKRAINE,2,MANCHESTER,KIEV (BORISPOL),13660,13660,0,26923,26923,0,-49.26271
16/04/2021 17:17,2020,4,EASTERN EUROPE -OTHER,UZBEKISTAN,1,HEATHROW,TASHKENT,5868,5518,350,29622,29622,0,-80.1904
16/04/2021 17:17,2020,25,NEAR EAST,ISRAEL,1,GATWICK,TEL AVIV,9064,9064,0,22329,22011,318,-59.40705
16/04/2021 17:17,2020,25,NEAR EAST,ISRAEL,1,HEATHROW,TEL AVIV,161561,161536,25,678130,678130,0,-76.17551
16/04/2021 17:17,2020,25,NEAR EAST,ISRAEL,1,LUTON,OVDA,0,0,0,5994,5994,0,-100
16/04/2021 17:17,2020,25,NEAR EAST,ISRAEL,1,LUTON,RAMON,0,0,0,308,0,308,-100
16/04/2021 17:17,2020,25,NEAR EAST,ISRAEL,1,LUTON,TEL AVIV,94041,94041,0,485140,484854,286,-80.6157
16/04/2021 17:17,2020,25,NEAR EAST,ISRAEL,1,STANSTED,TEL AVIV,7117,6436,681,44500,43870,630,-84.00674
16/04/2021 17:17,2020,25,NEAR EAST,ISRAEL,2,BIGGIN HILL,TEL AVIV,4,0,4,9,0,9,-55.55556
16/04/2021 17:17,2020,25,NEAR EAST,ISRAEL,2,GLASGOW,TEL AVIV,306,0,306,0,0,0,0
16/04/2021 17:17,2020,25,NEAR EAST,ISRAEL,2,MANCHESTER,TEL AVIV,12865,12865,0,60839,60839,0,-78.85402
16/04/2021 17:17,2020,25,NEAR EAST,JORDAN,1,GATWICK,AMMAN,6,0,6,0,0,0,0
16/04/2021 17:17,2020,25,NEAR EAST,JORDAN,1,GATWICK,AQABA,6424,6424,0,11047,10039,1008,-41.84847
16/04/2021 17:17,2020,25,NEAR EAST,JORDAN,1,HEATHROW,AMMAN,46863,46863,0,232636,232636,0,-79.85565
16/04/2021 17:17,2020,25,NEAR EAST,JORDAN,1,LUTON,AMMAN,0,0,0,218,218,0,-100
16/04/2021 17:17,2020,25,NEAR EAST,JORDAN,2,BIRMINGHAM,AMMAN (KING HUSSEIN),0,0,0,281,0,281,-100
16/04/2021 17:17,2020,25,NEAR EAST,JORDAN,2,BIRMINGHAM,AQABA,0,0,0,1044,0,1044,-100
16/04/2021 17:17,2020,25,NEAR EAST,JORDAN,2,LIVERPOOL (JOHN LENNON),AMMAN (KING HUSSEIN),0,0,0,134,0,134,-100
16/04/2021 17:17,2020,25,NEAR EAST,JORDAN,2,MANCHESTER,AQABA,0,0,0,1063,0,1063,-100
16/04/2021 17:17,2020,25,NEAR EAST,LEBANON,1,HEATHROW,BEIRUT,76253,74232,2021,301512,301512,0,-74.7098
16/04/2021 17:17,2020,25,NEAR EAST,LEBANON,2,BELFAST INTERNATIONAL,BEIRUT,0,0,0,248,0,248,-100
16/04/2021 17:17,2020,25,NEAR EAST,LEBANON,2,BIRMINGHAM,BEIRUT,0,0,0,154,0,154,-100
16/04/2021 17:17,2020,25,NEAR EAST,LEBANON,2,MANCHESTER,BEIRUT,178,0,178,0,0,0,0
16/04/2021 17:17,2020,30,NORTH AFRICA,ALGERIA,1,GATWICK,ALGIERS,15224,14678,546,64659,64659,0,-76.45494
16/04/2021 17:17,2020,30,NORTH AFRICA,ALGERIA,1,HEATHROW,ALGIERS,14128,12891,1237,68352,68352,0,-79.33052
16/04/2021 17:17,2020,30,NORTH AFRICA,ALGERIA,1,HEATHROW,HASSI MESSAOUD,66,0,66,0,0,0,0
16/04/2021 17:17,2020,30,NORTH AFRICA,EGYPT,1,GATWICK,ALEXANDRIA (BORG EL ARAB),323,0,323,0,0,0,0
16/04/2021 17:17,2020,30,NORTH AFRICA,EGYPT,1,GATWICK,CAIRO,1765,0,1765,0,0,0,0
16/04/2021 17:17,2020,30,NORTH AFRICA,EGYPT,1,GATWICK,HURGHADA,41693,41017,676,183359,180733,2626,-77.26155
16/04/2021 17:17,2020,30,NORTH AFRICA,EGYPT,1,GATWICK,MARSA ALAM,4138,3984,154,35097,35097,0,-88.20982
16/04/2021 17:17,2020,30,NORTH AFRICA,EGYPT,1,GATWICK,SHARM EL SHEIKH (OPHIRA),7143,6219,924,495,0,495,1343.0303
16/04/2021 17:17,2020,30,NORTH AFRICA,EGYPT,1,HEATHROW,ALEXANDRIA (BORG EL ARAB),232,0,232,0,0,0,0
16/04/2021 17:17,2020,30,NORTH AFRICA,EGYPT,1,HEATHROW,CAIRO,147026,145563,1463,414952,414952,0,-64.56795
16/04/2021 17:17,2020,30,NORTH AFRICA,EGYPT,1,HEATHROW,LUXOR,2295,2295,0,8150,8150,0,-71.84049
16/04/2021 17:17,2020,30,NORTH AFRICA,EGYPT,1,HEATHROW,MARSA ALAM,487,320,167,0,0,0,0
16/04/2021 17:17,2020,30,NORTH AFRICA,EGYPT,1,STANSTED,HURGHADA,7444,7444,0,24730,24509,221,-69.89891
16/04/2021 17:17,2020,30,NORTH AFRICA,EGYPT,2,BELFAST INTERNATIONAL,CAIRO,0,0,0,80,0,80,-100
16/04/2021 17:17,2020,30,NORTH AFRICA,EGYPT,2,BIGGIN HILL,CAIRO,27,0,27,0,0,0,0
16/04/2021 17:17,2020,30,NORTH AFRICA,EGYPT,2,BIRMINGHAM,HURGHADA,13398,13254,144,94182,91874,2308,-85.77435
16/04/2021 17:17,2020,30,NORTH AFRICA,EGYPT,2,BIRMINGHAM,MARSA ALAM,802,802,0,15884,15646,238,-94.95089
16/04/2021 17:17,2020,30,NORTH AFRICA,EGYPT,2,BIRMINGHAM,SHARM EL SHEIKH (OPHIRA),3744,1301,2443,308,0,308,1115.58442
16/04/2021 17:17,2020,30,NORTH AFRICA,EGYPT,2,BRISTOL,HURGHADA,14401,10413,3988,44845,23420,21425,-67.88717
16/04/2021 17:17,2020,30,NORTH AFRICA,EGYPT,2,CARDIFF WALES,HURGHADA,0,0,0,8652,0,8652,-100
16/04/2021 17:17,2020,30,NORTH AFRICA,EGYPT,2,DONCASTER SHEFFIELD,HURGHADA,0,0,0,10660,9245,1415,-100
16/04/2021 17:17,2020,30,NORTH AFRICA,EGYPT,2,EAST MIDLANDS INTERNATIONAL,HURGHADA,184,184,0,10696,10696,0,-98.27973
16/04/2021 17:17,2020,30,NORTH AFRICA,EGYPT,2,GLASGOW,HURGHADA,0,0,0,4685,4685,0,-100
16/04/2021 17:17,2020,30,NORTH AFRICA,EGYPT,2,MANCHESTER,HURGHADA,30003,28880,1123,174029,170406,3623,-82.75977
16/04/2021 17:17,2020,30,NORTH AFRICA,EGYPT,2,MANCHESTER,MARSA ALAM,3498,3498,0,2366,2366,0,47.84446
16/04/2021 17:17,2020,30,NORTH AFRICA,EGYPT,2,MANCHESTER,SHARM EL SHEIKH (OPHIRA),4183,3980,203,0,0,0,0
16/04/2021 17:17,2020,30,NORTH AFRICA,EGYPT,2,NEWCASTLE,HURGHADA,0,0,0,14113,14113,0,-100
16/04/2021 17:17,2020,30,NORTH AFRICA,MOROCCO,1,GATWICK,AGADIR (AL MASSIRA),24308,24019,289,95390,95390,0,-74.51724
16/04/2021 17:17,2020,30,NORTH AFRICA,MOROCCO,1,GATWICK,CASABLANCA MOHAMED V,15167,15137,30,65239,65233,6,-76.75164
16/04/2021 17:17,2020,30,NORTH AFRICA,MOROCCO,1,GATWICK,ERRACHIDIA,0,0,0,2,0,2,-100
16/04/2021 17:17,2020,30,NORTH AFRICA,MOROCCO,1,GATWICK,FEZ,3205,3205,0,16667,16667,0,-80.77038
16/04/2021 17:17,2020,30,NORTH AFRICA,MOROCCO,1,GATWICK,MARRAKESH,86681,86347,334,386636,386615,21,-77.58072
16/04/2021 17:17,2020,30,NORTH AFRICA,MOROCCO,1,GATWICK,OUARZAZATE,0,0,0,398,0,398,-100
16/04/2021 17:17,2020,30,NORTH AFRICA,MOROCCO,1,GATWICK,RABAT,0,0,0,298,0,298,-100
16/04/2021 17:17,2020,30,NORTH AFRICA,MOROCCO,1,GATWICK,TANGIERS (IBN BATUTA),13109,13109,0,29802,29802,0,-56.01302
16/04/2021 17:17,2020,30,NORTH AFRICA,MOROCCO,1,HEATHROW,CASABLANCA MOHAMED V,31695,31435,260,96222,96222,0,-67.06055
16/04/2021 17:17,2020,30,NORTH AFRICA,MOROCCO,1,HEATHROW,ERRACHIDIA,24,0,24,0,0,0,0
16/04/2021 17:17,2020,30,NORTH AFRICA,MOROCCO,1,HEATHROW,MARRAKESH,13113,11883,1230,29638,29638,0,-55.75612
16/04/2021 17:17,2020,30,NORTH AFRICA,MOROCCO,1,HEATHROW,RABAT,2779,2779,0,12942,12942,0,-78.52728
16/04/2021 17:17,2020,30,NORTH AFRICA,MOROCCO,1,LUTON,CASABLANCA MOHAMED V,254,0,254,0,0,0,0
16/04/2021 17:17,2020,30,NORTH AFRICA,MOROCCO,1,LUTON,MARRAKESH,7290,7290,0,57691,57691,0,-87.36371
16/04/2021 17:17,2020,30,NORTH AFRICA,MOROCCO,1,SOUTHEND,CASABLANCA MOHAMED V,56,56,0,0,0,0,0
16/04/2021 17:17,2020,30,NORTH AFRICA,MOROCCO,1,STANSTED,AGADIR (AL MASSIRA),7313,7096,217,36430,36430,0,-79.92589
16/04/2021 17:17,2020,30,NORTH AFRICA,MOROCCO,1,STANSTED,CASABLANCA MOHAMED V,533,0,533,0,0,0,0
16/04/2021 17:17,2020,30,NORTH AFRICA,MOROCCO,1,STANSTED,ESSAOUIRA,7026,6975,51,5565,5565,0,26.25337
16/04/2021 17:17,2020,30,NORTH AFRICA,MOROCCO,1,STANSTED,FEZ,7651,7651,0,35015,35015,0,-78.14936
16/04/2021 17:17,2020,30,NORTH AFRICA,MOROCCO,1,STANSTED,MARRAKESH,33439,32430,1009,133995,131891,2104,-75.04459
16/04/2021 17:17,2020,30,NORTH AFRICA,MOROCCO,1,STANSTED,RABAT,11928,11928,0,55524,55524,0,-78.5174
16/04/2021 17:17,2020,30,NORTH AFRICA,MOROCCO,2,BELFAST INTERNATIONAL,MARRAKESH,7012,7012,0,4751,4751,0,47.58998
16/04/2021 17:17,2020,30,NORTH AFRICA,MOROCCO,2,BIGGIN HILL,CASABLANCA MOHAMED V,0,0,0,73,0,73,-100
16/04/2021 17:17,2020,30,NORTH AFRICA,MOROCCO,2,BIRMINGHAM,AGADIR (AL MASSIRA),2007,1818,189,12265,12265,0,-83.63636
16/04/2021 17:17,2020,30,NORTH AFRICA,MOROCCO,2,BIRMINGHAM,CASABLANCA MOHAMED V,0,0,0,186,0,186,-100
16/04/2021 17:17,2020,30,NORTH AFRICA,MOROCCO,2,BIRMINGHAM,MARRAKESH,374,185,189,16562,15770,792,-97.74182
16/04/2021 17:17,2020,30,NORTH AFRICA,MOROCCO,2,BRISTOL,MARRAKESH,0,0,0,14223,9795,4428,-100
16/04/2021 17:17,2020,30,NORTH AFRICA,MOROCCO,2,CARDIFF WALES,RABAT,0,0,0,187,0,187,-100
16/04/2021 17:17,2020,30,NORTH AFRICA,MOROCCO,2,EAST MIDLANDS INTERNATIONAL,AGADIR (AL MASSIRA),187,187,0,0,0,0,0
16/04/2021 17:17,2020,30,NORTH AFRICA,MOROCCO,2,EAST MIDLANDS INTERNATIONAL,MARRAKESH,0,0,0,189,0,189,-100
16/04/2021 17:17,2020,30,NORTH AFRICA,MOROCCO,2,LIVERPOOL (JOHN LENNON),MARRAKESH,7283,7283,0,35447,35447,0,-79.45383
16/04/2021 17:17,2020,30,NORTH AFRICA,MOROCCO,2,MANCHESTER,AGADIR (AL MASSIRA),21046,21046,0,101938,101938,0,-79.35412
16/04/2021 17:17,2020,30,NORTH AFRICA,MOROCCO,2,MANCHESTER,CASABLANCA MOHAMED V,3878,3878,0,16496,16496,0,-76.49127
16/04/2021 17:17,2020,30,NORTH AFRICA,MOROCCO,2,MANCHESTER,MARRAKESH,29870,28849,1021,139844,138599,1245,-78.64049
16/04/2021 17:17,2020,30,NORTH AFRICA,TUNISIA,1,GATWICK,ENFIDHA - HAMMAMET INTL,4060,0,4060,77293,48852,28441,-94.74726
16/04/2021 17:17,2020,30,NORTH AFRICA,TUNISIA,1,GATWICK,TUNIS,9331,9071,260,27713,27713,0,-66.32988
16/04/2021 17:17,2020,30,NORTH AFRICA,TUNISIA,1,HEATHROW,TUNIS,12911,12840,71,44951,44951,0,-71.27761
16/04/2021 17:17,2020,30,NORTH AFRICA,TUNISIA,1,LUTON,ENFIDHA - HAMMAMET INTL,0,0,0,9283,0,9283,-100
16/04/2021 17:17,2020,30,NORTH AFRICA,TUNISIA,1,STANSTED,ENFIDHA - HAMMAMET INTL,0,0,0,10869,10869,0,-100
16/04/2021 17:17,2020,30,NORTH AFRICA,TUNISIA,2,BELFAST INTERNATIONAL,ENFIDHA - HAMMAMET INTL,0,0,0,16922,6096,10826,-100
16/04/2021 17:17,2020,30,NORTH AFRICA,TUNISIA,2,BIRMINGHAM,ENFIDHA - HAMMAMET INTL,186,0,186,39313,13044,26269,-99.52687
16/04/2021 17:17,2020,30,NORTH AFRICA,TUNISIA,2,BRISTOL,ENFIDHA - HAMMAMET INTL,0,0,0,27252,21493,5759,-100
16/04/2021 17:17,2020,30,NORTH AFRICA,TUNISIA,2,CARDIFF WALES,ENFIDHA - HAMMAMET INTL,0,0,0,18856,0,18856,-100
16/04/2021 17:17,2020,30,NORTH AFRICA,TUNISIA,2,DONCASTER SHEFFIELD,ENFIDHA - HAMMAMET INTL,0,0,0,9267,0,9267,-100
16/04/2021 17:17,2020,30,NORTH AFRICA,TUNISIA,2,EAST MIDLANDS INTERNATIONAL,ENFIDHA - HAMMAMET INTL,0,0,0,7950,0,7950,-100
16/04/2021 17:17,2020,30,NORTH AFRICA,TUNISIA,2,GLASGOW,ENFIDHA - HAMMAMET INTL,0,0,0,39393,30874,8519,-100
16/04/2021 17:17,2020,30,NORTH AFRICA,TUNISIA,2,LEEDS BRADFORD,ENFIDHA - HAMMAMET INTL,0,0,0,5766,0,5766,-100
16/04/2021 17:17,2020,30,NORTH AFRICA,TUNISIA,2,MANCHESTER,ENFIDHA - HAMMAMET INTL,3792,0,3792,96695,69106,27589,-96.07839
16/04/2021 17:17,2020,30,NORTH AFRICA,TUNISIA,2,NEWCASTLE,ENFIDHA - HAMMAMET INTL,0,0,0,25895,25895,0,-100
16/04/2021 17:17,2020,35,EAST AFRICA,ETHIOPIA,1,HEATHROW,ADDIS ABABA,125797,125739,58,246383,246383,0,-48.9425
16/04/2021 17:17,2020,35,EAST AFRICA,ETHIOPIA,2,MANCHESTER,ADDIS ABABA,18109,18109,0,34978,34978,0,-48.22746
16/04/2021 17:17,2020,35,EAST AFRICA,KENYA,1,HEATHROW,NAIROBI,100096,98794,1302,337919,337919,0,-70.3787
16/04/2021 17:17,2020,35,EAST AFRICA,KENYA,2,MANCHESTER,NAIROBI,0,0,0,169,0,169,-100
16/04/2021 17:17,2020,35,EAST AFRICA,RWANDA,1,GATWICK,KIGALI,6252,6252,0,28504,28504,0,-78.06624
16/04/2021 17:17,2020,35,EAST AFRICA,RWANDA,1,HEATHROW,KIGALI,1406,1406,0,0,0,0,0
16/04/2021 17:17,2020,35,EAST AFRICA,SUDAN,1,HEATHROW,KHARTOUM,259,0,259,0,0,0,0
16/04/2021 17:17,2020,35,EAST AFRICA,TANZANIA,1,HEATHROW,DAR-ES-SALAAM,200,0,200,0,0,0,0
16/04/2021 17:17,2020,35,EAST AFRICA,UGANDA,1,HEATHROW,ENTEBBE,273,0,273,0,0,0,0
16/04/2021 17:17,2020,40,WEST AFRICA,BENIN,1,STANSTED,COTONOU,231,0,231,0,0,0,0
16/04/2021 17:17,2020,40,WEST AFRICA,BURKINO FASO,1,HEATHROW,OUAGADOUGOU,36,0,36,0,0,0,0
16/04/2021 17:17,2020,40,WEST AFRICA,CAMEROON,1,STANSTED,DOUALA,85,0,85,0,0,0,0
16/04/2021 17:17,2020,40,WEST AFRICA,EQUATORIAL GUINEA,1,HEATHROW,MALABO,185,0,185,0,0,0,0
16/04/2021 17:17,2020,40,WEST AFRICA,EQUATORIAL GUINEA,1,STANSTED,MALABO,61,0,61,0,0,0,0
16/04/2021 17:17,2020,40,WEST AFRICA,GAMBIA,1,GATWICK,BANJUL,10119,169,9950,46683,23332,23351,-78.32402
16/04/2021 17:17,2020,40,WEST AFRICA,GAMBIA,1,STANSTED,BANJUL,150,0,150,79,0,79,89.87342
16/04/2021 17:17,2020,40,WEST AFRICA,GAMBIA,2,BIRMINGHAM,BANJUL,3489,928,2561,10138,9763,375,-65.58493
16/04/2021 17:17,2020,40,WEST AFRICA,GAMBIA,2,MANCHESTER,BANJUL,3976,2632,1344,21727,21093,634,-81.70019
16/04/2021 17:17,2020,40,WEST AFRICA,GHANA,1,GATWICK,ACCRA,0,0,0,184,0,184,-100
16/04/2021 17:17,2020,40,WEST AFRICA,GHANA,1,HEATHROW,ACCRA,80899,80464,435,221188,221188,0,-63.42523
16/04/2021 17:17,2020,40,WEST AFRICA,GHANA,1,STANSTED,ACCRA,1413,0,1413,0,0,0,0
16/04/2021 17:17,2020,40,WEST AFRICA,NIGERIA,1,GATWICK,ABUJA,1138,0,1138,0,0,0,0
16/04/2021 17:17,2020,40,WEST AFRICA,NIGERIA,1,GATWICK,LAGOS,807,0,807,0,0,0,0
16/04/2021 17:17,2020,40,WEST AFRICA,NIGERIA,1,HEATHROW,ABUJA,53200,52767,433,136534,136534,0,-61.03535
16/04/2021 17:17,2020,40,WEST AFRICA,NIGERIA,1,HEATHROW,KANO,24,0,24,0,0,0,0
16/04/2021 17:17,2020,40,WEST AFRICA,NIGERIA,1,HEATHROW,LAGOS,153154,149792,3362,382375,382375,0,-59.94665
16/04/2021 17:17,2020,40,WEST AFRICA,NIGERIA,1,STANSTED,LAGOS,615,0,615,0,0,0,0
16/04/2021 17:17,2020,40,WEST AFRICA,NIGERIA,2,ABERDEEN,LAGOS,18,0,18,0,0,0,0
16/04/2021 17:17,2020,40,WEST AFRICA,SENEGAL,2,BIRMINGHAM,DAKAR (BLAISE DIAGNE),166,0,166,0,0,0,0
16/04/2021 17:17,2020,40,WEST AFRICA,SIERRA LEONE,1,GATWICK,FREETOWN,21,0,21,265,0,265,-92.07547
16/04/2021 17:17,2020,45,CENTRAL AFRICA,ANGOLA,1,GATWICK,LUANDA,114,0,114,0,0,0,0
16/04/2021 17:17,2020,45,CENTRAL AFRICA,ANGOLA,1,HEATHROW,LUANDA,234,0,234,0,0,0,0
16/04/2021 17:17,2020,45,CENTRAL AFRICA,ANGOLA,1,STANSTED,LUANDA,25,0,25,0,0,0,0
16/04/2021 17:17,2020,50,SOUTHERN AFRICA,NAMIBIA,1,HEATHROW,WINDHOEK,127,0,127,0,0,0,0
16/04/2021 17:17,2020,50,SOUTHERN AFRICA,REPUBLIC OF SOUTH AFRICA,1,GATWICK,CAPE TOWN,22253,22151,102,48642,48642,0,-54.25147
16/04/2021 17:17,2020,50,SOUTHERN AFRICA,REPUBLIC OF SOUTH AFRICA,1,HEATHROW,CAPE TOWN,122303,117985,4318,329296,329045,251,-62.85925
16/04/2021 17:17,2020,50,SOUTHERN AFRICA,REPUBLIC OF SOUTH AFRICA,1,HEATHROW,DURBAN,13323,13323,0,56657,56657,0,-76.48481
16/04/2021 17:17,2020,50,SOUTHERN AFRICA,REPUBLIC OF SOUTH AFRICA,1,HEATHROW,JOHANNESBURG,240755,238248,2507,1004190,1004190,0,-76.02496
16/04/2021 17:17,2020,55,MIDDLE EAST,BAHRAIN,1,HEATHROW,BAHRAIN,136131,134666,1465,426683,426683,0,-68.09552
16/04/2021 17:17,2020,55,MIDDLE EAST,IRAN,1,HEATHROW,TEHRAN IMAM KHOMEINI,33992,33992,0,55008,55008,0,-38.20535
16/04/2021 17:17,2020,55,MIDDLE EAST,IRAN,2,MANCHESTER,TEHRAN IMAM KHOMEINI,3189,3189,0,0,0,0,0
16/04/2021 17:17,2020,55,MIDDLE EAST,IRAQ,1,GATWICK,BAGHDAD (GECA),0,0,0,6469,6432,37,-100
16/04/2021 17:17,2020,55,MIDDLE EAST,IRAQ,1,GATWICK,SULAYMANIYAH INT,0,0,0,6574,6574,0,-100
16/04/2021 17:17,2020,55,MIDDLE EAST,IRAQ,1,STANSTED,ERBIL INTERNATIONAL,171,0,171,0,0,0,0
16/04/2021 17:17,2020,55,MIDDLE EAST,IRAQ,2,MANCHESTER,BAGHDAD (GECA),0,0,0,7241,7241,0,-100
16/04/2021 17:17,2020,55,MIDDLE EAST,KUWAIT,1,GATWICK,KUWAIT,12630,12338,292,7264,7264,0,73.87115
16/04/2021 17:17,2020,55,MIDDLE EAST,KUWAIT,1,HEATHROW,KUWAIT,101686,98004,3682,436088,436088,0,-76.68223
16/04/2021 17:17,2020,55,MIDDLE EAST,KUWAIT,2,GLASGOW,KUWAIT,594,0,594,0,0,0,0
16/04/2021 17:17,2020,55,MIDDLE EAST,KUWAIT,2,MANCHESTER,KUWAIT,2093,0,2093,0,0,0,0
16/04/2021 17:17,2020,55,MIDDLE EAST,OMAN,1,GATWICK,MUSCAT,0,0,0,1033,0,1033,-100
16/04/2021 17:17,2020,55,MIDDLE EAST,OMAN,1,HEATHROW,MUSCAT,98680,91391,7289,359470,359470,0,-72.54847
16/04/2021 17:17,2020,55,MIDDLE EAST,OMAN,2,BIRMINGHAM,MUSCAT,0,0,0,864,0,864,-100
16/04/2021 17:17,2020,55,MIDDLE EAST,OMAN,2,EAST MIDLANDS INTERNATIONAL,MUSCAT,0,0,0,167,0,167,-100
16/04/2021 17:17,2020,55,MIDDLE EAST,OMAN,2,MANCHESTER,MUSCAT,30239,30239,0,146178,145143,1035,-79.31358
16/04/2021 17:17,2020,55,MIDDLE EAST,QATAR,1,GATWICK,DOHA HAMAD,82923,82923,0,372378,372378,0,-77.7315
16/04/2021 17:17,2020,55,MIDDLE EAST,QATAR,1,HEATHROW,DOHA HAMAD,486850,480993,5857,1264687,1264687,0,-61.50431
16/04/2021 17:17,2020,55,MIDDLE EAST,QATAR,2,BELFAST INTERNATIONAL,DOHA INTERNATIONAL,742,0,742,0,0,0,0
16/04/2021 17:17,2020,55,MIDDLE EAST,QATAR,2,BIRMINGHAM,DOHA HAMAD,30566,30566,0,132159,132159,0,-76.8718
16/04/2021 17:17,2020,55,MIDDLE EAST,QATAR,2,CARDIFF WALES,DOHA HAMAD,21029,21029,0,90679,90679,0,-76.8094
16/04/2021 17:17,2020,55,MIDDLE EAST,QATAR,2,EDINBURGH,DOHA HAMAD,40879,40879,0,167974,167974,0,-75.6635
16/04/2021 17:17,2020,55,MIDDLE EAST,QATAR,2,LIVERPOOL (JOHN LENNON),DOHA INTERNATIONAL,0,0,0,165,0,165,-100
16/04/2021 17:17,2020,55,MIDDLE EAST,QATAR,2,MANCHESTER,DOHA HAMAD,219381,218926,455,417991,417991,0,-47.51538
16/04/2021 17:17,2020,55,MIDDLE EAST,QATAR,2,MANCHESTER,DOHA INTERNATIONAL,0,0,0,5891,5891,0,-100
16/04/2021 17:17,2020,55,MIDDLE EAST,SAUDI ARABIA,1,HEATHROW,DAMMAM,6158,5625,533,1564,1564,0,293.73402
16/04/2021 17:17,2020,55,MIDDLE EAST,SAUDI ARABIA,1,HEATHROW,JEDDAH,70694,70648,46,248762,248762,0,-71.58167
16/04/2021 17:17,2020,55,MIDDLE EAST,SAUDI ARABIA,1,HEATHROW,MEDINA,0,0,0,4944,4944,0,-100
16/04/2021 17:17,2020,55,MIDDLE EAST,SAUDI ARABIA,1,HEATHROW,RIYADH,85369,85369,0,288758,288758,0,-70.4358
16/04/2021 17:17,2020,55,MIDDLE EAST,SAUDI ARABIA,1,HEATHROW,TABUK,126,126,0,0,0,0,0
16/04/2021 17:17,2020,55,MIDDLE EAST,SAUDI ARABIA,1,LUTON,NEOM BAY,0,0,0,804,0,804,-100
16/04/2021 17:17,2020,55,MIDDLE EAST,SAUDI ARABIA,1,LUTON,RIYADH,0,0,0,106,0,106,-100
16/04/2021 17:17,2020,55,MIDDLE EAST,SAUDI ARABIA,1,STANSTED,JEDDAH,40,0,40,0,0,0,0
16/04/2021 17:17,2020,55,MIDDLE EAST,SAUDI ARABIA,1,STANSTED,RIYADH,30,0,30,0,0,0,0
16/04/2021 17:17,2020,55,MIDDLE EAST,SAUDI ARABIA,2,BIGGIN HILL,JEDDAH,3,0,3,0,0,0,0
16/04/2021 17:17,2020,55,MIDDLE EAST,SAUDI ARABIA,2,BIGGIN HILL,RIYADH,11,0,11,5,0,5,120
16/04/2021 17:17,2020,55,MIDDLE EAST,SAUDI ARABIA,2,CARDIFF WALES,JEDDAH,0,0,0,80,80,0,-100
16/04/2021 17:17,2020,55,MIDDLE EAST,SAUDI ARABIA,2,MANCHESTER,JEDDAH,23213,23213,0,94769,94769,0,-75.5057
16/04/2021 17:17,2020,55,MIDDLE EAST,SAUDI ARABIA,2,MANCHESTER,MEDINA,0,0,0,1986,1986,0,-100
16/04/2021 17:17,2020,55,MIDDLE EAST,SAUDI ARABIA,2,MANCHESTER,RIYADH,531,531,0,427,427,0,24.35597
16/04/2021 17:17,2020,55,MIDDLE EAST,UNITED ARAB EMIRATES,1,GATWICK,DUBAI,207005,207005,0,979723,979723,0,-78.87107
16/04/2021 17:17,2020,55,MIDDLE EAST,UNITED ARAB EMIRATES,1,GATWICK,DUBAI (WORLD CENTRAL),0,0,0,1025,0,1025,-100
16/04/2021 17:17,2020,55,MIDDLE EAST,UNITED ARAB EMIRATES,1,HEATHROW,ABU DHABI INTERNATIONAL,289310,289105,205,1119673,1119673,0,-74.16121
16/04/2021 17:17,2020,55,MIDDLE EAST,UNITED ARAB EMIRATES,1,HEATHROW,DUBAI,863667,863667,0,2333127,2333108,19,-62.98243
16/04/2021 17:17,2020,55,MIDDLE EAST,UNITED ARAB EMIRATES,1,STANSTED,DUBAI,97289,97289,0,317846,317846,0,-69.39115
16/04/2021 17:17,2020,55,MIDDLE EAST,UNITED ARAB EMIRATES,2,BIGGIN HILL,DUBAI (WORLD CENTRAL),11,0,11,0,0,0,0
16/04/2021 17:17,2020,55,MIDDLE EAST,UNITED ARAB EMIRATES,2,BIRMINGHAM,ABU DHABI INTERNATIONAL,0,0,0,185,185,0,-100
16/04/2021 17:17,2020,55,MIDDLE EAST,UNITED ARAB EMIRATES,2,BIRMINGHAM,DUBAI,195078,195078,0,702283,702283,0,-72.22231
16/04/2021 17:17,2020,55,MIDDLE EAST,UNITED ARAB EMIRATES,2,BIRMINGHAM,DUBAI (WORLD CENTRAL),0,0,0,990,282,708,-100
16/04/2021 17:17,2020,55,MIDDLE EAST,UNITED ARAB EMIRATES,2,EAST MIDLANDS INTERNATIONAL,DUBAI,20,0,20,0,0,0,0
16/04/2021 17:17,2020,55,MIDDLE EAST,UNITED ARAB EMIRATES,2,EDINBURGH,DUBAI,41806,41806,0,183969,183969,0,-77.27552
16/04/2021 17:17,2020,55,MIDDLE EAST,UNITED ARAB EMIRATES,2,GLASGOW,DUBAI,121022,121022,0,437748,437748,0,-72.3535
16/04/2021 17:17,2020,55,MIDDLE EAST,UNITED ARAB EMIRATES,2,LIVERPOOL (JOHN LENNON),DUBAI (WORLD CENTRAL),0,0,0,32,0,32,-100
16/04/2021 17:17,2020,55,MIDDLE EAST,UNITED ARAB EMIRATES,2,MANCHESTER,ABU DHABI INTERNATIONAL,119745,119745,0,395739,395739,0,-69.74142
16/04/2021 17:17,2020,55,MIDDLE EAST,UNITED ARAB EMIRATES,2,MANCHESTER,DUBAI,319831,319831,0,1002656,998209,4447,-68.10162
16/04/2021 17:17,2020,55,MIDDLE EAST,UNITED ARAB EMIRATES,2,MANCHESTER,DUBAI (WORLD CENTRAL),3,0,3,1226,0,1226,-99.7553
16/04/2021 17:17,2020,55,MIDDLE EAST,UNITED ARAB EMIRATES,2,NEWCASTLE,DUBAI,53863,53863,0,227629,227629,0,-76.33737
16/04/2021 17:17,2020,60,INDIAN SUB-CONTINENT,AFGHANISTAN,1,HEATHROW,BAGRAM,266,0,266,0,0,0,0
16/04/2021 17:17,2020,60,INDIAN SUB-CONTINENT,BANGLADESH,1,HEATHROW,DHAKHA,30715,27516,3199,87419,87419,0,-64.86462
16/04/2021 17:17,2020,60,INDIAN SUB-CONTINENT,BANGLADESH,1,HEATHROW,SYLHET,18325,18325,0,54413,54413,0,-66.32239
16/04/2021 17:17,2020,60,INDIAN SUB-CONTINENT,BANGLADESH,2,MANCHESTER,DHAKHA,14234,14234,0,0,0,0,0
16/04/2021 17:17,2020,60,INDIAN SUB-CONTINENT,INDIA,1,GATWICK,COCHIN,0,0,0,990,0,990,-100
16/04/2021 17:17,2020,60,INDIAN SUB-CONTINENT,INDIA,1,GATWICK,GOA,13223,0,13223,41495,23273,18222,-68.13351
16/04/2021 17:17,2020,60,INDIAN SUB-CONTINENT,INDIA,1,GATWICK,MUMBAI,297,0,297,0,0,0,0
16/04/2021 17:17,2020,60,INDIAN SUB-CONTINENT,INDIA,1,HEATHROW,AHMEDABAD,36510,21462,15048,94291,94291,0,-61.27944
16/04/2021 17:17,2020,60,INDIAN SUB-CONTINENT,INDIA,1,HEATHROW,AMRITSAR,13507,0,13507,294,294,0,4494.21769
16/04/2021 17:17,2020,60,INDIAN SUB-CONTINENT,INDIA,1,HEATHROW,BANGALORE (BENGALURU),81017,69675,11342,231123,231123,0,-64.94637
16/04/2021 17:17,2020,60,INDIAN SUB-CONTINENT,INDIA,1,HEATHROW,BIJU PATNAIK INTERNATIONAL,67,0,67,0,0,0,0
16/04/2021 17:17,2020,60,INDIAN SUB-CONTINENT,INDIA,1,HEATHROW,CHENNAI,43020,40334,2686,136841,136841,0,-68.56205
16/04/2021 17:17,2020,60,INDIAN SUB-CONTINENT,INDIA,1,HEATHROW,COCHIN,15770,0,15770,0,0,0,0
16/04/2021 17:17,2020,60,INDIAN SUB-CONTINENT,INDIA,1,HEATHROW,DELHI,293018,234380,58638,871188,871188,0,-66.3657
16/04/2021 17:17,2020,60,INDIAN SUB-CONTINENT,INDIA,1,HEATHROW,GOA,11010,0,11010,0,0,0,0
16/04/2021 17:17,2020,60,INDIAN SUB-CONTINENT,INDIA,1,HEATHROW,HYDERABAD ( RAJIV GHANDI ),47356,45527,1829,141438,141438,0,-66.51819
16/04/2021 17:17,2020,60,INDIAN SUB-CONTINENT,INDIA,1,HEATHROW,KOLKATA,3675,0,3675,0,0,0,0
16/04/2021 17:17,2020,60,INDIAN SUB-CONTINENT,INDIA,1,HEATHROW,MUMBAI,226350,188311,38039,724449,724449,0,-68.75556
16/04/2021 17:17,2020,60,INDIAN SUB-CONTINENT,INDIA,1,HEATHROW,VIJAYAWADA,136,0,136,0,0,0,0
16/04/2021 17:17,2020,60,INDIAN SUB-CONTINENT,INDIA,1,HEATHROW,VISHAKHPATNAM,287,0,287,0,0,0,0
16/04/2021 17:17,2020,60,INDIAN SUB-CONTINENT,INDIA,1,STANSTED,AMRITSAR,13513,13513,0,9377,9377,0,44.10792
16/04/2021 17:17,2020,60,INDIAN SUB-CONTINENT,INDIA,1,STANSTED,GOA,932,0,932,0,0,0,0
16/04/2021 17:17,2020,60,INDIAN SUB-CONTINENT,INDIA,1,STANSTED,MUMBAI,4553,4553,0,0,0,0,0
16/04/2021 17:17,2020,60,INDIAN SUB-CONTINENT,INDIA,2,BIRMINGHAM,AMRITSAR,18634,16057,2577,52313,52313,0,-64.37979
16/04/2021 17:17,2020,60,INDIAN SUB-CONTINENT,INDIA,2,BIRMINGHAM,COCHIN,0,0,0,997,0,997,-100
16/04/2021 17:17,2020,60,INDIAN SUB-CONTINENT,INDIA,2,BIRMINGHAM,DELHI,18392,15272,3120,55838,55838,0,-67.06186
16/04/2021 17:17,2020,60,INDIAN SUB-CONTINENT,INDIA,2,BIRMINGHAM,GOA,0,0,0,9167,0,9167,-100
16/04/2021 17:17,2020,60,INDIAN SUB-CONTINENT,INDIA,2,BIRMINGHAM,MUMBAI,0,0,0,218,218,0,-100
16/04/2021 17:17,2020,60,INDIAN SUB-CONTINENT,INDIA,2,MANCHESTER,COCHIN,0,0,0,1090,0,1090,-100
16/04/2021 17:17,2020,60,INDIAN SUB-CONTINENT,INDIA,2,MANCHESTER,GOA,13091,0,13091,50673,33129,17544,-74.16573
16/04/2021 17:17,2020,60,INDIAN SUB-CONTINENT,INDIA,2,MANCHESTER,MUMBAI,0,0,0,24463,24463,0,-100
16/04/2021 17:17,2020,60,INDIAN SUB-CONTINENT,NEPAL,1,STANSTED,KATHMANDU,754,0,754,0,0,0,0
16/04/2021 17:17,2020,60,INDIAN SUB-CONTINENT,PAKISTAN,1,GATWICK,BENAZIR BHUTTO INTERNATIONAL AIRPORT,100,0,100,120,51,69,-16.66667
16/04/2021 17:17,2020,60,INDIAN SUB-CONTINENT,PAKISTAN,1,HEATHROW,BENAZIR BHUTTO INTERNATIONAL AIRPORT,0,0,0,12840,12840,0,-100
16/04/2021 17:17,2020,60,INDIAN SUB-CONTINENT,PAKISTAN,1,HEATHROW,ISLAMABAD INTERNATIONAL AIRPORT,107872,107057,815,165252,165252,0,-34.72273
16/04/2021 17:17,2020,60,INDIAN SUB-CONTINENT,PAKISTAN,1,HEATHROW,KARACHI,7680,7334,346,42998,42998,0,-82.1387
16/04/2021 17:17,2020,60,INDIAN SUB-CONTINENT,PAKISTAN,1,HEATHROW,LAHORE,44248,43822,426,89978,89978,0,-50.82353
16/04/2021 17:17,2020,60,INDIAN SUB-CONTINENT,PAKISTAN,1,HEATHROW,SIALKOT,4545,4545,0,6451,6451,0,-29.54581
16/04/2021 17:17,2020,60,INDIAN SUB-CONTINENT,PAKISTAN,2,BIRMINGHAM,BENAZIR BHUTTO INTERNATIONAL AIRPORT,0,0,0,7720,7720,0,-100
16/04/2021 17:17,2020,60,INDIAN SUB-CONTINENT,PAKISTAN,2,BIRMINGHAM,ISLAMABAD INTERNATIONAL AIRPORT,32508,32508,0,82846,82846,0,-60.76093
16/04/2021 17:17,2020,60,INDIAN SUB-CONTINENT,PAKISTAN,2,DONCASTER SHEFFIELD,ISLAMABAD INTERNATIONAL AIRPORT,0,0,0,176,0,176,-100
16/04/2021 17:17,2020,60,INDIAN SUB-CONTINENT,PAKISTAN,2,MANCHESTER,BENAZIR BHUTTO INTERNATIONAL AIRPORT,0,0,0,17553,17553,0,-100
16/04/2021 17:17,2020,60,INDIAN SUB-CONTINENT,PAKISTAN,2,MANCHESTER,ISLAMABAD INTERNATIONAL AIRPORT,80858,69530,11328,176514,176514,0,-54.19174
16/04/2021 17:17,2020,60,INDIAN SUB-CONTINENT,PAKISTAN,2,MANCHESTER,LAHORE,17310,16567,743,54930,54930,0,-68.48717
16/04/2021 17:17,2020,60,INDIAN SUB-CONTINENT,SRI LANKA,1,GATWICK,COLOMBO,248,0,248,10303,0,10303,-97.59293
16/04/2021 17:17,2020,60,INDIAN SUB-CONTINENT,SRI LANKA,1,HEATHROW,COLOMBO,70392,70392,0,219395,219395,0,-67.9154
16/04/2021 17:17,2020,60,INDIAN SUB-CONTINENT,SRI LANKA,1,HEATHROW,MATTALA RAJAPAKSA,57,0,57,0,0,0,0
16/04/2021 17:17,2020,60,INDIAN SUB-CONTINENT,SRI LANKA,1,STANSTED,COLOMBO,585,0,585,0,0,0,0
16/04/2021 17:17,2020,60,INDIAN SUB-CONTINENT,SRI LANKA,2,MANCHESTER,COLOMBO,0,0,0,334,0,334,-100
16/04/2021 17:17,2020,65,FAR EAST,BRUNEI,1,HEATHROW,BANDAR SERI BEGAWAN,28616,28616,0,127023,127023,0,-77.4718
16/04/2021 17:17,2020,65,FAR EAST,CHINA,1,GATWICK,CHENGDU,85,0,85,11205,11205,0,-99.24141
16/04/2021 17:17,2020,65,FAR EAST,CHINA,1,GATWICK,SHANGHAI (PU DONG),24173,24173,0,79040,79040,0,-69.41675
16/04/2021 17:17,2020,65,FAR EAST,CHINA,1,HEATHROW,BEIJING,53437,53437,0,585832,585832,0,-90.87844
16/04/2021 17:17,2020,65,FAR EAST,CHINA,1,HEATHROW,BEIJING DAXING INTERNATIONAL AIRPORT,9564,9564,0,21928,21928,0,-56.38453
16/04/2021 17:17,2020,65,FAR EAST,CHINA,1,HEATHROW,CHANGSHA HUANGHUA INTERNATIONAL AIRPORT,4294,3768,526,43833,43833,0,-90.20373
16/04/2021 17:17,2020,65,FAR EAST,CHINA,1,HEATHROW,CHENGDU,6158,5667,491,41051,41051,0,-84.99915
16/04/2021 17:17,2020,65,FAR EAST,CHINA,1,HEATHROW,CHONGQING JIANGBEI INTERNATIONAL,2569,2057,512,28816,28816,0,-91.08481
16/04/2021 17:17,2020,65,FAR EAST,CHINA,1,HEATHROW,GUANGZHOU BAIYUN INTERNATIONAL,40220,40216,4,165630,165630,0,-75.71696
16/04/2021 17:17,2020,65,FAR EAST,CHINA,1,HEATHROW,HAIKOU,271,0,271,0,0,0,0
16/04/2021 17:17,2020,65,FAR EAST,CHINA,1,HEATHROW,HANGZHOU,140,0,140,0,0,0,0
16/04/2021 17:17,2020,65,FAR EAST,CHINA,1,HEATHROW,HEFEI,253,0,253,0,0,0,0
16/04/2021 17:17,2020,65,FAR EAST,CHINA,1,HEATHROW,JINAN YAOQIANG INTERNATIONAL,385,181,204,0,0,0,0
16/04/2021 17:17,2020,65,FAR EAST,CHINA,1,HEATHROW,NANJING LUKOU INTERNATIONAL,369,0,369,0,0,0,0
16/04/2021 17:17,2020,65,FAR EAST,CHINA,1,HEATHROW,QINGDAO,13718,13222,496,34369,34369,0,-60.08612
16/04/2021 17:17,2020,65,FAR EAST,CHINA,1,HEATHROW,SANYA PHOENIX INTERNATIONAL,2254,2254,0,16204,16204,0,-86.08985
16/04/2021 17:17,2020,65,FAR EAST,CHINA,1,HEATHROW,SHANGHAI (PU DONG),104273,104213,60,510675,510675,0,-79.58134
16/04/2021 17:17,2020,65,FAR EAST,CHINA,1,HEATHROW,SHENZHEN (HUANGTIAN),7249,6465,784,65841,65841,0,-88.99014
16/04/2021 17:17,2020,65,FAR EAST,CHINA,1,HEATHROW,TIANJIN,1404,1171,233,10031,10031,0,-86.00339
16/04/2021 17:17,2020,65,FAR EAST,CHINA,1,HEATHROW,WUHAN TIANHE INTERNATIONAL,4252,3999,253,54772,54772,0,-92.23691
16/04/2021 17:17,2020,65,FAR EAST,CHINA,1,HEATHROW,XIAN XIANYANG,5907,5418,489,45516,45516,0,-87.02215
16/04/2021 17:17,2020,65,FAR EAST,CHINA,1,HEATHROW,ZHENGZHOU XINZHENG,4060,3275,785,17938,17938,0,-77.36648
16/04/2021 17:17,2020,65,FAR EAST,CHINA,2,EDINBURGH,BEIJING,745,0,745,29214,29214,0,-97.44985
16/04/2021 17:17,2020,65,FAR EAST,CHINA,2,MANCHESTER,BEIJING,6072,6072,0,75274,75274,0,-91.93347
16/04/2021 17:17,2020,65,FAR EAST,CHINA,2,MANCHESTER,CHONGQING JIANGBEI INTERNATIONAL,6979,215,6764,0,0,0,0
16/04/2021 17:17,2020,65,FAR EAST,CHINA,2,MANCHESTER,GUANGZHOU BAIYUN INTERNATIONAL,501,0,501,0,0,0,0
16/04/2021 17:17,2020,65,FAR EAST,CHINA,2,MANCHESTER,HANGZHOU,164,164,0,0,0,0,0
16/04/2021 17:17,2020,65,FAR EAST,CHINA,2,MANCHESTER,JINAN YAOQIANG INTERNATIONAL,735,0,735,0,0,0,0
16/04/2021 17:17,2020,65,FAR EAST,CHINA,2,MANCHESTER,SHANGHAI (PU DONG),0,0,0,128,0,128,-100
16/04/2021 17:17,2020,65,FAR EAST,CHINA,2,MANCHESTER,TIANJIN,240,0,240,0,0,0,0
16/04/2021 17:17,2020,65,FAR EAST,HONG KONG,1,GATWICK,HONG KONG (CHEK LAP KOK),17259,17259,0,168823,168823,0,-89.77687
16/04/2021 17:17,2020,65,FAR EAST,HONG KONG,1,HEATHROW,HONG KONG (CHEK LAP KOK),352214,351490,724,1612530,1612530,0,-78.15768
16/04/2021 17:17,2020,65,FAR EAST,HONG KONG,2,ABERDEEN,HONG KONG (CHEK LAP KOK),50,0,50,0,0,0,0
16/04/2021 17:17,2020,65,FAR EAST,HONG KONG,2,MANCHESTER,HONG KONG (CHEK LAP KOK),33920,33920,0,195444,195444,0,-82.64465
16/04/2021 17:17,2020,65,FAR EAST,INDONESIA,1,HEATHROW,BALI INTERNATIONAL,1383,957,426,13102,13102,0,-89.44436
16/04/2021 17:17,2020,65,FAR EAST,INDONESIA,1,HEATHROW,JAKARTA (SOEKARNO-HATTA INTNL),0,0,0,9161,9161,0,-100
16/04/2021 17:17,2020,65,FAR EAST,INDONESIA,1,HEATHROW,KUALANAMU INTERNATIONAL AIRPORT,3201,3201,0,8608,8608,0,-62.81366
16/04/2021 17:17,2020,65,FAR EAST,JAPAN,1,HEATHROW,OSAKA (KANSAI),11133,11133,0,51706,51706,0,-78.46865
16/04/2021 17:17,2020,65,FAR EAST,JAPAN,1,HEATHROW,TOKYO (HANEDA),142681,142681,0,586226,586226,0,-75.66109
16/04/2021 17:17,2020,65,FAR EAST,JAPAN,1,HEATHROW,TOKYO (NARITA),26369,26369,0,137180,137180,0,-80.77781
16/04/2021 17:17,2020,65,FAR EAST,JAPAN,2,MANCHESTER,TOKYO (HANEDA),0,0,0,92,0,92,-100
16/04/2021 17:17,2020,65,FAR EAST,MALAYSIA,1,GATWICK,LANGKAWI,2598,0,2598,5218,0,5218,-50.21081
16/04/2021 17:17,2020,65,FAR EAST,MALAYSIA,1,HEATHROW,KUALA LUMPUR (SEPANG),114054,114054,0,478219,478219,0,-76.15026
16/04/2021 17:17,2020,65,FAR EAST,MALAYSIA,2,BIRMINGHAM,LANGKAWI,2646,0,2646,5268,0,5268,-49.77221
16/04/2021 17:17,2020,65,FAR EAST,MALAYSIA,2,MANCHESTER,LANGKAWI,2812,0,2812,5251,0,5251,-46.4483
16/04/2021 17:17,2020,65,FAR EAST,PHILIPPINES,1,GATWICK,CLARK INTERNATIONAL,426,0,426,0,0,0,0
16/04/2021 17:17,2020,65,FAR EAST,PHILIPPINES,1,GATWICK,MANILA,1114,0,1114,0,0,0,0
16/04/2021 17:17,2020,65,FAR EAST,PHILIPPINES,1,HEATHROW,CEBU,447,447,0,0,0,0,0
16/04/2021 17:17,2020,65,FAR EAST,PHILIPPINES,1,HEATHROW,CLARK INTERNATIONAL,671,671,0,0,0,0,0
16/04/2021 17:17,2020,65,FAR EAST,PHILIPPINES,1,HEATHROW,MANILA,34431,31883,2548,111217,111217,0,-69.0416
16/04/2021 17:17,2020,65,FAR EAST,REPUBLIC OF KOREA,1,HEATHROW,SEOUL (INCHEON),106712,106712,0,528363,528363,0,-79.80328
16/04/2021 17:17,2020,65,FAR EAST,SINGAPORE,1,GATWICK,SINGAPORE,0,0,0,4228,4228,0,-100
16/04/2021 17:17,2020,65,FAR EAST,SINGAPORE,1,HEATHROW,SINGAPORE,349219,349147,72,1526634,1526634,0,-77.1249
16/04/2021 17:17,2020,65,FAR EAST,SINGAPORE,2,MANCHESTER,SINGAPORE,21730,21730,0,92381,92381,0,-76.47785
16/04/2021 17:17,2020,65,FAR EAST,TAIWAN,1,GATWICK,TAIPEI,21951,21951,0,112445,112445,0,-80.47846
16/04/2021 17:17,2020,65,FAR EAST,TAIWAN,1,HEATHROW,TAIPEI,13590,13590,0,30465,30465,0,-55.39143
16/04/2021 17:17,2020,65,FAR EAST,THAILAND,1,GATWICK,PHUKET,6911,0,6911,14195,0,14195,-51.31384
16/04/2021 17:17,2020,65,FAR EAST,THAILAND,1,GATWICK,U-TAPAO,2695,0,2695,4488,0,4488,-39.95098
16/04/2021 17:17,2020,65,FAR EAST,THAILAND,1,HEATHROW,BANGKOK SUVARNABHUMI ,216277,209288,6989,863175,863175,0,-74.94401
16/04/2021 17:17,2020,65,FAR EAST,THAILAND,2,BIRMINGHAM,U-TAPAO,3542,263,3279,4661,0,4661,-24.00772
16/04/2021 17:17,2020,65,FAR EAST,THAILAND,2,MANCHESTER,PHUKET,6614,0,6614,13205,0,13205,-49.91291
16/04/2021 17:17,2020,65,FAR EAST,THAILAND,2,MANCHESTER,U-TAPAO,3158,0,3158,4627,0,4627,-31.74843
16/04/2021 17:17,2020,65,FAR EAST,VIETNAM,1,GATWICK,PHU QUOC INTERNATIONAL,5413,0,5413,8331,0,8331,-35.02581
16/04/2021 17:17,2020,65,FAR EAST,VIETNAM,1,HEATHROW,HANOI,22870,22870,0,89598,89598,0,-74.47488
16/04/2021 17:17,2020,65,FAR EAST,VIETNAM,1,HEATHROW,HO CHI MINH CITY,16209,16209,0,65413,65413,0,-75.22052
16/04/2021 17:17,2020,65,FAR EAST,VIETNAM,1,STANSTED,HO CHI MINH CITY,63,0,63,0,0,0,0
16/04/2021 17:17,2020,70,AUSTRALASIA,AUSTRALIA,1,HEATHROW,DARWIN,2470,2470,0,0,0,0,0
16/04/2021 17:17,2020,70,AUSTRALASIA,AUSTRALIA,1,HEATHROW,MELBOURNE,4635,4635,0,16769,16769,0,-72.35971
16/04/2021 17:17,2020,70,AUSTRALASIA,AUSTRALIA,1,HEATHROW,PERTH (AUSTRALIA),32130,32130,0,141724,141724,0,-77.32918
16/04/2021 17:17,2020,70,AUSTRALASIA,AUSTRALIA,1,HEATHROW,SYDNEY,44854,44854,0,179503,179465,38,-75.01212
16/04/2021 17:17,2020,70,AUSTRALASIA,NEW ZEALAND,1,HEATHROW,AUCKLAND INTERNATIONAL,4995,4995,0,17895,17895,0,-72.08718
16/04/2021 17:17,2020,75,CANADA,CANADA,1,GATWICK,CALGARY,30345,30345,0,179185,179185,0,-83.06499
16/04/2021 17:17,2020,75,CANADA,CANADA,1,GATWICK,EDMONTON,0,0,0,5430,5430,0,-100
16/04/2021 17:17,2020,75,CANADA,CANADA,1,GATWICK,HALIFAX INT,0,0,0,36559,36559,0,-100
16/04/2021 17:17,2020,75,CANADA,CANADA,1,GATWICK,MONTREAL (DORVAL),0,0,0,28158,28158,0,-100
16/04/2021 17:17,2020,75,CANADA,CANADA,1,GATWICK,TORONTO,85434,85434,0,436800,436800,0,-80.44093
16/04/2021 17:17,2020,75,CANADA,CANADA,1,GATWICK,VANCOUVER,0,0,0,154191,154191,0,-100
16/04/2021 17:17,2020,75,CANADA,CANADA,1,GATWICK,WINNIPEG,0,0,0,5248,5248,0,-100
16/04/2021 17:17,2020,75,CANADA,CANADA,1,HEATHROW,CALGARY,36986,36986,0,259720,259720,0,-85.75928
16/04/2021 17:17,2020,75,CANADA,CANADA,1,HEATHROW,HALIFAX INT,0,0,0,9884,9884,0,-100
16/04/2021 17:17,2020,75,CANADA,CANADA,1,HEATHROW,MONTREAL (DORVAL),73749,73749,0,320213,320213,0,-76.96877
16/04/2021 17:17,2020,75,CANADA,CANADA,1,HEATHROW,OTTAWA INTERNATIONAL,18601,18601,0,117614,117614,0,-84.18471
16/04/2021 17:17,2020,75,CANADA,CANADA,1,HEATHROW,ST JOHNS,0,0,0,3318,3318,0,-100
16/04/2021 17:17,2020,75,CANADA,CANADA,1,HEATHROW,TORONTO,292973,292973,0,1151792,1151792,0,-74.56372
16/04/2021 17:17,2020,75,CANADA,CANADA,1,HEATHROW,VANCOUVER,127505,127505,0,542568,542568,0,-76.49972
16/04/2021 17:17,2020,75,CANADA,CANADA,1,STANSTED,HALIFAX INT,0,0,0,48,0,48,-100
16/04/2021 17:17,2020,75,CANADA,CANADA,2,ABERDEEN,TORONTO,0,0,0,57,0,57,-100
16/04/2021 17:17,2020,75,CANADA,CANADA,2,BELFAST INTERNATIONAL,MONTREAL (DORVAL),0,0,0,10,0,10,-100
16/04/2021 17:17,2020,75,CANADA,CANADA,2,EAST MIDLANDS INTERNATIONAL,CALGARY,203,0,203,0,0,0,0
16/04/2021 17:17,2020,75,CANADA,CANADA,2,EDINBURGH,TORONTO,0,0,0,32396,32396,0,-100
16/04/2021 17:17,2020,75,CANADA,CANADA,2,GLASGOW,HALIFAX INT,0,0,0,30357,30357,0,-100
16/04/2021 17:17,2020,75,CANADA,CANADA,2,GLASGOW,TORONTO,9020,9020,0,103956,103956,0,-91.32325
16/04/2021 17:17,2020,75,CANADA,CANADA,2,HUMBERSIDE,HALIFAX INT,0,0,0,32,0,32,-100
16/04/2021 17:17,2020,75,CANADA,CANADA,2,MANCHESTER,MONTREAL (DORVAL),0,0,0,74,0,74,-100
16/04/2021 17:17,2020,75,CANADA,CANADA,2,MANCHESTER,TORONTO,13251,13251,0,149933,149933,0,-91.16205
16/04/2021 17:17,2020,75,CANADA,CANADA,2,MANCHESTER,VANCOUVER,0,0,0,35557,35557,0,-100
16/04/2021 17:17,2020,80,UNITED STATES OF AMERICA,USA,1,GATWICK,ATLANTA,0,0,0,175,175,0,-100
16/04/2021 17:17,2020,80,UNITED STATES OF AMERICA,USA,1,GATWICK,AUSTIN (BERGSTROM),3494,3494,0,62740,62740,0,-94.43099
16/04/2021 17:17,2020,80,UNITED STATES OF AMERICA,USA,1,GATWICK,BOSTON,32945,32945,0,221024,221024,0,-85.09438
16/04/2021 17:17,2020,80,UNITED STATES OF AMERICA,USA,1,GATWICK,CHICAGO (O'HARE),0,0,0,98447,98447,0,-100
16/04/2021 17:17,2020,80,UNITED STATES OF AMERICA,USA,1,GATWICK,CINCINNATI,0,0,0,154,0,154,-100
16/04/2021 17:17,2020,80,UNITED STATES OF AMERICA,USA,1,GATWICK,DENVER INTERNATIONAL,0,0,0,71140,71140,0,-100
16/04/2021 17:17,2020,80,UNITED STATES OF AMERICA,USA,1,GATWICK,FORT LAUDERDALE,0,0,0,97296,97296,0,-100
16/04/2021 17:17,2020,80,UNITED STATES OF AMERICA,USA,1,GATWICK,HONOLULU,237,0,237,0,0,0,0
16/04/2021 17:17,2020,80,UNITED STATES OF AMERICA,USA,1,GATWICK,LAS VEGAS,16725,16725,0,175567,175567,0,-90.47372
16/04/2021 17:17,2020,80,UNITED STATES OF AMERICA,USA,1,GATWICK,LOS ANGELES INTERNATIONAL,39200,39200,0,233689,233689,0,-83.22557
16/04/2021 17:17,2020,80,UNITED STATES OF AMERICA,USA,1,GATWICK,MIAMI INTERNATIONAL,35934,35934,0,143524,143524,0,-74.96307
16/04/2021 17:17,2020,80,UNITED STATES OF AMERICA,USA,1,GATWICK,NEW YORK (JF KENNEDY),114745,114745,0,699766,699688,78,-83.60238
16/04/2021 17:17,2020,80,UNITED STATES OF AMERICA,USA,1,GATWICK,NEW YORK (NEWARK),0,0,0,540,540,0,-100
16/04/2021 17:17,2020,80,UNITED STATES OF AMERICA,USA,1,GATWICK,OAKLAND,0,0,0,22609,22609,0,-100
16/04/2021 17:17,2020,80,UNITED STATES OF AMERICA,USA,1,GATWICK,ORLANDO,133715,133715,0,973978,973204,774,-86.27125
16/04/2021 17:17,2020,80,UNITED STATES OF AMERICA,USA,1,GATWICK,PHILADELPHIA INTERNATIONAL,0,0,0,32,32,0,-100
16/04/2021 17:17,2020,80,UNITED STATES OF AMERICA,USA,1,GATWICK,SAN FRANCISCO,22230,22230,0,116728,116551,177,-80.95573
16/04/2021 17:17,2020,80,UNITED STATES OF AMERICA,USA,1,GATWICK,SANFORD,0,0,0,36311,346,35965,-100
16/04/2021 17:17,2020,80,UNITED STATES OF AMERICA,USA,1,GATWICK,SEATTLE (TACOMA),0,0,0,72600,72600,0,-100
16/04/2021 17:17,2020,80,UNITED STATES OF AMERICA,USA,1,GATWICK,TAMPA,41457,41457,0,234071,233636,435,-82.28871
16/04/2021 17:17,2020,80,UNITED STATES OF AMERICA,USA,1,GATWICK,TETERBORO,0,0,0,1,0,1,-100
16/04/2021 17:17,2020,80,UNITED STATES OF AMERICA,USA,1,HEATHROW,ATLANTA,140492,140492,0,621852,621694,158,-77.40749
16/04/2021 17:17,2020,80,UNITED STATES OF AMERICA,USA,1,HEATHROW,AUSTIN (BERGSTROM),29216,29216,0,188349,188349,0,-84.48837
16/04/2021 17:17,2020,80,UNITED STATES OF AMERICA,USA,1,HEATHROW,BALTIMORE,22377,22377,0,136538,136538,0,-83.61116
16/04/2021 17:17,2020,80,UNITED STATES OF AMERICA,USA,1,HEATHROW,BOSTON,181294,181294,0,970239,970239,0,-81.3145
16/04/2021 17:17,2020,80,UNITED STATES OF AMERICA,USA,1,HEATHROW,CHARLESTON,0,0,0,19503,19503,0,-100
16/04/2021 17:17,2020,80,UNITED STATES OF AMERICA,USA,1,HEATHROW,CHARLOTTE,56536,56536,0,319493,319342,151,-82.30446
16/04/2021 17:17,2020,80,UNITED STATES OF AMERICA,USA,1,HEATHROW,CHICAGO (O'HARE),238020,238020,0,1250426,1250019,407,-80.96489
16/04/2021 17:17,2020,80,UNITED STATES OF AMERICA,USA,1,HEATHROW,CINCINNATI,0,0,0,154,0,154,-100
16/04/2021 17:17,2020,80,UNITED STATES OF AMERICA,USA,1,HEATHROW,DALLAS/FORT WORTH,210470,210470,0,778797,778797,0,-72.97499
16/04/2021 17:17,2020,80,UNITED STATES OF AMERICA,USA,1,HEATHROW,DENVER INTERNATIONAL,52596,52596,0,306275,306275,0,-82.8272
16/04/2021 17:17,2020,80,UNITED STATES OF AMERICA,USA,1,HEATHROW,DETROIT,23602,23602,0,236225,236225,0,-90.00868
16/04/2021 17:17,2020,80,UNITED STATES OF AMERICA,USA,1,HEATHROW,FORT LAUDERDALE,225,0,225,0,0,0,0
16/04/2021 17:17,2020,80,UNITED STATES OF AMERICA,USA,1,HEATHROW,HOUSTON,83269,83151,118,517011,516678,333,-83.89415
16/04/2021 17:17,2020,80,UNITED STATES OF AMERICA,USA,1,HEATHROW,INDIANAPOLIS,0,0,0,165,0,165,-100
16/04/2021 17:17,2020,80,UNITED STATES OF AMERICA,USA,1,HEATHROW,JACKSONVILLE,0,0,0,412,0,412,-100
16/04/2021 17:17,2020,80,UNITED STATES OF AMERICA,USA,1,HEATHROW,LAS VEGAS,77426,77426,0,352828,352828,0,-78.0556
16/04/2021 17:17,2020,80,UNITED STATES OF AMERICA,USA,1,HEATHROW,LOS ANGELES INTERNATIONAL,370164,369620,544,1602892,1602725,167,-76.90649
16/04/2021 17:17,2020,80,UNITED STATES OF AMERICA,USA,1,HEATHROW,MIAMI INTERNATIONAL,288335,287287,1048,1069986,1069986,0,-73.05245
16/04/2021 17:17,2020,80,UNITED STATES OF AMERICA,USA,1,HEATHROW,MINNEAPOLIS-ST PAUL,20384,20384,0,136000,136000,0,-85.01176
16/04/2021 17:17,2020,80,UNITED STATES OF AMERICA,USA,1,HEATHROW,NASHVILLE METROPOLITAN,15100,15100,0,100918,100918,0,-85.03736
16/04/2021 17:17,2020,80,UNITED STATES OF AMERICA,USA,1,HEATHROW,NEW ORLEANS,17586,17586,0,86390,86390,0,-79.64348
16/04/2021 17:17,2020,80,UNITED STATES OF AMERICA,USA,1,HEATHROW,NEW YORK (JF KENNEDY),659182,659182,0,3192195,3191631,564,-79.3502
16/04/2021 17:17,2020,80,UNITED STATES OF AMERICA,USA,1,HEATHROW,NEW YORK (NEWARK),196464,196464,0,977730,977730,0,-79.90611
16/04/2021 17:17,2020,80,UNITED STATES OF AMERICA,USA,1,HEATHROW,ORLANDO,0,0,0,1107,775,332,-100
16/04/2021 17:17,2020,80,UNITED STATES OF AMERICA,USA,1,HEATHROW,PHILADELPHIA INTERNATIONAL,69052,69052,0,480513,480513,0,-85.62953
16/04/2021 17:17,2020,80,UNITED STATES OF AMERICA,USA,1,HEATHROW,PHOENIX,52122,52122,0,312469,312469,0,-83.31931
16/04/2021 17:17,2020,80,UNITED STATES OF AMERICA,USA,1,HEATHROW,PITTSBURGH,9923,9923,0,51602,51602,0,-80.77013
16/04/2021 17:17,2020,80,UNITED STATES OF AMERICA,USA,1,HEATHROW,PORTLAND (OREGON),0,0,0,57481,57481,0,-100
16/04/2021 17:17,2020,80,UNITED STATES OF AMERICA,USA,1,HEATHROW,RALEIGH,21239,21239,0,143348,143348,0,-85.18361
16/04/2021 17:17,2020,80,UNITED STATES OF AMERICA,USA,1,HEATHROW,SALT LAKE CITY,18478,18478,0,80607,80607,0,-77.07643
16/04/2021 17:17,2020,80,UNITED STATES OF AMERICA,USA,1,HEATHROW,SAN DIEGO,34195,34195,0,173448,173448,0,-80.28516
16/04/2021 17:17,2020,80,UNITED STATES OF AMERICA,USA,1,HEATHROW,SAN FRANCISCO,194126,194126,0,1075554,1075554,0,-81.95107
16/04/2021 17:17,2020,80,UNITED STATES OF AMERICA,USA,1,HEATHROW,SAN JOSE,17675,17675,0,117896,117896,0,-85.00797
16/04/2021 17:17,2020,80,UNITED STATES OF AMERICA,USA,1,HEATHROW,SEATTLE (TACOMA),75783,75783,0,426192,426192,0,-82.21858
16/04/2021 17:17,2020,80,UNITED STATES OF AMERICA,USA,1,HEATHROW,WASHINGTON (DULLES),177565,177299,266,842269,841889,380,-78.91826
16/04/2021 17:17,2020,80,UNITED STATES OF AMERICA,USA,1,LONDON CITY,NEW YORK (JF KENNEDY),2040,2040,0,10461,10461,0,-80.499
16/04/2021 17:17,2020,80,UNITED STATES OF AMERICA,USA,1,LUTON,WASHINGTON (DULLES),0,0,0,15,0,15,-100
16/04/2021 17:17,2020,80,UNITED STATES OF AMERICA,USA,1,STANSTED,BOSTON,0,0,0,24,0,24,-100
16/04/2021 17:17,2020,80,UNITED STATES OF AMERICA,USA,1,STANSTED,CHARLOTTE,0,0,0,79,0,79,-100
16/04/2021 17:17,2020,80,UNITED STATES OF AMERICA,USA,1,STANSTED,COLUMBUS,0,0,0,756,0,756,-100
16/04/2021 17:17,2020,80,UNITED STATES OF AMERICA,USA,1,STANSTED,COLUMBUS RICKENBACKER AFB,0,0,0,252,0,252,-100
16/04/2021 17:17,2020,80,UNITED STATES OF AMERICA,USA,1,STANSTED,NEW YORK (NEWARK),0,0,0,329,329,0,-100
16/04/2021 17:17,2020,80,UNITED STATES OF AMERICA,USA,1,STANSTED,TAMPA,0,0,0,179,0,179,-100
16/04/2021 17:17,2020,80,UNITED STATES OF AMERICA,USA,2,BELFAST INTERNATIONAL,MEMPHIS,0,0,0,98,0,98,-100
16/04/2021 17:17,2020,80,UNITED STATES OF AMERICA,USA,2,BELFAST INTERNATIONAL,MOLINE (QUAD CITY),0,0,0,51,0,51,-100
16/04/2021 17:17,2020,80,UNITED STATES OF AMERICA,USA,2,BELFAST INTERNATIONAL,ORLANDO,0,0,0,17214,16051,1163,-100
16/04/2021 17:17,2020,80,UNITED STATES OF AMERICA,USA,2,BIGGIN HILL,WASHINGTON (DULLES),4,0,4,0,0,0,0
16/04/2021 17:17,2020,80,UNITED STATES OF AMERICA,USA,2,BIRMINGHAM,SANFORD,0,0,0,17803,0,17803,-100
16/04/2021 17:17,2020,80,UNITED STATES OF AMERICA,USA,2,BIRMINGHAM,WASHINGTON (DULLES),0,0,0,319,319,0,-100
16/04/2021 17:17,2020,80,UNITED STATES OF AMERICA,USA,2,BRISTOL,SANFORD,0,0,0,16497,0,16497,-100
16/04/2021 17:17,2020,80,UNITED STATES OF AMERICA,USA,2,CARDIFF WALES,BOSTON,0,0,0,2,2,0,-100
16/04/2021 17:17,2020,80,UNITED STATES OF AMERICA,USA,2,DONCASTER SHEFFIELD,SANFORD,0,0,0,10971,0,10971,-100
16/04/2021 17:17,2020,80,UNITED STATES OF AMERICA,USA,2,EAST MIDLANDS INTERNATIONAL,BANGOR,8,0,8,0,0,0,0
16/04/2021 17:17,2020,80,UNITED STATES OF AMERICA,USA,2,EAST MIDLANDS INTERNATIONAL,NEW YORK (NEWARK),0,0,0,650,650,0,-100
16/04/2021 17:17,2020,80,UNITED STATES OF AMERICA,USA,2,EAST MIDLANDS INTERNATIONAL,SANFORD,0,0,0,11099,0,11099,-100
16/04/2021 17:17,2020,80,UNITED STATES OF AMERICA,USA,2,EDINBURGH,BOSTON,0,0,0,29296,29296,0,-100
16/04/2021 17:17,2020,80,UNITED STATES OF AMERICA,USA,2,EDINBURGH,CHICAGO (O'HARE),0,0,0,47594,47594,0,-100
16/04/2021 17:17,2020,80,UNITED STATES OF AMERICA,USA,2,EDINBURGH,COLUMBUS,0,0,0,261,0,261,-100
16/04/2021 17:17,2020,80,UNITED STATES OF AMERICA,USA,2,EDINBURGH,COLUMBUS RICKENBACKER AFB,0,0,0,263,0,263,-100
16/04/2021 17:17,2020,80,UNITED STATES OF AMERICA,USA,2,EDINBURGH,DETROIT,114,0,114,0,0,0,0
16/04/2021 17:17,2020,80,UNITED STATES OF AMERICA,USA,2,EDINBURGH,NEW YORK (JF KENNEDY),13074,13074,0,84532,84532,0,-84.53367
16/04/2021 17:17,2020,80,UNITED STATES OF AMERICA,USA,2,EDINBURGH,NEW YORK (NEWARK),21929,21929,0,113144,113144,0,-80.6185
16/04/2021 17:17,2020,80,UNITED STATES OF AMERICA,USA,2,EDINBURGH,NEWBURGH/USA,0,0,0,10585,10585,0,-100
16/04/2021 17:17,2020,80,UNITED STATES OF AMERICA,USA,2,EDINBURGH,PHILADELPHIA INTERNATIONAL,0,0,0,63347,63347,0,-100
16/04/2021 17:17,2020,80,UNITED STATES OF AMERICA,USA,2,EDINBURGH,PORTLAND (MAINE),0,0,0,155,155,0,-100
16/04/2021 17:17,2020,80,UNITED STATES OF AMERICA,USA,2,EDINBURGH,SANFORD,0,0,0,2329,0,2329,-100
16/04/2021 17:17,2020,80,UNITED STATES OF AMERICA,USA,2,EDINBURGH,WASHINGTON (DULLES),0,0,0,38289,38289,0,-100
16/04/2021 17:17,2020,80,UNITED STATES OF AMERICA,USA,2,GLASGOW,DETROIT,142,0,142,0,0,0,0
16/04/2021 17:17,2020,80,UNITED STATES OF AMERICA,USA,2,GLASGOW,LAS VEGAS,0,0,0,639,639,0,-100
16/04/2021 17:17,2020,80,UNITED STATES OF AMERICA,USA,2,GLASGOW,NEW YORK (JF KENNEDY),0,0,0,38104,38104,0,-100
16/04/2021 17:17,2020,80,UNITED STATES OF AMERICA,USA,2,GLASGOW,NEW YORK (NEWARK),0,0,0,49228,49228,0,-100
16/04/2021 17:17,2020,80,UNITED STATES OF AMERICA,USA,2,GLASGOW,ORLANDO,262,262,0,74419,73987,432,-99.64794
16/04/2021 17:17,2020,80,UNITED STATES OF AMERICA,USA,2,GLASGOW,SANFORD,0,0,0,17298,8,17290,-100
16/04/2021 17:17,2020,80,UNITED STATES OF AMERICA,USA,2,LEEDS BRADFORD,NEW YORK (NEWARK),220,220,0,1776,1776,0,-87.61261
16/04/2021 17:17,2020,80,UNITED STATES OF AMERICA,USA,2,LIVERPOOL (JOHN LENNON),LOS ANGELES INTERNATIONAL,0,0,0,3,0,3,-100
16/04/2021 17:17,2020,80,UNITED STATES OF AMERICA,USA,2,MANCHESTER,ATLANTA,15765,15765,0,174853,174853,0,-90.98386
16/04/2021 17:17,2020,80,UNITED STATES OF AMERICA,USA,2,MANCHESTER,BOSTON,0,0,0,23172,23172,0,-100
16/04/2021 17:17,2020,80,UNITED STATES OF AMERICA,USA,2,MANCHESTER,HOUSTON,11199,11199,0,67967,67967,0,-83.52289
16/04/2021 17:17,2020,80,UNITED STATES OF AMERICA,USA,2,MANCHESTER,LAS VEGAS,0,0,0,130542,130542,0,-100
16/04/2021 17:17,2020,80,UNITED STATES OF AMERICA,USA,2,MANCHESTER,LOS ANGELES INTERNATIONAL,0,0,0,47163,47163,0,-100
16/04/2021 17:17,2020,80,UNITED STATES OF AMERICA,USA,2,MANCHESTER,NEW YORK (JF KENNEDY),36605,36605,0,341820,341820,0,-89.29115
16/04/2021 17:17,2020,80,UNITED STATES OF AMERICA,USA,2,MANCHESTER,NEW YORK (NEWARK),26501,26501,0,143746,143594,152,-81.56401
16/04/2021 17:17,2020,80,UNITED STATES OF AMERICA,USA,2,MANCHESTER,ORLANDO,49505,49505,0,485690,484698,992,-89.80728
16/04/2021 17:17,2020,80,UNITED STATES OF AMERICA,USA,2,MANCHESTER,PHILADELPHIA INTERNATIONAL,20147,20147,0,119813,119813,0,-83.18463
16/04/2021 17:17,2020,80,UNITED STATES OF AMERICA,USA,2,MANCHESTER,SAN FRANCISCO,0,0,0,32060,32060,0,-100
16/04/2021 17:17,2020,80,UNITED STATES OF AMERICA,USA,2,MANCHESTER,SANFORD,0,0,0,39709,0,39709,-100
16/04/2021 17:17,2020,80,UNITED STATES OF AMERICA,USA,2,MANCHESTER,SEATTLE (TACOMA),0,0,0,13160,13160,0,-100
16/04/2021 17:17,2020,80,UNITED STATES OF AMERICA,USA,2,MANCHESTER,SOUTH BEND (MICHIANA),0,0,0,147,0,147,-100
16/04/2021 17:17,2020,80,UNITED STATES OF AMERICA,USA,2,NEWCASTLE,NEW YORK (NEWARK),0,0,0,2795,2795,0,-100
16/04/2021 17:17,2020,80,UNITED STATES OF AMERICA,USA,2,NEWCASTLE,SANFORD,0,0,0,14607,14607,0,-100
16/04/2021 17:17,2020,80,UNITED STATES OF AMERICA,USA,2,PRESTWICK,NEW YORK (JF KENNEDY),0,0,0,127,0,127,-100
16/04/2021 17:17,2020,85,CENTRAL AMERICA,COSTA RICA,1,GATWICK,LIBERIA,7077,0,7077,30665,0,30665,-76.92157
16/04/2021 17:17,2020,85,CENTRAL AMERICA,COSTA RICA,1,GATWICK,SAN JOSE COST RICA,19767,19767,0,57189,57189,0,-65.43566
16/04/2021 17:17,2020,85,CENTRAL AMERICA,COSTA RICA,1,HEATHROW,SAN JOSE COST RICA,172,0,172,0,0,0,0
16/04/2021 17:17,2020,85,CENTRAL AMERICA,CUBA,1,GATWICK,CUNAGUA (CAYO COCO),0,0,0,14044,14003,41,-100
16/04/2021 17:17,2020,85,CENTRAL AMERICA,CUBA,1,GATWICK,HAVANA,11104,11104,0,49643,49643,0,-77.63229
16/04/2021 17:17,2020,85,CENTRAL AMERICA,CUBA,1,GATWICK,HOLGUIN (FRANK PAIS),0,0,0,23371,23120,251,-100
16/04/2021 17:17,2020,85,CENTRAL AMERICA,CUBA,1,GATWICK,VARADERO,2661,0,2661,0,0,0,0
16/04/2021 17:17,2020,85,CENTRAL AMERICA,CUBA,1,HEATHROW,HAVANA,996,342,654,0,0,0,0
16/04/2021 17:17,2020,85,CENTRAL AMERICA,CUBA,2,GLASGOW,CUNAGUA (CAYO COCO),0,0,0,648,648,0,-100
16/04/2021 17:17,2020,85,CENTRAL AMERICA,CUBA,2,MANCHESTER,CUNAGUA (CAYO COCO),0,0,0,22431,22431,0,-100
16/04/2021 17:17,2020,85,CENTRAL AMERICA,CUBA,2,MANCHESTER,HOLGUIN (FRANK PAIS),0,0,0,27961,27961,0,-100
16/04/2021 17:17,2020,85,CENTRAL AMERICA,CUBA,2,MANCHESTER,VARADERO,3794,0,3794,23661,23661,0,-83.96517
16/04/2021 17:17,2020,85,CENTRAL AMERICA,DOMINICAN REPUBLIC,1,GATWICK,PUNTA CANA,48382,32073,16309,182397,98825,83572,-73.47434
16/04/2021 17:17,2020,85,CENTRAL AMERICA,DOMINICAN REPUBLIC,1,HEATHROW,PUNTA CANA,162,0,162,0,0,0,0
16/04/2021 17:17,2020,85,CENTRAL AMERICA,DOMINICAN REPUBLIC,2,BIRMINGHAM,PUNTA CANA,0,0,0,37319,0,37319,-100
16/04/2021 17:17,2020,85,CENTRAL AMERICA,DOMINICAN REPUBLIC,2,MANCHESTER,LA ROMANA,1082,0,1082,0,0,0,0
16/04/2021 17:17,2020,85,CENTRAL AMERICA,DOMINICAN REPUBLIC,2,MANCHESTER,PUNTA CANA,15000,0,15000,96757,27862,68895,-84.49725
16/04/2021 17:17,2020,85,CENTRAL AMERICA,HONDURAS,1,HEATHROW,SAN PEDRO SULA,285,0,285,0,0,0,0
16/04/2021 17:17,2020,85,CENTRAL AMERICA,MEXICO,1,GATWICK,CANCUN,65786,65786,0,337866,336248,1618,-80.52897
16/04/2021 17:17,2020,85,CENTRAL AMERICA,MEXICO,1,GATWICK,LOS CABOS,6162,0,6162,4009,0,4009,53.70417
16/04/2021 17:17,2020,85,CENTRAL AMERICA,MEXICO,1,GATWICK,MEXICO CITY,141,0,141,0,0,0,0
16/04/2021 17:17,2020,85,CENTRAL AMERICA,MEXICO,1,GATWICK,PUERTO VALLARTA,0,0,0,25440,0,25440,-100
16/04/2021 17:17,2020,85,CENTRAL AMERICA,MEXICO,1,HEATHROW,MEXICO CITY,60549,60549,0,261877,261877,0,-76.87884
16/04/2021 17:17,2020,85,CENTRAL AMERICA,MEXICO,1,HEATHROW,PUERTO VALLARTA,0,0,0,287,0,287,-100
16/04/2021 17:17,2020,85,CENTRAL AMERICA,MEXICO,2,BELFAST INTERNATIONAL,CANCUN,0,0,0,1260,0,1260,-100
16/04/2021 17:17,2020,85,CENTRAL AMERICA,MEXICO,2,BIRMINGHAM,CANCUN,15901,15901,0,65236,65236,0,-75.62542
16/04/2021 17:17,2020,85,CENTRAL AMERICA,MEXICO,2,BRISTOL,CANCUN,0,0,0,32191,26452,5739,-100
16/04/2021 17:17,2020,85,CENTRAL AMERICA,MEXICO,2,EAST MIDLANDS INTERNATIONAL,CANCUN,0,0,0,10102,10102,0,-100
16/04/2021 17:17,2020,85,CENTRAL AMERICA,MEXICO,2,EAST MIDLANDS INTERNATIONAL,MERIDA,51,0,51,0,0,0,0
16/04/2021 17:17,2020,85,CENTRAL AMERICA,MEXICO,2,EDINBURGH,CANCUN,0,0,0,2366,2366,0,-100
16/04/2021 17:17,2020,85,CENTRAL AMERICA,MEXICO,2,GLASGOW,CANCUN,0,0,0,42914,33392,9522,-100
16/04/2021 17:17,2020,85,CENTRAL AMERICA,MEXICO,2,MANCHESTER,CANCUN,22636,22429,207,283126,278648,4478,-92.00497
16/04/2021 17:17,2020,85,CENTRAL AMERICA,MEXICO,2,MANCHESTER,PUERTO VALLARTA,16036,0,16036,37980,0,37980,-57.77778
16/04/2021 17:17,2020,85,CENTRAL AMERICA,MEXICO,2,NEWCASTLE,CANCUN,0,0,0,28067,28067,0,-100
16/04/2021 17:17,2020,90,SOUTH AMERICA,ARGENTINA,1,GATWICK,BUENOS AIRES,32579,32251,328,187531,187531,0,-82.62741
16/04/2021 17:17,2020,90,SOUTH AMERICA,ARGENTINA,1,HEATHROW,BUENOS AIRES,41390,41137,253,173728,173728,0,-76.1754
16/04/2021 17:17,2020,90,SOUTH AMERICA,BRAZIL,1,GATWICK,MANAUS-EDUARDO GOMES,0,0,0,610,0,610,-100
16/04/2021 17:17,2020,90,SOUTH AMERICA,BRAZIL,1,GATWICK,RIO DE JANEIRO (GALEAO),22968,22968,0,85554,85554,0,-73.1538
16/04/2021 17:17,2020,90,SOUTH AMERICA,BRAZIL,1,HEATHROW,RECIFE,172,0,172,0,0,0,0
16/04/2021 17:17,2020,90,SOUTH AMERICA,BRAZIL,1,HEATHROW,RIO DE JANEIRO (GALEAO),31554,31554,0,137822,137822,0,-77.10525
16/04/2021 17:17,2020,90,SOUTH AMERICA,BRAZIL,1,HEATHROW,SAO PAULO (GUARULHOS),164708,164061,647,450794,450794,0,-63.46269
16/04/2021 17:17,2020,90,SOUTH AMERICA,BRAZIL,2,MANCHESTER,MANAUS-EDUARDO GOMES,0,0,0,615,307,308,-100
16/04/2021 17:17,2020,90,SOUTH AMERICA,BRAZIL,2,MANCHESTER,RECIFE,25,0,25,0,0,0,0
16/04/2021 17:17,2020,90,SOUTH AMERICA,CHILE,1,HEATHROW,SANTIAGO DE CHILE,24514,24332,182,93407,93407,0,-73.75571
16/04/2021 17:17,2020,90,SOUTH AMERICA,COLOMBIA,1,HEATHROW,BOGOTA,38222,38044,178,161232,161232,0,-76.29379
16/04/2021 17:17,2020,90,SOUTH AMERICA,COLOMBIA,1,HEATHROW,CARTAGENA,204,0,204,0,0,0,0
16/04/2021 17:17,2020,90,SOUTH AMERICA,ECUADOR,1,GATWICK,GUAYAQUIL,155,0,155,0,0,0,0
16/04/2021 17:17,2020,90,SOUTH AMERICA,ECUADOR,1,HEATHROW,GUAYAQUIL,175,0,175,0,0,0,0
16/04/2021 17:17,2020,90,SOUTH AMERICA,ECUADOR,1,HEATHROW,MARISCAL SUCRE INTERNATIONAL,77,0,77,0,0,0,0
16/04/2021 17:17,2020,90,SOUTH AMERICA,GUYANA,1,HEATHROW,GEORGETOWN (GUYANA),949,0,949,0,0,0,0
16/04/2021 17:17,2020,90,SOUTH AMERICA,GUYANA,1,STANSTED,GEORGETOWN (GUYANA),92,0,92,0,0,0,0
16/04/2021 17:17,2020,90,SOUTH AMERICA,GUYANA,2,GLASGOW,GEORGETOWN (GUYANA),135,0,135,0,0,0,0
16/04/2021 17:17,2020,90,SOUTH AMERICA,PERU,1,GATWICK,JORGE CHAVEZ INTERNATIONAL,577,0,577,43281,43281,0,-98.66685
16/04/2021 17:17,2020,90,SOUTH AMERICA,PERU,1,HEATHROW,JORGE CHAVEZ INTERNATIONAL,1203,0,1203,0,0,0,0
16/04/2021 17:17,2020,95,CARIBBEAN AREA,ANTIGUA AND BARBUDA,1,GATWICK,ANTIGUA,72050,72050,0,193095,193095,0,-62.68676
16/04/2021 17:17,2020,95,CARIBBEAN AREA,ANTIGUA AND BARBUDA,1,HEATHROW,ANTIGUA,4041,3809,232,0,0,0,0
16/04/2021 17:17,2020,95,CARIBBEAN AREA,ANTIGUA AND BARBUDA,2,MANCHESTER,ANTIGUA,75,0,75,3910,3910,0,-98.08184
16/04/2021 17:17,2020,95,CARIBBEAN AREA,ANTIGUA AND BARBUDA,2,MANCHESTER,ST MAARTEN,232,0,232,0,0,0,0
16/04/2021 17:17,2020,95,CARIBBEAN AREA,BAHAMAS,1,HEATHROW,FREEPORT,117,0,117,0,0,0,0
16/04/2021 17:17,2020,95,CARIBBEAN AREA,BAHAMAS,1,HEATHROW,NASSAU,13324,12971,353,57335,57335,0,-76.76114
16/04/2021 17:17,2020,95,CARIBBEAN AREA,BARBADOS,1,GATWICK,BRIDGETOWN,179585,133193,46392,506291,411954,94337,-64.52929
16/04/2021 17:17,2020,95,CARIBBEAN AREA,BARBADOS,1,HEATHROW,BRIDGETOWN,27965,24087,3878,7448,7143,305,275.46992
16/04/2021 17:17,2020,95,CARIBBEAN AREA,BARBADOS,1,STANSTED,BRIDGETOWN,294,0,294,546,0,546,-46.15385
16/04/2021 17:17,2020,95,CARIBBEAN AREA,BARBADOS,2,BELFAST INTERNATIONAL,BRIDGETOWN,567,0,567,578,0,578,-1.90311
16/04/2021 17:17,2020,95,CARIBBEAN AREA,BARBADOS,2,BIRMINGHAM,BRIDGETOWN,28564,0,28564,52370,0,52370,-45.45732
16/04/2021 17:17,2020,95,CARIBBEAN AREA,BARBADOS,2,BOURNEMOUTH,BRIDGETOWN,1245,0,1245,1457,0,1457,-14.55045
16/04/2021 17:17,2020,95,CARIBBEAN AREA,BARBADOS,2,BRISTOL,BRIDGETOWN,603,0,603,581,0,581,3.78657
16/04/2021 17:17,2020,95,CARIBBEAN AREA,BARBADOS,2,CARDIFF WALES,BRIDGETOWN,1775,0,1775,4290,0,4290,-58.62471
16/04/2021 17:17,2020,95,CARIBBEAN AREA,BARBADOS,2,DONCASTER SHEFFIELD,BRIDGETOWN,611,0,611,622,0,622,-1.76849
16/04/2021 17:17,2020,95,CARIBBEAN AREA,BARBADOS,2,EAST MIDLANDS INTERNATIONAL,BRIDGETOWN,0,0,0,464,0,464,-100
16/04/2021 17:17,2020,95,CARIBBEAN AREA,BARBADOS,2,GLASGOW,BRIDGETOWN,4170,391,3779,6705,0,6705,-37.80761
16/04/2021 17:17,2020,95,CARIBBEAN AREA,BARBADOS,2,MANCHESTER,BRIDGETOWN,52679,21740,30939,145660,74575,71085,-63.83427
16/04/2021 17:17,2020,95,CARIBBEAN AREA,BARBADOS,2,NEWCASTLE,BRIDGETOWN,2404,2404,0,4785,4785,0,-49.75967
16/04/2021 17:17,2020,95,CARIBBEAN AREA,BERMUDA,1,GATWICK,BERMUDA,32440,32440,0,98469,98469,0,-67.05562
16/04/2021 17:17,2020,95,CARIBBEAN AREA,BERMUDA,1,HEATHROW,BERMUDA,298,0,298,0,0,0,0
16/04/2021 17:17,2020,95,CARIBBEAN AREA,BERMUDA,2,HUMBERSIDE,BERMUDA,0,0,0,32,0,32,-100
16/04/2021 17:17,2020,95,CARIBBEAN AREA,CAYMAN ISLANDS,1,GATWICK,GRAND CAYMAN,498,0,498,0,0,0,0
16/04/2021 17:17,2020,95,CARIBBEAN AREA,CAYMAN ISLANDS,1,HEATHROW,GRAND CAYMAN,12752,11325,1427,38326,38326,0,-66.72755
16/04/2021 17:17,2020,95,CARIBBEAN AREA,GRENADA,1,GATWICK,GRENADA,14815,14815,0,35992,35992,0,-58.83808
16/04/2021 17:17,2020,95,CARIBBEAN AREA,GRENADA,1,HEATHROW,GRENADA,293,293,0,0,0,0,0
16/04/2021 17:17,2020,95,CARIBBEAN AREA,GUADELOUPE,1,HEATHROW,POINTE A PITRE GUADELOUPE,166,0,166,0,0,0,0
16/04/2021 17:17,2020,95,CARIBBEAN AREA,ISLE OF CURACAO NETH.ANTILLES,1,GATWICK,ARUBA,1123,0,1123,13762,0,13762,-91.83985
16/04/2021 17:17,2020,95,CARIBBEAN AREA,ISLE OF CURACAO NETH.ANTILLES,1,HEATHROW,CURACAO,225,0,225,0,0,0,0
16/04/2021 17:17,2020,95,CARIBBEAN AREA,ISLE OF CURACAO NETH.ANTILLES,1,STANSTED,ARUBA,0,0,0,294,0,294,-100
16/04/2021 17:17,2020,95,CARIBBEAN AREA,ISLE OF CURACAO NETH.ANTILLES,1,STANSTED,CURACAO,19,19,0,0,0,0,0
16/04/2021 17:17,2020,95,CARIBBEAN AREA,JAMAICA,1,GATWICK,KINGSTON,44145,43789,356,99935,99813,122,-55.82629
16/04/2021 17:17,2020,95,CARIBBEAN AREA,JAMAICA,1,GATWICK,MONTEGO BAY,51756,27065,24691,209524,101409,108115,-75.2983
16/04/2021 17:17,2020,95,CARIBBEAN AREA,JAMAICA,1,HEATHROW,KINGSTON,167,0,167,0,0,0,0
16/04/2021 17:17,2020,95,CARIBBEAN AREA,JAMAICA,1,HEATHROW,MONTEGO BAY,5564,5564,0,250,0,250,2125.6
16/04/2021 17:17,2020,95,CARIBBEAN AREA,JAMAICA,1,STANSTED,KINGSTON,0,0,0,316,0,316,-100
16/04/2021 17:17,2020,95,CARIBBEAN AREA,JAMAICA,1,STANSTED,MONTEGO BAY,0,0,0,1117,0,1117,-100
16/04/2021 17:17,2020,95,CARIBBEAN AREA,JAMAICA,2,BIRMINGHAM,MONTEGO BAY,7505,0,7505,47416,0,47416,-84.17201
16/04/2021 17:17,2020,95,CARIBBEAN AREA,JAMAICA,2,BRISTOL,MONTEGO BAY,0,0,0,600,0,600,-100
16/04/2021 17:17,2020,95,CARIBBEAN AREA,JAMAICA,2,CARDIFF WALES,MONTEGO BAY,1188,0,1188,1185,0,1185,0.25316
16/04/2021 17:17,2020,95,CARIBBEAN AREA,JAMAICA,2,DONCASTER SHEFFIELD,KINGSTON,119,0,119,0,0,0,0
16/04/2021 17:17,2020,95,CARIBBEAN AREA,JAMAICA,2,DONCASTER SHEFFIELD,MONTEGO BAY,611,0,611,609,0,609,0.32841
16/04/2021 17:17,2020,95,CARIBBEAN AREA,JAMAICA,2,EAST MIDLANDS INTERNATIONAL,MONTEGO BAY,0,0,0,593,0,593,-100
16/04/2021 17:17,2020,95,CARIBBEAN AREA,JAMAICA,2,GLASGOW,MONTEGO BAY,878,0,878,4109,0,4109,-78.63227
16/04/2021 17:17,2020,95,CARIBBEAN AREA,JAMAICA,2,MANCHESTER,MONTEGO BAY,24424,0,24424,99610,12179,87431,-75.48037
16/04/2021 17:17,2020,95,CARIBBEAN AREA,JAMAICA,2,NEWCASTLE,MONTEGO BAY,1198,1198,0,1199,1199,0,-0.0834
16/04/2021 17:17,2020,95,CARIBBEAN AREA,SAINT KITTS AND NEVIS,1,GATWICK,ST KITTS,4334,4334,0,18191,18191,0,-76.17503
16/04/2021 17:17,2020,95,CARIBBEAN AREA,ST LUCIA,1,GATWICK,ST LUCIA (HEWANORRA),64435,58693,5742,199288,167606,31682,-67.6674
16/04/2021 17:17,2020,95,CARIBBEAN AREA,ST LUCIA,1,HEATHROW,ST LUCIA (HEWANORRA),29,29,0,0,0,0,0
16/04/2021 17:17,2020,95,CARIBBEAN AREA,ST LUCIA,2,MANCHESTER,ST LUCIA (HEWANORRA),2407,0,2407,3389,3389,0,-28.9761
16/04/2021 17:17,2020,95,CARIBBEAN AREA,TRINIDAD AND TOBAGO,1,GATWICK,PORT OF SPAIN,15152,15152,0,66712,66712,0,-77.28744
16/04/2021 17:17,2020,95,CARIBBEAN AREA,TRINIDAD AND TOBAGO,1,GATWICK,TOBAGO,8961,8961,0,28918,28918,0,-69.01238
16/04/2021 17:17,2020,95,CARIBBEAN AREA,TRINIDAD AND TOBAGO,2,MANCHESTER,TOBAGO,0,0,0,3462,3462,0,-100
16/04/2021 17:17,2020,95,CARIBBEAN AREA,TURKS AND CAICOS ISLANDS,1,GATWICK,PROVIDENCIALES,2710,2710,0,12165,12165,0,-77.72298
16/04/2021 17:17,2020,95,CARIBBEAN AREA,TURKS AND CAICOS ISLANDS,1,HEATHROW,PROVIDENCIALES,338,0,338,0,0,0,0
16/04/2021 17:17,2020,100,INDIAN OCEAN ISLANDS,MALDIVE ISLANDS,1,GATWICK,MALE INTERNATIONAL,20929,20929,0,31893,31893,0,-34.37745
16/04/2021 17:17,2020,100,INDIAN OCEAN ISLANDS,MALDIVE ISLANDS,1,HEATHROW,MALE INTERNATIONAL,12692,12692,0,0,0,0,0
16/04/2021 17:17,2020,100,INDIAN OCEAN ISLANDS,MAURITIUS,1,GATWICK,MAURITIUS,35488,35488,0,132011,132011,0,-73.11739
16/04/2021 17:17,2020,100,INDIAN OCEAN ISLANDS,MAURITIUS,1,HEATHROW,MAURITIUS,19338,19034,304,86332,86332,0,-77.60043
16/04/2021 17:17,2020,100,INDIAN OCEAN ISLANDS,SEYCHELLES,1,HEATHROW,SEYCHELLES,9995,9995,0,38525,38525,0,-74.05581
16/04/2021 17:17,2020,105,ATLANTIC OCEAN ISLANDS,ASCENSION ISLAND,1,STANSTED,SAINT HELENA,107,0,107,0,0,0,0
16/04/2021 17:17,2020,105,ATLANTIC OCEAN ISLANDS,CAPE VERDE ISLANDS,1,GATWICK,BOA VISTA (RABIL),20097,19466,631,88603,88603,0,-77.31792
16/04/2021 17:17,2020,105,ATLANTIC OCEAN ISLANDS,CAPE VERDE ISLANDS,1,GATWICK,ILHA DO SAL C.VERDE,15354,14729,625,75882,75882,0,-79.76595
16/04/2021 17:17,2020,105,ATLANTIC OCEAN ISLANDS,CAPE VERDE ISLANDS,1,STANSTED,ILHA DO SAL C.VERDE,217,0,217,0,0,0,0
16/04/2021 17:17,2020,105,ATLANTIC OCEAN ISLANDS,CAPE VERDE ISLANDS,2,BIGGIN HILL,ILHA DO SAL C.VERDE,7,0,7,0,0,0,0
16/04/2021 17:17,2020,105,ATLANTIC OCEAN ISLANDS,CAPE VERDE ISLANDS,2,BIRMINGHAM,BOA VISTA (RABIL),9739,9657,82,43813,43813,0,-77.77144
16/04/2021 17:17,2020,105,ATLANTIC OCEAN ISLANDS,CAPE VERDE ISLANDS,2,BIRMINGHAM,ILHA DO SAL C.VERDE,8617,8617,0,28881,28881,0,-70.16378
16/04/2021 17:17,2020,105,ATLANTIC OCEAN ISLANDS,CAPE VERDE ISLANDS,2,BRISTOL,ILHA DO SAL C.VERDE,3781,0,3781,18084,10252,7832,-79.09202
16/04/2021 17:17,2020,105,ATLANTIC OCEAN ISLANDS,CAPE VERDE ISLANDS,2,MANCHESTER,BOA VISTA (RABIL),14283,14283,0,65309,65309,0,-78.13012
16/04/2021 17:17,2020,105,ATLANTIC OCEAN ISLANDS,CAPE VERDE ISLANDS,2,MANCHESTER,ILHA DO SAL C.VERDE,13634,13599,35,65631,65631,0,-79.22628
16/04/2021 17:17,2020,115,OIL RIGS,OIL RIGS,2,ABERDEEN,OIL RIGS,310057,0,310057,425152,0,425152,-27.07149
16/04/2021 17:17,2020,115,OIL RIGS,OIL RIGS,2,BLACKPOOL,OIL RIGS,11412,0,11412,15213,0,15213,-24.98521
16/04/2021 17:17,2020,115,OIL RIGS,OIL RIGS,2,HUMBERSIDE,OIL RIGS,7408,0,7408,20530,0,20530,-63.91622
16/04/2021 17:17,2020,115,OIL RIGS,OIL RIGS,2,INVERNESS,OIL RIGS,19,0,19,23,0,23,-17.3913
16/04/2021 17:17,2020,115,OIL RIGS,OIL RIGS,2,KIRKWALL,OIL RIGS,47,0,47,34,0,34,38.23529
16/04/2021 17:17,2020,115,OIL RIGS,OIL RIGS,2,NORWICH,OIL RIGS,58042,0,58042,88707,0,88707,-34.56886
16/04/2021 17:17,2020,115,OIL RIGS,OIL RIGS,2,SCATSTA,OIL RIGS,16361,0,16361,50454,0,50454,-67.57244
16/04/2021 17:17,2020,115,OIL RIGS,OIL RIGS,2,SUMBURGH,OIL RIGS,38009,0,38009,62419,0,62419,-39.10668
16/04/2021 17:17,2020,115,OIL RIGS,OIL RIGS,2,WICK JOHN O GROATS,OIL RIGS,8,0,8,0,0,0,0

