rundate,this_period,last_period,airport_cluster,rpt_apt_grp_cd,rpt_apt_grp_name,rpt_apt_name,total_pax_tp,total_pax_lp,total_pax_pc,term_pax_tp,term_pax_lp,term_pax_pc,tran_pax_tp,tran_pax_lp,tran_pax_pc
4/16/2021 5:12:43 PM,2020,2019,1,1,London Area Airports,GATWICK,10173431,46576473,-78.157575392,10171867,46574786,-78.160142271,1564,1687,-7.291049200
4/16/2021 5:12:43 PM,2020,2019,1,1,London Area Airports,HEATHROW,22111326,80890031,-72.664955463,22109550,80886589,-72.665987930,1776,3442,-48.402091807
4/16/2021 5:12:43 PM,2020,2019,1,1,London Area Airports,LONDON CITY,908105,5122271,-82.271437806,908105,5122271,-82.271437806,0,0,
4/16/2021 5:12:43 PM,2020,2019,1,1,London Area Airports,LUTON,5550821,18216207,-69.528118559,5550401,18213901,-69.526566549,420,2306,-81.786643539
4/16/2021 5:12:43 PM,2020,2019,1,1,London Area Airports,SOUTHEND,401143,2035535,-80.292994225,401143,2035535,-80.292994225,0,0,
4/16/2021 5:12:43 PM,2020,2019,1,1,London Area Airports,STANSTED,7539689,28124292,-73.191542031,7536869,28124292,-73.201568950,2820,0,
4/16/2021 5:12:43 PM,2020,2019,1,3,Other UK Airports,ABERDEEN,994077,2912883,-65.873088620,994076,2912743,-65.871482654,1,140,-99.285714286
4/16/2021 5:12:43 PM,2020,2019,1,3,Other UK Airports,BARRA,6156,14599,-57.832728269,6140,14599,-57.942324817,16,0,
4/16/2021 5:12:43 PM,2020,2019,1,3,Other UK Airports,BELFAST CITY (GEORGE BEST),542547,2455259,-77.902657113,542523,2455259,-77.903634606,24,0,
4/16/2021 5:12:43 PM,2020,2019,1,3,Other UK Airports,BELFAST INTERNATIONAL,1747086,6278563,-72.173791997,1746951,6278374,-72.175104573,135,189,-28.571428571
4/16/2021 5:12:43 PM,2020,2019,1,3,Other UK Airports,BENBECULA,14199,34691,-59.070075812,12713,34656,-63.316597415,1486,35,4145.714285714
4/16/2021 5:12:43 PM,2020,2019,1,3,Other UK Airports,BIGGIN HILL,1845,2262,-18.435013263,1845,2262,-18.435013263,0,0,
4/16/2021 5:12:43 PM,2020,2019,1,3,Other UK Airports,BIRMINGHAM,2869582,12650607,-77.316645755,2865845,12646456,-77.338750081,3737,4151,-9.973500361
4/16/2021 5:12:43 PM,2020,2019,1,3,Other UK Airports,BLACKPOOL,11412,15213,-24.985210018,11412,15213,-24.985210018,0,0,
4/16/2021 5:12:43 PM,2020,2019,1,3,Other UK Airports,BOURNEMOUTH,175907,803307,-78.102145257,175907,803127,-78.097237423,0,180,
4/16/2021 5:12:43 PM,2020,2019,1,3,Other UK Airports,BRISTOL,2194524,8964242,-75.519134802,2192725,8959679,-75.526745992,1799,4563,-60.574183651
4/16/2021 5:12:43 PM,2020,2019,1,3,Other UK Airports,CAMPBELTOWN,2520,8086,-68.835023497,2108,7975,-73.567398119,412,111,271.171171171
4/16/2021 5:12:43 PM,2020,2019,1,3,Other UK Airports,CARDIFF WALES,219984,1656085,-86.716623845,219197,1654920,-86.754828028,787,1165,-32.446351931
4/16/2021 5:12:43 PM,2020,2019,1,3,Other UK Airports,CITY OF DERRY (EGLINTON),80494,203777,-60.498976823,80494,203777,-60.498976823,0,0,
4/16/2021 5:12:43 PM,2020,2019,1,3,Other UK Airports,DONCASTER SHEFFIELD,338829,1407862,-75.933081509,338586,1407862,-75.950341724,243,0,
4/16/2021 5:12:43 PM,2020,2019,1,3,Other UK Airports,DUNDEE,8647,20917,-58.660419754,8647,20917,-58.660419754,0,0,
4/16/2021 5:12:43 PM,2020,2019,1,3,Other UK Airports,EAST MIDLANDS INTERNATIONAL,901237,4675411,-80.723897856,900832,4674338,-80.728137332,405,1073,-62.255358807
4/16/2021 5:12:43 PM,2020,2019,1,3,Other UK Airports,EDINBURGH,3474879,14737497,-76.421511740,3473652,14733966,-76.424188844,1227,3531,-65.250637213
4/16/2021 5:12:43 PM,2020,2019,1,3,Other UK Airports,EXETER,148251,1021784,-85.490964822,147921,1021705,-85.522141910,330,79,317.721518987
4/16/2021 5:12:43 PM,2020,2019,1,3,Other UK Airports,GLASGOW,1946474,8847100,-77.998734048,1944981,8843214,-78.005948968,1493,3886,-61.580030880
4/16/2021 5:12:43 PM,2020,2019,1,3,Other UK Airports,GLOUCESTERSHIRE,5,0,,5,0,,0,0,
4/16/2021 5:12:43 PM,2020,2019,1,3,Other UK Airports,HUMBERSIDE,45273,204463,-77.857607489,45075,201818,-77.665520419,198,2645,-92.514177694
4/16/2021 5:12:43 PM,2020,2019,1,3,Other UK Airports,INVERNESS,241167,938232,-74.295590003,239987,937728,-74.407610736,1180,504,134.126984127
4/16/2021 5:12:43 PM,2020,2019,1,3,Other UK Airports,ISLAY,8907,34992,-74.545610425,8693,34771,-74.999281010,214,221,-3.167420814
4/16/2021 5:12:43 PM,2020,2019,1,3,Other UK Airports,ISLES OF SCILLY (ST.MARYS),41766,93927,-55.533552653,41766,93927,-55.533552653,0,0,
4/16/2021 5:12:43 PM,2020,2019,1,3,Other UK Airports,KIRKWALL,61177,172625,-64.560753077,54638,161516,-66.171772456,6539,11109,-41.137816185
4/16/2021 5:12:43 PM,2020,2019,1,3,Other UK Airports,LANDS END (ST JUST),34673,64056,-45.870800550,34556,63847,-45.876861873,117,209,-44.019138756
4/16/2021 5:12:43 PM,2020,2019,1,3,Other UK Airports,LEEDS BRADFORD,751091,3992862,-81.189157051,751048,3992209,-81.187157286,43,653,-93.415007657
4/16/2021 5:12:43 PM,2020,2019,1,3,Other UK Airports,LERWICK (TINGWALL),1227,3309,-62.919310970,1227,3309,-62.919310970,0,0,
4/16/2021 5:12:43 PM,2020,2019,1,3,Other UK Airports,LIVERPOOL (JOHN LENNON),1338415,5045991,-73.475676037,1337669,5043975,-73.479864591,746,2016,-62.996031746
4/16/2021 5:12:43 PM,2020,2019,1,3,Other UK Airports,LYDD,0,39,,0,39,,0,0,
4/16/2021 5:12:43 PM,2020,2019,1,3,Other UK Airports,MANCHESTER,7034856,29397357,-76.069767088,7029384,29367477,-76.064052080,5472,29880,-81.686746988
4/16/2021 5:12:43 PM,2020,2019,1,3,Other UK Airports,NEWCASTLE,1064274,5203624,-79.547446164,1061146,5198952,-79.589232599,3128,4672,-33.047945205
4/16/2021 5:12:43 PM,2020,2019,1,3,Other UK Airports,NEWQUAY,67877,461478,-85.291389839,67877,461469,-85.291102978,0,9,
4/16/2021 5:12:43 PM,2020,2019,1,3,Other UK Airports,NORWICH,120258,530328,-77.323844866,120258,530328,-77.323844866,0,0,
4/16/2021 5:12:43 PM,2020,2019,1,3,Other UK Airports,OXFORD (KIDLINGTON),514,0,,514,0,,0,0,
4/16/2021 5:12:43 PM,2020,2019,1,3,Other UK Airports,PRESTWICK,90790,640055,-85.815281499,90608,638975,-85.819789507,182,1080,-83.148148148
4/16/2021 5:12:43 PM,2020,2019,1,3,Other UK Airports,SCATSTA,35624,109480,-67.460723420,35624,109480,-67.460723420,0,0,
4/16/2021 5:12:43 PM,2020,2019,1,3,Other UK Airports,SOUTHAMPTON,296161,1781457,-83.375349503,296094,1781308,-83.377720192,67,149,-55.033557047
4/16/2021 5:12:43 PM,2020,2019,1,3,Other UK Airports,STORNOWAY,44387,131441,-66.230476031,43093,129500,-66.723552124,1294,1941,-33.333333333
4/16/2021 5:12:43 PM,2020,2019,1,3,Other UK Airports,SUMBURGH,116745,267456,-56.349829505,113951,267420,-57.388751776,2794,36,7661.111111111
4/16/2021 5:12:43 PM,2020,2019,1,3,Other UK Airports,TEESSIDE INTERNATIONAL AIRPORT,38540,150735,-74.431950111,37141,147824,-74.874851174,1399,2911,-51.940913775
4/16/2021 5:12:43 PM,2020,2019,1,3,Other UK Airports,TIREE,5443,12178,-55.304647725,5221,11944,-56.287675820,222,234,-5.128205128
4/16/2021 5:12:43 PM,2020,2019,1,3,Other UK Airports,WICK JOHN O GROATS,1913,13149,-85.451365123,1913,12892,-85.161340366,0,257,
4/16/2021 5:12:43 PM,2020,2019,2,4,Non UK Reporting Airports,ALDERNEY,28048,53155,-47.233562224,28048,53155,-47.233562224,0,0,
4/16/2021 5:12:43 PM,2020,2019,2,4,Non UK Reporting Airports,GUERNSEY,188607,882374,-78.625050149,184503,855396,-78.430691750,4104,26978,-84.787604715
4/16/2021 5:12:43 PM,2020,2019,2,4,Non UK Reporting Airports,ISLE OF MAN,162898,854676,-80.940379746,162898,854676,-80.940379746,0,0,
4/16/2021 5:12:43 PM,2020,2019,2,4,Non UK Reporting Airports,JERSEY,424922,1762949,-75.897090614,420195,1728973,-75.696844312,4727,33976,-86.087238050

