rundate,this_period,last_period,grp_cd,grp_name,apt1_apt_name,apt2_apt_name,total_pax_tp,total_pax_shd_tp,total_pax_cht_tp,total_pax_lp,total_pax_shd_lp,total_pax_cht_lp,total_pax_pc
25/03/2022 10:53,2021,2020,A,London Area Airports,GATWICK,ABERDEEN,51795,51795,0,67,67,0,77205.97015
25/03/2022 10:53,2021,2020,A,London Area Airports,GATWICK,BELFAST CITY (GEORGE BEST),94470,94470,0,0,0,0,0
25/03/2022 10:53,2021,2020,A,London Area Airports,GATWICK,BELFAST INTERNATIONAL,317963,317810,153,221958,221479,479,43.25368
25/03/2022 10:53,2021,2020,A,London Area Airports,GATWICK,BIRMINGHAM,906,0,906,1129,371,758,-19.75199
25/03/2022 10:53,2021,2020,A,London Area Airports,GATWICK,BLACKPOOL,0,0,0,78,0,78,-100
25/03/2022 10:53,2021,2020,A,London Area Airports,GATWICK,BRISTOL,99,76,23,314,181,133,-68.47134
25/03/2022 10:53,2021,2020,A,London Area Airports,GATWICK,CARDIFF WALES,172,0,172,0,0,0,0
25/03/2022 10:53,2021,2020,A,London Area Airports,GATWICK,DONCASTER SHEFFIELD,219,0,219,128,3,125,71.09375
25/03/2022 10:53,2021,2020,A,London Area Airports,GATWICK,DUNDEE,0,0,0,100,0,100,-100
25/03/2022 10:53,2021,2020,A,London Area Airports,GATWICK,EAST MIDLANDS INTERNATIONAL,200,0,200,159,0,159,25.78616
25/03/2022 10:53,2021,2020,A,London Area Airports,GATWICK,EDINBURGH,195780,195648,132,202694,202316,378,-3.41105
25/03/2022 10:53,2021,2020,A,London Area Airports,GATWICK,EXETER,0,0,0,17,0,17,-100
25/03/2022 10:53,2021,2020,A,London Area Airports,GATWICK,GLASGOW,194399,194342,57,175346,175346,0,10.86595
25/03/2022 10:53,2021,2020,A,London Area Airports,GATWICK,GUERNSEY,83183,83183,0,52504,52504,0,58.43174
25/03/2022 10:53,2021,2020,A,London Area Airports,GATWICK,HEATHROW,29,0,29,757,757,0,-96.16909
25/03/2022 10:53,2021,2020,A,London Area Airports,GATWICK,HUMBERSIDE,0,0,0,76,0,76,-100
25/03/2022 10:53,2021,2020,A,London Area Airports,GATWICK,INVERNESS,110958,110896,62,83462,83462,0,32.94433
25/03/2022 10:53,2021,2020,A,London Area Airports,GATWICK,ISLE OF MAN,49062,49062,0,31892,31892,0,53.83795
25/03/2022 10:53,2021,2020,A,London Area Airports,GATWICK,JERSEY,135794,135794,0,176871,176871,0,-23.22427
25/03/2022 10:53,2021,2020,A,London Area Airports,GATWICK,LEEDS BRADFORD,263,0,263,0,0,0,0
25/03/2022 10:53,2021,2020,A,London Area Airports,GATWICK,LIVERPOOL (JOHN LENNON),546,1,545,332,0,332,64.45783
25/03/2022 10:53,2021,2020,A,London Area Airports,GATWICK,LUTON,0,0,0,122,122,0,-100
25/03/2022 10:53,2021,2020,A,London Area Airports,GATWICK,MANCHESTER,1497,49,1448,1165,165,1000,28.49785
25/03/2022 10:53,2021,2020,A,London Area Airports,GATWICK,NEWCASTLE,268,152,116,466,122,344,-42.48927
25/03/2022 10:53,2021,2020,A,London Area Airports,GATWICK,NEWQUAY,10238,10238,0,0,0,0,0
25/03/2022 10:53,2021,2020,A,London Area Airports,GATWICK,NORWICH,110,0,110,77,0,77,42.85714
25/03/2022 10:53,2021,2020,A,London Area Airports,GATWICK,PRESTWICK,0,0,0,1,0,1,-100
25/03/2022 10:53,2021,2020,A,London Area Airports,GATWICK,SOUTHEND,0,0,0,42,0,42,-100
25/03/2022 10:53,2021,2020,A,London Area Airports,GATWICK,STANSTED,1009,90,919,453,269,184,122.73731
25/03/2022 10:53,2021,2020,A,London Area Airports,HEATHROW,ABERDEEN,244399,244399,0,203094,203094,0,20.33787
25/03/2022 10:53,2021,2020,A,London Area Airports,HEATHROW,BELFAST CITY (GEORGE BEST),338431,338431,0,261777,261777,0,29.28218
25/03/2022 10:53,2021,2020,A,London Area Airports,HEATHROW,BELFAST INTERNATIONAL,74,74,0,107,107,0,-30.84112
25/03/2022 10:53,2021,2020,A,London Area Airports,HEATHROW,DUNDEE,33,33,0,0,0,0,0
25/03/2022 10:53,2021,2020,A,London Area Airports,HEATHROW,EDINBURGH,381994,381701,293,329438,329381,57,15.95323
25/03/2022 10:53,2021,2020,A,London Area Airports,HEATHROW,GLASGOW,369026,368514,512,271723,271723,0,35.80963
25/03/2022 10:53,2021,2020,A,London Area Airports,HEATHROW,GUERNSEY,0,0,0,5477,5477,0,-100
25/03/2022 10:53,2021,2020,A,London Area Airports,HEATHROW,INVERNESS,63980,63980,0,42920,42920,0,49.06803
25/03/2022 10:53,2021,2020,A,London Area Airports,HEATHROW,ISLE OF MAN,6901,6901,0,794,794,0,769.14358
25/03/2022 10:53,2021,2020,A,London Area Airports,HEATHROW,JERSEY,157216,157171,45,56170,56170,0,179.89318
25/03/2022 10:53,2021,2020,A,London Area Airports,HEATHROW,LEEDS BRADFORD,0,0,0,21089,21089,0,-100
25/03/2022 10:53,2021,2020,A,London Area Airports,HEATHROW,LIVERPOOL (JOHN LENNON),0,0,0,4,4,0,-100
25/03/2022 10:53,2021,2020,A,London Area Airports,HEATHROW,LONDON CITY,0,0,0,1,1,0,-100
25/03/2022 10:53,2021,2020,A,London Area Airports,HEATHROW,MANCHESTER,227090,227090,0,173450,173450,0,30.92534
25/03/2022 10:53,2021,2020,A,London Area Airports,HEATHROW,NEWCASTLE,115772,115772,0,114996,114996,0,0.67481
25/03/2022 10:53,2021,2020,A,London Area Airports,HEATHROW,NEWQUAY,10220,10220,0,38751,38751,0,-73.62649
25/03/2022 10:53,2021,2020,A,London Area Airports,HEATHROW,TEESSIDE INTERNATIONAL AIRPORT,9793,9793,0,802,802,0,1121.07232
25/03/2022 10:53,2021,2020,A,London Area Airports,LONDON CITY,BELFAST CITY (GEORGE BEST),75298,75298,0,34287,34287,0,119.61093
25/03/2022 10:53,2021,2020,A,London Area Airports,LONDON CITY,BOURNEMOUTH,0,0,0,43,0,43,-100
25/03/2022 10:53,2021,2020,A,London Area Airports,LONDON CITY,DUNDEE,13897,13897,0,3499,3499,0,297.17062
25/03/2022 10:53,2021,2020,A,London Area Airports,LONDON CITY,EDINBURGH,90949,90949,0,95446,95446,0,-4.71156
25/03/2022 10:53,2021,2020,A,London Area Airports,LONDON CITY,EXETER,0,0,0,4189,4189,0,-100
25/03/2022 10:53,2021,2020,A,London Area Airports,LONDON CITY,GLASGOW,58136,58136,0,51562,51562,0,12.7497
25/03/2022 10:53,2021,2020,A,London Area Airports,LONDON CITY,GUERNSEY,3527,3527,0,0,0,0,0
25/03/2022 10:53,2021,2020,A,London Area Airports,LONDON CITY,ISLE OF MAN,0,0,0,14830,14830,0,-100
25/03/2022 10:53,2021,2020,A,London Area Airports,LONDON CITY,JERSEY,3664,3664,0,4519,4519,0,-18.92012
25/03/2022 10:53,2021,2020,A,London Area Airports,LONDON CITY,LIVERPOOL (JOHN LENNON),0,0,0,50,0,50,-100
25/03/2022 10:53,2021,2020,A,London Area Airports,LONDON CITY,MANCHESTER,52,12,40,679,679,0,-92.34168
25/03/2022 10:53,2021,2020,A,London Area Airports,LONDON CITY,SOUTHEND,0,0,0,15,15,0,-100
25/03/2022 10:53,2021,2020,A,London Area Airports,LONDON CITY,TEESSIDE INTERNATIONAL AIRPORT,0,0,0,282,282,0,-100
25/03/2022 10:53,2021,2020,A,London Area Airports,LUTON,ABERDEEN,34910,34910,0,25427,25427,0,37.295
25/03/2022 10:53,2021,2020,A,London Area Airports,LUTON,BELFAST INTERNATIONAL,162677,162677,0,131086,131086,0,24.09945
25/03/2022 10:53,2021,2020,A,London Area Airports,LUTON,BOURNEMOUTH,81,0,81,0,0,0,0
25/03/2022 10:53,2021,2020,A,London Area Airports,LUTON,BRISTOL,192,40,152,0,0,0,0
25/03/2022 10:53,2021,2020,A,London Area Airports,LUTON,EDINBURGH,123399,123343,56,96321,96321,0,28.11225
25/03/2022 10:53,2021,2020,A,London Area Airports,LUTON,EXETER,0,0,0,114,0,114,-100
25/03/2022 10:53,2021,2020,A,London Area Airports,LUTON,GLASGOW,109048,109048,0,79192,79192,0,37.70078
25/03/2022 10:53,2021,2020,A,London Area Airports,LUTON,INVERNESS,65815,65815,0,35825,35825,0,83.71249
25/03/2022 10:53,2021,2020,A,London Area Airports,LUTON,JERSEY,34848,34660,188,6250,6250,0,457.568
25/03/2022 10:53,2021,2020,A,London Area Airports,LUTON,MANCHESTER,113,113,0,0,0,0,0
25/03/2022 10:53,2021,2020,A,London Area Airports,LUTON,NEWCASTLE,117,117,0,0,0,0,0
25/03/2022 10:53,2021,2020,A,London Area Airports,LUTON,STANSTED,116,116,0,99,99,0,17.17172
25/03/2022 10:53,2021,2020,A,London Area Airports,SOUTHEND,ABERDEEN,0,0,0,4920,4920,0,-100
25/03/2022 10:53,2021,2020,A,London Area Airports,SOUTHEND,CARLISLE,0,0,0,1040,1040,0,-100
25/03/2022 10:53,2021,2020,A,London Area Airports,SOUTHEND,CITY OF DERRY (EGLINTON),0,0,0,7775,7775,0,-100
25/03/2022 10:53,2021,2020,A,London Area Airports,SOUTHEND,GLASGOW,0,0,0,111,111,0,-100
25/03/2022 10:53,2021,2020,A,London Area Airports,SOUTHEND,GUERNSEY,0,0,0,805,805,0,-100
25/03/2022 10:53,2021,2020,A,London Area Airports,SOUTHEND,NEWQUAY,0,0,0,196,196,0,-100
25/03/2022 10:53,2021,2020,A,London Area Airports,STANSTED,BELFAST INTERNATIONAL,159693,159693,0,156697,156697,0,1.91197
25/03/2022 10:53,2021,2020,A,London Area Airports,STANSTED,BIRMINGHAM,105,105,0,0,0,0,0
25/03/2022 10:53,2021,2020,A,London Area Airports,STANSTED,CITY OF DERRY (EGLINTON),41166,41166,0,15040,15040,0,173.71011
25/03/2022 10:53,2021,2020,A,London Area Airports,STANSTED,DUNDEE,0,0,0,3977,3977,0,-100
25/03/2022 10:53,2021,2020,A,London Area Airports,STANSTED,EAST MIDLANDS INTERNATIONAL,82,82,0,123,123,0,-33.33333
25/03/2022 10:53,2021,2020,A,London Area Airports,STANSTED,EDINBURGH,106930,106930,0,100176,99833,343,6.74213
25/03/2022 10:53,2021,2020,A,London Area Airports,STANSTED,GLASGOW,108817,108817,0,82113,81970,143,32.52104
25/03/2022 10:53,2021,2020,A,London Area Airports,STANSTED,GUERNSEY,0,0,0,2993,2993,0,-100
25/03/2022 10:53,2021,2020,A,London Area Airports,STANSTED,JERSEY,4221,4221,0,0,0,0,0
25/03/2022 10:53,2021,2020,A,London Area Airports,STANSTED,LEEDS BRADFORD,0,0,0,61,61,0,-100
25/03/2022 10:53,2021,2020,A,London Area Airports,STANSTED,MANCHESTER,219,0,219,38,0,38,476.31579
25/03/2022 10:53,2021,2020,A,London Area Airports,STANSTED,NEWCASTLE,86,0,86,0,0,0,0
25/03/2022 10:53,2021,2020,A,London Area Airports,STANSTED,NORWICH,31,31,0,0,0,0,0
25/03/2022 10:53,2021,2020,A,London Area Airports,STANSTED,PRESTWICK,50,0,50,0,0,0,0
25/03/2022 10:53,2021,2020,B,Other Reporting Airports,ABERDEEN,BELFAST CITY (GEORGE BEST),11088,11088,0,6044,6044,0,83.45467
25/03/2022 10:53,2021,2020,B,Other Reporting Airports,ABERDEEN,BIRMINGHAM,17319,17319,0,17832,17832,0,-2.87685
25/03/2022 10:53,2021,2020,B,Other Reporting Airports,ABERDEEN,BRISTOL,22310,22310,0,4503,4503,0,395.44748
25/03/2022 10:53,2021,2020,B,Other Reporting Airports,ABERDEEN,CARDIFF WALES,0,0,0,776,776,0,-100
25/03/2022 10:53,2021,2020,B,Other Reporting Airports,ABERDEEN,DONCASTER SHEFFIELD,0,0,0,49,49,0,-100
25/03/2022 10:53,2021,2020,B,Other Reporting Airports,ABERDEEN,EDINBURGH,64,64,0,30,30,0,113.33333
25/03/2022 10:53,2021,2020,B,Other Reporting Airports,ABERDEEN,EXETER,2407,2407,0,62,62,0,3782.25806
25/03/2022 10:53,2021,2020,B,Other Reporting Airports,ABERDEEN,GLASGOW,69,69,0,0,0,0,0
25/03/2022 10:53,2021,2020,B,Other Reporting Airports,ABERDEEN,HUMBERSIDE,12386,12342,44,8057,8057,0,53.72968
25/03/2022 10:53,2021,2020,B,Other Reporting Airports,ABERDEEN,INVERNESS,62,57,5,182,182,0,-65.93407
25/03/2022 10:53,2021,2020,B,Other Reporting Airports,ABERDEEN,ISLE OF MAN,0,0,0,178,0,178,-100
25/03/2022 10:53,2021,2020,B,Other Reporting Airports,ABERDEEN,JERSEY,2431,2431,0,0,0,0,0
25/03/2022 10:53,2021,2020,B,Other Reporting Airports,ABERDEEN,KIRKWALL,28399,27835,564,20594,20517,77,37.89939
25/03/2022 10:53,2021,2020,B,Other Reporting Airports,ABERDEEN,LIVERPOOL (JOHN LENNON),27,27,0,0,0,0,0
25/03/2022 10:53,2021,2020,B,Other Reporting Airports,ABERDEEN,MANCHESTER,31724,31586,138,39764,39754,10,-20.21929
25/03/2022 10:53,2021,2020,B,Other Reporting Airports,ABERDEEN,NEWCASTLE,3792,3792,0,9066,9052,14,-58.1734
25/03/2022 10:53,2021,2020,B,Other Reporting Airports,ABERDEEN,NEWQUAY,9668,9668,0,0,0,0,0
25/03/2022 10:53,2021,2020,B,Other Reporting Airports,ABERDEEN,NORWICH,19696,19696,0,18151,18145,6,8.51193
25/03/2022 10:53,2021,2020,B,Other Reporting Airports,ABERDEEN,SCATSTA,0,0,0,19234,0,19234,-100
25/03/2022 10:53,2021,2020,B,Other Reporting Airports,ABERDEEN,SOUTHAMPTON,374,374,0,1653,1653,0,-77.37447
25/03/2022 10:53,2021,2020,B,Other Reporting Airports,ABERDEEN,SUMBURGH,77777,43692,34085,51041,27059,23982,52.38142
25/03/2022 10:53,2021,2020,B,Other Reporting Airports,ABERDEEN,TEESSIDE INTERNATIONAL AIRPORT,9277,9277,0,6188,6188,0,49.9192
25/03/2022 10:53,2021,2020,B,Other Reporting Airports,ABERDEEN,WICK JOHN O GROATS,0,0,0,525,525,0,-100
25/03/2022 10:53,2021,2020,B,Other Reporting Airports,ALDERNEY,GUERNSEY,32901,32901,0,24993,24993,0,31.64086
25/03/2022 10:53,2021,2020,B,Other Reporting Airports,ALDERNEY,SOUTHAMPTON,8364,8364,0,3037,3037,0,175.40336
25/03/2022 10:53,2021,2020,B,Other Reporting Airports,ANGLESEY (VALLEY),CARDIFF WALES,0,0,0,2604,2604,0,-100
25/03/2022 10:53,2021,2020,B,Other Reporting Airports,BARRA,BENBECULA,15,15,0,0,0,0,0
25/03/2022 10:53,2021,2020,B,Other Reporting Airports,BARRA,GLASGOW,9937,9937,0,6087,6087,0,63.24955
25/03/2022 10:53,2021,2020,B,Other Reporting Airports,BARRA,TIREE,2,2,0,53,53,0,-96.22642
25/03/2022 10:53,2021,2020,B,Other Reporting Airports,BELFAST CITY (GEORGE BEST),BIRMINGHAM,41263,41263,0,43605,43605,0,-5.37094
25/03/2022 10:53,2021,2020,B,Other Reporting Airports,BELFAST CITY (GEORGE BEST),CARDIFF WALES,4534,4534,0,6166,6166,0,-26.46773
25/03/2022 10:53,2021,2020,B,Other Reporting Airports,BELFAST CITY (GEORGE BEST),CARLISLE,0,0,0,1420,1420,0,-100
25/03/2022 10:53,2021,2020,B,Other Reporting Airports,BELFAST CITY (GEORGE BEST),CITY OF DERRY (EGLINTON),25,25,0,0,0,0,0
25/03/2022 10:53,2021,2020,B,Other Reporting Airports,BELFAST CITY (GEORGE BEST),DUNDEE,5041,5041,0,677,677,0,644.60857
25/03/2022 10:53,2021,2020,B,Other Reporting Airports,BELFAST CITY (GEORGE BEST),EAST MIDLANDS INTERNATIONAL,1928,1928,0,22251,22251,0,-91.33522
25/03/2022 10:53,2021,2020,B,Other Reporting Airports,BELFAST CITY (GEORGE BEST),EDINBURGH,35799,35799,0,23904,23904,0,49.76155
25/03/2022 10:53,2021,2020,B,Other Reporting Airports,BELFAST CITY (GEORGE BEST),EXETER,16276,16276,0,6055,6055,0,168.80264
25/03/2022 10:53,2021,2020,B,Other Reporting Airports,BELFAST CITY (GEORGE BEST),FARNBOROUGH,64,0,64,0,0,0,0
25/03/2022 10:53,2021,2020,B,Other Reporting Airports,BELFAST CITY (GEORGE BEST),GLASGOW,16113,16113,0,21119,21119,0,-23.70377
25/03/2022 10:53,2021,2020,B,Other Reporting Airports,BELFAST CITY (GEORGE BEST),INVERNESS,9850,9850,0,4565,4565,0,115.77218
25/03/2022 10:53,2021,2020,B,Other Reporting Airports,BELFAST CITY (GEORGE BEST),LEEDS BRADFORD,31149,31149,0,26110,26110,0,19.29912
25/03/2022 10:53,2021,2020,B,Other Reporting Airports,BELFAST CITY (GEORGE BEST),MANCHESTER,52182,52102,80,52064,52064,0,0.22664
25/03/2022 10:53,2021,2020,B,Other Reporting Airports,BELFAST CITY (GEORGE BEST),NEWCASTLE,27,0,27,0,0,0,0
25/03/2022 10:53,2021,2020,B,Other Reporting Airports,BELFAST CITY (GEORGE BEST),NEWQUAY,1537,1537,0,0,0,0,0
25/03/2022 10:53,2021,2020,B,Other Reporting Airports,BELFAST CITY (GEORGE BEST),SOUTHAMPTON,17824,17824,0,19959,19959,0,-10.69693
25/03/2022 10:53,2021,2020,B,Other Reporting Airports,BELFAST CITY (GEORGE BEST),TEESSIDE INTERNATIONAL AIRPORT,6101,6101,0,1964,1964,0,210.64155
25/03/2022 10:53,2021,2020,B,Other Reporting Airports,BELFAST INTERNATIONAL,BIGGIN HILL,37,0,37,0,0,0,0
25/03/2022 10:53,2021,2020,B,Other Reporting Airports,BELFAST INTERNATIONAL,BIRMINGHAM,205360,205262,98,120198,120198,0,70.85143
25/03/2022 10:53,2021,2020,B,Other Reporting Airports,BELFAST INTERNATIONAL,BOURNEMOUTH,10191,10191,0,0,0,0,0
25/03/2022 10:53,2021,2020,B,Other Reporting Airports,BELFAST INTERNATIONAL,BRISTOL,167053,166855,198,108773,108686,87,53.57947
25/03/2022 10:53,2021,2020,B,Other Reporting Airports,BELFAST INTERNATIONAL,CARDIFF WALES,312,0,312,282,0,282,10.6383
25/03/2022 10:53,2021,2020,B,Other Reporting Airports,BELFAST INTERNATIONAL,EAST MIDLANDS INTERNATIONAL,25547,25279,268,116,58,58,21923.27586
25/03/2022 10:53,2021,2020,B,Other Reporting Airports,BELFAST INTERNATIONAL,EDINBURGH,179970,179841,129,120532,120012,520,49.31305
25/03/2022 10:53,2021,2020,B,Other Reporting Airports,BELFAST INTERNATIONAL,EXETER,0,0,0,37,0,37,-100
25/03/2022 10:53,2021,2020,B,Other Reporting Airports,BELFAST INTERNATIONAL,GLASGOW,157308,157183,125,112110,111858,252,40.31576
25/03/2022 10:53,2021,2020,B,Other Reporting Airports,BELFAST INTERNATIONAL,HUMBERSIDE,0,0,0,15,15,0,-100
25/03/2022 10:53,2021,2020,B,Other Reporting Airports,BELFAST INTERNATIONAL,INVERNESS,3305,3305,0,0,0,0,0
25/03/2022 10:53,2021,2020,B,Other Reporting Airports,BELFAST INTERNATIONAL,ISLE OF MAN,11382,11382,0,4190,4190,0,171.64678
25/03/2022 10:53,2021,2020,B,Other Reporting Airports,BELFAST INTERNATIONAL,JERSEY,12292,12292,0,2100,2100,0,485.33333
25/03/2022 10:53,2021,2020,B,Other Reporting Airports,BELFAST INTERNATIONAL,LEEDS BRADFORD,26845,26845,0,0,0,0,0
25/03/2022 10:53,2021,2020,B,Other Reporting Airports,BELFAST INTERNATIONAL,LIVERPOOL (JOHN LENNON),265698,265458,240,194030,194030,0,36.93656
25/03/2022 10:53,2021,2020,B,Other Reporting Airports,BELFAST INTERNATIONAL,MANCHESTER,240660,240660,0,143175,142928,247,68.088
25/03/2022 10:53,2021,2020,B,Other Reporting Airports,BELFAST INTERNATIONAL,NEWCASTLE,120294,120143,151,97192,97192,0,23.76945
25/03/2022 10:53,2021,2020,B,Other Reporting Airports,BELFAST INTERNATIONAL,SOUTHAMPTON,23,23,0,0,0,0,0
25/03/2022 10:53,2021,2020,B,Other Reporting Airports,BENBECULA,EDINBURGH,11,11,0,0,0,0,0
25/03/2022 10:53,2021,2020,B,Other Reporting Airports,BENBECULA,GLASGOW,14760,14760,0,8626,8626,0,71.1106
25/03/2022 10:53,2021,2020,B,Other Reporting Airports,BENBECULA,INVERNESS,3,3,0,0,0,0,0
25/03/2022 10:53,2021,2020,B,Other Reporting Airports,BENBECULA,ISLAY,16,16,0,0,0,0,0
25/03/2022 10:53,2021,2020,B,Other Reporting Airports,BENBECULA,STORNOWAY,5541,5541,0,4087,4087,0,35.57622
25/03/2022 10:53,2021,2020,B,Other Reporting Airports,BIGGIN HILL,DUNDEE,24,0,24,0,0,0,0
25/03/2022 10:53,2021,2020,B,Other Reporting Airports,BIGGIN HILL,EDINBURGH,16,0,16,3,0,3,433.33333
25/03/2022 10:53,2021,2020,B,Other Reporting Airports,BIGGIN HILL,FARNBOROUGH,0,0,0,2,0,2,-100
25/03/2022 10:53,2021,2020,B,Other Reporting Airports,BIGGIN HILL,GLASGOW,34,0,34,0,0,0,0
25/03/2022 10:53,2021,2020,B,Other Reporting Airports,BIGGIN HILL,INVERNESS,0,0,0,6,0,6,-100
25/03/2022 10:53,2021,2020,B,Other Reporting Airports,BIGGIN HILL,JERSEY,3,0,3,0,0,0,0
25/03/2022 10:53,2021,2020,B,Other Reporting Airports,BIGGIN HILL,LIVERPOOL (JOHN LENNON),35,0,35,229,0,229,-84.71616
25/03/2022 10:53,2021,2020,B,Other Reporting Airports,BIGGIN HILL,MANCHESTER,71,0,71,79,0,79,-10.12658
25/03/2022 10:53,2021,2020,B,Other Reporting Airports,BIGGIN HILL,NEWCASTLE,83,0,83,42,0,42,97.61905
25/03/2022 10:53,2021,2020,B,Other Reporting Airports,BIGGIN HILL,PRESTWICK,0,0,0,2,0,2,-100
25/03/2022 10:53,2021,2020,B,Other Reporting Airports,BIRMINGHAM,BOURNEMOUTH,0,0,0,71,0,71,-100
25/03/2022 10:53,2021,2020,B,Other Reporting Airports,BIRMINGHAM,BRISTOL,193,193,0,339,254,85,-43.06785
25/03/2022 10:53,2021,2020,B,Other Reporting Airports,BIRMINGHAM,EAST MIDLANDS INTERNATIONAL,265,265,0,165,165,0,60.60606
25/03/2022 10:53,2021,2020,B,Other Reporting Airports,BIRMINGHAM,EDINBURGH,82207,82207,0,56086,56086,0,46.57312
25/03/2022 10:53,2021,2020,B,Other Reporting Airports,BIRMINGHAM,GLASGOW,59257,59257,0,43976,43976,0,34.7485
25/03/2022 10:53,2021,2020,B,Other Reporting Airports,BIRMINGHAM,GUERNSEY,10579,10573,6,328,328,0,3125.30488
25/03/2022 10:53,2021,2020,B,Other Reporting Airports,BIRMINGHAM,INVERNESS,10289,10289,0,4613,4613,0,123.04357
25/03/2022 10:53,2021,2020,B,Other Reporting Airports,BIRMINGHAM,ISLE OF MAN,9220,9220,0,5513,5513,0,67.24107
25/03/2022 10:53,2021,2020,B,Other Reporting Airports,BIRMINGHAM,JERSEY,26324,26112,212,13766,13766,0,91.22476
25/03/2022 10:53,2021,2020,B,Other Reporting Airports,BIRMINGHAM,LEEDS BRADFORD,0,0,0,62,62,0,-100
25/03/2022 10:53,2021,2020,B,Other Reporting Airports,BIRMINGHAM,LIVERPOOL (JOHN LENNON),39,0,39,29,29,0,34.48276
25/03/2022 10:53,2021,2020,B,Other Reporting Airports,BIRMINGHAM,MANCHESTER,187,53,134,562,314,248,-66.72598
25/03/2022 10:53,2021,2020,B,Other Reporting Airports,BIRMINGHAM,NEWCASTLE,199,60,139,197,165,32,1.01523
25/03/2022 10:53,2021,2020,B,Other Reporting Airports,BIRMINGHAM,NEWQUAY,1738,1738,0,48,48,0,3520.83333
25/03/2022 10:53,2021,2020,B,Other Reporting Airports,BIRMINGHAM,NORWICH,127,0,127,33,0,33,284.84848
25/03/2022 10:53,2021,2020,B,Other Reporting Airports,BIRMINGHAM,SOUTHAMPTON,34,0,34,82,53,29,-58.53659
25/03/2022 10:53,2021,2020,B,Other Reporting Airports,BLACKPOOL,CARDIFF WALES,68,0,68,0,0,0,0
25/03/2022 10:53,2021,2020,B,Other Reporting Airports,BLACKPOOL,NORWICH,35,0,35,0,0,0,0
25/03/2022 10:53,2021,2020,B,Other Reporting Airports,BOURNEMOUTH,BRISTOL,58,0,58,0,0,0,0
25/03/2022 10:53,2021,2020,B,Other Reporting Airports,BOURNEMOUTH,CARDIFF WALES,69,0,69,0,0,0,0
25/03/2022 10:53,2021,2020,B,Other Reporting Airports,BOURNEMOUTH,EAST MIDLANDS INTERNATIONAL,203,121,82,0,0,0,0
25/03/2022 10:53,2021,2020,B,Other Reporting Airports,BOURNEMOUTH,EDINBURGH,11813,11813,0,0,0,0,0
25/03/2022 10:53,2021,2020,B,Other Reporting Airports,BOURNEMOUTH,EXETER,0,0,0,99,67,32,-100
25/03/2022 10:53,2021,2020,B,Other Reporting Airports,BOURNEMOUTH,GLASGOW,16,16,0,0,0,0,0
25/03/2022 10:53,2021,2020,B,Other Reporting Airports,BOURNEMOUTH,HUMBERSIDE,86,86,0,0,0,0,0
25/03/2022 10:53,2021,2020,B,Other Reporting Airports,BOURNEMOUTH,LEEDS BRADFORD,0,0,0,96,0,96,-100
25/03/2022 10:53,2021,2020,B,Other Reporting Airports,BOURNEMOUTH,LIVERPOOL (JOHN LENNON),3056,3021,35,231,0,231,1222.94372
25/03/2022 10:53,2021,2020,B,Other Reporting Airports,BOURNEMOUTH,MANCHESTER,159,79,80,132,0,132,20.45455
25/03/2022 10:53,2021,2020,B,Other Reporting Airports,BOURNEMOUTH,NEWCASTLE,99,62,37,0,0,0,0
25/03/2022 10:53,2021,2020,B,Other Reporting Airports,BOURNEMOUTH,NORWICH,42,0,42,47,0,47,-10.6383
25/03/2022 10:53,2021,2020,B,Other Reporting Airports,BOURNEMOUTH,TEESSIDE INTERNATIONAL AIRPORT,37,0,37,0,0,0,0
25/03/2022 10:53,2021,2020,B,Other Reporting Airports,BRISTOL,CARDIFF WALES,99,0,99,47,47,0,110.6383
25/03/2022 10:53,2021,2020,B,Other Reporting Airports,BRISTOL,EAST MIDLANDS INTERNATIONAL,0,0,0,148,0,148,-100
25/03/2022 10:53,2021,2020,B,Other Reporting Airports,BRISTOL,EDINBURGH,174828,174794,34,129920,129920,0,34.56589
25/03/2022 10:53,2021,2020,B,Other Reporting Airports,BRISTOL,EXETER,0,0,0,110,0,110,-100
25/03/2022 10:53,2021,2020,B,Other Reporting Airports,BRISTOL,GLASGOW,140889,140833,56,99107,99107,0,42.15848
25/03/2022 10:53,2021,2020,B,Other Reporting Airports,BRISTOL,GUERNSEY,7344,7344,0,2758,2758,0,166.27991
25/03/2022 10:53,2021,2020,B,Other Reporting Airports,BRISTOL,HAWARDEN,0,0,0,950,0,950,-100
25/03/2022 10:53,2021,2020,B,Other Reporting Airports,BRISTOL,HUMBERSIDE,0,0,0,74,0,74,-100
25/03/2022 10:53,2021,2020,B,Other Reporting Airports,BRISTOL,INVERNESS,47210,47210,0,28165,28165,0,67.61939
25/03/2022 10:53,2021,2020,B,Other Reporting Airports,BRISTOL,ISLE OF MAN,10761,10761,0,5124,5124,0,110.01171
25/03/2022 10:53,2021,2020,B,Other Reporting Airports,BRISTOL,JERSEY,27899,27831,68,9235,9235,0,202.1007
25/03/2022 10:53,2021,2020,B,Other Reporting Airports,BRISTOL,LEEDS BRADFORD,0,0,0,139,0,139,-100
25/03/2022 10:53,2021,2020,B,Other Reporting Airports,BRISTOL,LIVERPOOL (JOHN LENNON),175,175,0,0,0,0,0
25/03/2022 10:53,2021,2020,B,Other Reporting Airports,BRISTOL,MANCHESTER,6,6,0,82,0,82,-92.68293
25/03/2022 10:53,2021,2020,B,Other Reporting Airports,BRISTOL,NEWCASTLE,58164,57998,166,52813,52813,0,10.13198
25/03/2022 10:53,2021,2020,B,Other Reporting Airports,BRISTOL,NORWICH,0,0,0,68,0,68,-100
25/03/2022 10:53,2021,2020,B,Other Reporting Airports,BRISTOL,TEESSIDE INTERNATIONAL AIRPORT,2429,2208,221,62,0,62,3817.74194
25/03/2022 10:53,2021,2020,B,Other Reporting Airports,CAMBRIDGE,MANCHESTER,0,0,0,328,328,0,-100
25/03/2022 10:53,2021,2020,B,Other Reporting Airports,CAMPBELTOWN,GLASGOW,2748,2748,0,1999,1999,0,37.46873
25/03/2022 10:53,2021,2020,B,Other Reporting Airports,CAMPBELTOWN,ISLAY,122,122,0,70,70,0,74.28571
25/03/2022 10:53,2021,2020,B,Other Reporting Airports,CAMPBELTOWN,TIREE,11,11,0,39,39,0,-71.79487
25/03/2022 10:53,2021,2020,B,Other Reporting Airports,CARDIFF WALES,DONCASTER SHEFFIELD,454,29,425,0,0,0,0
25/03/2022 10:53,2021,2020,B,Other Reporting Airports,CARDIFF WALES,EDINBURGH,6904,6286,618,16821,16469,352,-58.95607
25/03/2022 10:53,2021,2020,B,Other Reporting Airports,CARDIFF WALES,EXETER,0,0,0,10,10,0,-100
25/03/2022 10:53,2021,2020,B,Other Reporting Airports,CARDIFF WALES,GLASGOW,760,234,526,1194,911,283,-36.34841
25/03/2022 10:53,2021,2020,B,Other Reporting Airports,CARDIFF WALES,HUMBERSIDE,142,0,142,173,0,173,-17.91908
25/03/2022 10:53,2021,2020,B,Other Reporting Airports,CARDIFF WALES,JERSEY,28,0,28,1700,1698,2,-98.35294
25/03/2022 10:53,2021,2020,B,Other Reporting Airports,CARDIFF WALES,LEEDS BRADFORD,32,0,32,191,0,191,-83.24607
25/03/2022 10:53,2021,2020,B,Other Reporting Airports,CARDIFF WALES,LIVERPOOL (JOHN LENNON),56,0,56,125,0,125,-55.2
25/03/2022 10:53,2021,2020,B,Other Reporting Airports,CARDIFF WALES,MANCHESTER,486,0,486,433,0,433,12.24018
25/03/2022 10:53,2021,2020,B,Other Reporting Airports,CARDIFF WALES,NEWCASTLE,55,0,55,882,656,226,-93.76417
25/03/2022 10:53,2021,2020,B,Other Reporting Airports,CARDIFF WALES,NORWICH,136,0,136,121,0,121,12.39669
25/03/2022 10:53,2021,2020,B,Other Reporting Airports,CARDIFF WALES,SOUTHAMPTON,6,6,0,0,0,0,0
25/03/2022 10:53,2021,2020,B,Other Reporting Airports,CARDIFF WALES,TEESSIDE INTERNATIONAL AIRPORT,234,0,234,554,295,259,-57.76173
25/03/2022 10:53,2021,2020,B,Other Reporting Airports,CITY OF DERRY (EGLINTON),EDINBURGH,0,0,0,24797,24797,0,-100
25/03/2022 10:53,2021,2020,B,Other Reporting Airports,CITY OF DERRY (EGLINTON),GLASGOW,11073,11073,0,4118,4118,0,168.89267
25/03/2022 10:53,2021,2020,B,Other Reporting Airports,CITY OF DERRY (EGLINTON),LIVERPOOL (JOHN LENNON),16942,16942,0,27912,27912,0,-39.30209
25/03/2022 10:53,2021,2020,B,Other Reporting Airports,CITY OF DERRY (EGLINTON),MANCHESTER,3613,3613,0,222,222,0,1527.47748
25/03/2022 10:53,2021,2020,B,Other Reporting Airports,COLL,TIREE,172,172,0,167,167,0,2.99401
25/03/2022 10:53,2021,2020,B,Other Reporting Airports,COLONSAY,ISLAY,57,57,0,49,49,0,16.32653
25/03/2022 10:53,2021,2020,B,Other Reporting Airports,DONCASTER SHEFFIELD,EDINBURGH,0,0,0,159,74,85,-100
25/03/2022 10:53,2021,2020,B,Other Reporting Airports,DONCASTER SHEFFIELD,EXETER,0,0,0,41,0,41,-100
25/03/2022 10:53,2021,2020,B,Other Reporting Airports,DONCASTER SHEFFIELD,FARNBOROUGH,78,0,78,0,0,0,0
25/03/2022 10:53,2021,2020,B,Other Reporting Airports,DONCASTER SHEFFIELD,JERSEY,64,0,64,0,0,0,0
25/03/2022 10:53,2021,2020,B,Other Reporting Airports,DONCASTER SHEFFIELD,MANCHESTER,16,0,16,131,0,131,-87.78626
25/03/2022 10:53,2021,2020,B,Other Reporting Airports,DONCASTER SHEFFIELD,NEWCASTLE,16,0,16,42,0,42,-61.90476
25/03/2022 10:53,2021,2020,B,Other Reporting Airports,DONCASTER SHEFFIELD,NORWICH,231,0,231,142,0,142,62.67606
25/03/2022 10:53,2021,2020,B,Other Reporting Airports,DONCASTER SHEFFIELD,SOUTHAMPTON,77,0,77,94,0,94,-18.08511
25/03/2022 10:53,2021,2020,B,Other Reporting Airports,DUNDEE,HUMBERSIDE,85,0,85,0,0,0,0
25/03/2022 10:53,2021,2020,B,Other Reporting Airports,DUNDEE,MANCHESTER,121,0,121,0,0,0,0
25/03/2022 10:53,2021,2020,B,Other Reporting Airports,EAST MIDLANDS INTERNATIONAL,EDINBURGH,0,0,0,10759,10759,0,-100
25/03/2022 10:53,2021,2020,B,Other Reporting Airports,EAST MIDLANDS INTERNATIONAL,GLASGOW,110,110,0,6796,6796,0,-98.3814
25/03/2022 10:53,2021,2020,B,Other Reporting Airports,EAST MIDLANDS INTERNATIONAL,GUERNSEY,5335,5335,0,2263,2263,0,135.74901
25/03/2022 10:53,2021,2020,B,Other Reporting Airports,EAST MIDLANDS INTERNATIONAL,HUMBERSIDE,0,0,0,4,0,4,-100
25/03/2022 10:53,2021,2020,B,Other Reporting Airports,EAST MIDLANDS INTERNATIONAL,INVERNESS,0,0,0,145,145,0,-100
25/03/2022 10:53,2021,2020,B,Other Reporting Airports,EAST MIDLANDS INTERNATIONAL,JERSEY,11357,11279,78,2465,2465,0,360.73022
25/03/2022 10:53,2021,2020,B,Other Reporting Airports,EAST MIDLANDS INTERNATIONAL,LEEDS BRADFORD,296,296,0,92,92,0,221.73913
25/03/2022 10:53,2021,2020,B,Other Reporting Airports,EAST MIDLANDS INTERNATIONAL,LIVERPOOL (JOHN LENNON),157,0,157,0,0,0,0
25/03/2022 10:53,2021,2020,B,Other Reporting Airports,EAST MIDLANDS INTERNATIONAL,MANCHESTER,459,279,180,29,0,29,1482.75862
25/03/2022 10:53,2021,2020,B,Other Reporting Airports,EAST MIDLANDS INTERNATIONAL,NEWCASTLE,115,0,115,0,0,0,0
25/03/2022 10:53,2021,2020,B,Other Reporting Airports,EAST MIDLANDS INTERNATIONAL,NORWICH,0,0,0,34,0,34,-100
25/03/2022 10:53,2021,2020,B,Other Reporting Airports,EAST MIDLANDS INTERNATIONAL,SOUTHAMPTON,31,0,31,41,0,41,-24.39024
25/03/2022 10:53,2021,2020,B,Other Reporting Airports,EDAY,KIRKWALL,296,296,0,357,357,0,-17.08683
25/03/2022 10:53,2021,2020,B,Other Reporting Airports,EDINBURGH,EXETER,13035,13035,0,9102,9102,0,43.21028
25/03/2022 10:53,2021,2020,B,Other Reporting Airports,EDINBURGH,FARNBOROUGH,0,0,0,50,0,50,-100
25/03/2022 10:53,2021,2020,B,Other Reporting Airports,EDINBURGH,GLASGOW,532,532,0,1442,1383,59,-63.1068
25/03/2022 10:53,2021,2020,B,Other Reporting Airports,EDINBURGH,GUERNSEY,3531,3531,0,47,47,0,7412.76596
25/03/2022 10:53,2021,2020,B,Other Reporting Airports,EDINBURGH,INVERNESS,64,50,14,7,7,0,814.28571
25/03/2022 10:53,2021,2020,B,Other Reporting Airports,EDINBURGH,ISLE OF MAN,3748,3748,0,1751,1751,0,114.04911
25/03/2022 10:53,2021,2020,B,Other Reporting Airports,EDINBURGH,JERSEY,8202,8126,76,4749,4749,0,72.71004
25/03/2022 10:53,2021,2020,B,Other Reporting Airports,EDINBURGH,KIRKWALL,15381,15381,0,13031,13031,0,18.03392
25/03/2022 10:53,2021,2020,B,Other Reporting Airports,EDINBURGH,MANCHESTER,0,0,0,14009,14009,0,-100
25/03/2022 10:53,2021,2020,B,Other Reporting Airports,EDINBURGH,NEWCASTLE,8,8,0,16,16,0,-50
25/03/2022 10:53,2021,2020,B,Other Reporting Airports,EDINBURGH,NEWQUAY,8786,8786,0,0,0,0,0
25/03/2022 10:53,2021,2020,B,Other Reporting Airports,EDINBURGH,NORWICH,4020,4020,0,5491,5491,0,-26.78929
25/03/2022 10:53,2021,2020,B,Other Reporting Airports,EDINBURGH,PRESTWICK,54,0,54,0,0,0,0
25/03/2022 10:53,2021,2020,B,Other Reporting Airports,EDINBURGH,SOUTHAMPTON,35108,35108,0,28935,28935,0,21.33402
25/03/2022 10:53,2021,2020,B,Other Reporting Airports,EDINBURGH,STORNOWAY,7821,7821,0,4183,4183,0,86.97107
25/03/2022 10:53,2021,2020,B,Other Reporting Airports,EDINBURGH,SUMBURGH,19331,17346,1985,11662,11662,0,65.76059
25/03/2022 10:53,2021,2020,B,Other Reporting Airports,EDINBURGH,WICK JOHN O GROATS,0,0,0,1401,1401,0,-100
25/03/2022 10:53,2021,2020,B,Other Reporting Airports,EXETER,GLASGOW,8346,8291,55,3161,2937,224,164.03037
25/03/2022 10:53,2021,2020,B,Other Reporting Airports,EXETER,GUERNSEY,7330,7330,0,3445,3420,25,112.77213
25/03/2022 10:53,2021,2020,B,Other Reporting Airports,EXETER,HUMBERSIDE,66,0,66,26,26,0,153.84615
25/03/2022 10:53,2021,2020,B,Other Reporting Airports,EXETER,ISLES OF SCILLY (ST.MARYS),9485,9485,0,3160,3160,0,200.15823
25/03/2022 10:53,2021,2020,B,Other Reporting Airports,EXETER,JERSEY,15919,15919,0,6863,6814,49,131.95396
25/03/2022 10:53,2021,2020,B,Other Reporting Airports,EXETER,LEEDS BRADFORD,0,0,0,27,27,0,-100
25/03/2022 10:53,2021,2020,B,Other Reporting Airports,EXETER,MANCHESTER,4043,3789,254,18544,18544,0,-78.1978
25/03/2022 10:53,2021,2020,B,Other Reporting Airports,EXETER,NEWCASTLE,9259,9179,80,4743,4743,0,95.214
25/03/2022 10:53,2021,2020,B,Other Reporting Airports,EXETER,NEWQUAY,45,45,0,40,40,0,12.5
25/03/2022 10:53,2021,2020,B,Other Reporting Airports,EXETER,NORWICH,3865,3865,0,0,0,0,0
25/03/2022 10:53,2021,2020,B,Other Reporting Airports,EXETER,SOUTHAMPTON,6,6,0,24,0,24,-75
25/03/2022 10:53,2021,2020,B,Other Reporting Airports,EXETER,TEESSIDE INTERNATIONAL AIRPORT,57,0,57,63,63,0,-9.52381
25/03/2022 10:53,2021,2020,B,Other Reporting Airports,FAIR ISLE,LERWICK (TINGWALL),1442,1442,0,775,775,0,86.06452
25/03/2022 10:53,2021,2020,B,Other Reporting Airports,FARNBOROUGH,HUMBERSIDE,0,0,0,91,0,91,-100
25/03/2022 10:53,2021,2020,B,Other Reporting Airports,FARNBOROUGH,LIVERPOOL (JOHN LENNON),186,0,186,107,0,107,73.83178
25/03/2022 10:53,2021,2020,B,Other Reporting Airports,FARNBOROUGH,NEWCASTLE,40,0,40,120,0,120,-66.66667
25/03/2022 10:53,2021,2020,B,Other Reporting Airports,FARNBOROUGH,NORWICH,0,0,0,33,33,0,-100
25/03/2022 10:53,2021,2020,B,Other Reporting Airports,FARNBOROUGH,TEESSIDE INTERNATIONAL AIRPORT,121,0,121,65,0,65,86.15385
25/03/2022 10:53,2021,2020,B,Other Reporting Airports,FOULA,LERWICK (TINGWALL),858,858,0,450,450,0,90.66667
25/03/2022 10:53,2021,2020,B,Other Reporting Airports,GLASGOW,INVERNESS,79,79,0,20,20,0,295
25/03/2022 10:53,2021,2020,B,Other Reporting Airports,GLASGOW,ISLAY,12559,12559,0,8516,8516,0,47.47534
25/03/2022 10:53,2021,2020,B,Other Reporting Airports,GLASGOW,JERSEY,30280,30280,0,10537,10537,0,187.36832
25/03/2022 10:53,2021,2020,B,Other Reporting Airports,GLASGOW,KIRKWALL,7460,7460,0,5344,5344,0,39.59581
25/03/2022 10:53,2021,2020,B,Other Reporting Airports,GLASGOW,LEEDS BRADFORD,70,70,0,0,0,0,0
25/03/2022 10:53,2021,2020,B,Other Reporting Airports,GLASGOW,MANCHESTER,0,0,0,86,79,7,-100
25/03/2022 10:53,2021,2020,B,Other Reporting Airports,GLASGOW,NEWCASTLE,272,184,88,74,0,74,267.56757
25/03/2022 10:53,2021,2020,B,Other Reporting Airports,GLASGOW,NEWQUAY,6760,6760,0,0,0,0,0
25/03/2022 10:53,2021,2020,B,Other Reporting Airports,GLASGOW,NORWICH,2,0,2,0,0,0,0
25/03/2022 10:53,2021,2020,B,Other Reporting Airports,GLASGOW,PRESTWICK,0,0,0,31,31,0,-100
25/03/2022 10:53,2021,2020,B,Other Reporting Airports,GLASGOW,SOUTHAMPTON,31806,31806,0,28603,28603,0,11.19813
25/03/2022 10:53,2021,2020,B,Other Reporting Airports,GLASGOW,STORNOWAY,38012,38012,0,26072,26049,23,45.79626
25/03/2022 10:53,2021,2020,B,Other Reporting Airports,GLASGOW,SUMBURGH,9765,9354,411,5817,5817,0,67.87004
25/03/2022 10:53,2021,2020,B,Other Reporting Airports,GLASGOW,TEESSIDE INTERNATIONAL AIRPORT,150,0,150,0,0,0,0
25/03/2022 10:53,2021,2020,B,Other Reporting Airports,GLASGOW,TIREE,8002,8002,0,4943,4943,0,61.88549
25/03/2022 10:53,2021,2020,B,Other Reporting Airports,GUERNSEY,HUMBERSIDE,5,0,5,0,0,0,0
25/03/2022 10:53,2021,2020,B,Other Reporting Airports,GUERNSEY,INVERNESS,54,54,0,0,0,0,0
25/03/2022 10:53,2021,2020,B,Other Reporting Airports,GUERNSEY,ISLE OF MAN,178,62,116,8090,8090,0,-97.79975
25/03/2022 10:53,2021,2020,B,Other Reporting Airports,GUERNSEY,JERSEY,19024,18758,266,20028,19993,35,-5.01298
25/03/2022 10:53,2021,2020,B,Other Reporting Airports,GUERNSEY,LEEDS BRADFORD,2155,2155,0,0,0,0,0
25/03/2022 10:53,2021,2020,B,Other Reporting Airports,GUERNSEY,MANCHESTER,23715,23715,0,10329,10329,0,129.59628
25/03/2022 10:53,2021,2020,B,Other Reporting Airports,GUERNSEY,NORWICH,487,487,0,0,0,0,0
25/03/2022 10:53,2021,2020,B,Other Reporting Airports,GUERNSEY,OXFORD (KIDLINGTON),6,0,6,2,0,2,200
25/03/2022 10:53,2021,2020,B,Other Reporting Airports,GUERNSEY,SOUTHAMPTON,49469,49384,85,45009,45003,6,9.90913
25/03/2022 10:53,2021,2020,B,Other Reporting Airports,HUMBERSIDE,JERSEY,1280,0,1280,0,0,0,0
25/03/2022 10:53,2021,2020,B,Other Reporting Airports,HUMBERSIDE,NEWCASTLE,255,255,0,49,49,0,420.40816
25/03/2022 10:53,2021,2020,B,Other Reporting Airports,HUMBERSIDE,SOUTHAMPTON,1,1,0,0,0,0,0
25/03/2022 10:53,2021,2020,B,Other Reporting Airports,HUMBERSIDE,TEESSIDE INTERNATIONAL AIRPORT,280,280,0,387,387,0,-27.64858
25/03/2022 10:53,2021,2020,B,Other Reporting Airports,INVERNESS,ISLE OF MAN,39,0,39,0,0,0,0
25/03/2022 10:53,2021,2020,B,Other Reporting Airports,INVERNESS,KIRKWALL,7331,7331,0,4280,4280,0,71.28505
25/03/2022 10:53,2021,2020,B,Other Reporting Airports,INVERNESS,MANCHESTER,11243,11243,0,10216,10216,0,10.05286
25/03/2022 10:53,2021,2020,B,Other Reporting Airports,INVERNESS,NEWQUAY,1761,1761,0,0,0,0,0
25/03/2022 10:53,2021,2020,B,Other Reporting Airports,INVERNESS,STORNOWAY,13951,13951,0,10125,10125,0,37.78765
25/03/2022 10:53,2021,2020,B,Other Reporting Airports,INVERNESS,SUMBURGH,302,257,45,24,24,0,1158.33333
25/03/2022 10:53,2021,2020,B,Other Reporting Airports,ISLAY,OBAN (NORTH CONNEL),32,32,0,40,40,0,-20
25/03/2022 10:53,2021,2020,B,Other Reporting Airports,ISLAY,TIREE,48,48,0,44,44,0,9.09091
25/03/2022 10:53,2021,2020,B,Other Reporting Airports,ISLE OF MAN,JERSEY,744,744,0,0,0,0,0
25/03/2022 10:53,2021,2020,B,Other Reporting Airports,ISLE OF MAN,LIVERPOOL (JOHN LENNON),61368,61368,0,54342,54342,0,12.92923
25/03/2022 10:53,2021,2020,B,Other Reporting Airports,ISLE OF MAN,MANCHESTER,29353,29353,0,26997,26926,71,8.7269
25/03/2022 10:53,2021,2020,B,Other Reporting Airports,ISLE OF MAN,NEWCASTLE,0,0,0,226,0,226,-100
25/03/2022 10:53,2021,2020,B,Other Reporting Airports,ISLES OF SCILLY (ST.MARYS),NEWQUAY,1562,1562,0,1100,1100,0,42
25/03/2022 10:53,2021,2020,B,Other Reporting Airports,JERSEY,LEEDS BRADFORD,9038,9038,0,0,0,0,0
25/03/2022 10:53,2021,2020,B,Other Reporting Airports,JERSEY,LIVERPOOL (JOHN LENNON),48348,48348,0,36889,36889,0,31.06346
25/03/2022 10:53,2021,2020,B,Other Reporting Airports,JERSEY,MANCHESTER,45554,45444,110,18660,18660,0,144.12647
25/03/2022 10:53,2021,2020,B,Other Reporting Airports,JERSEY,NEWCASTLE,11484,11484,0,3166,3029,137,262.729
25/03/2022 10:53,2021,2020,B,Other Reporting Airports,JERSEY,NEWQUAY,1021,957,64,0,0,0,0
25/03/2022 10:53,2021,2020,B,Other Reporting Airports,JERSEY,NORWICH,1607,1607,0,0,0,0,0
25/03/2022 10:53,2021,2020,B,Other Reporting Airports,JERSEY,OXFORD (KIDLINGTON),5,5,0,0,0,0,0
25/03/2022 10:53,2021,2020,B,Other Reporting Airports,JERSEY,SOUTHAMPTON,53423,53423,0,39661,39661,0,34.69907
25/03/2022 10:53,2021,2020,B,Other Reporting Airports,JERSEY,TEESSIDE INTERNATIONAL AIRPORT,2646,2646,0,170,0,170,1456.47059
25/03/2022 10:53,2021,2020,B,Other Reporting Airports,KIRKWALL,NORTH RONALDSAY,5023,5023,0,3204,3204,0,56.77278
25/03/2022 10:53,2021,2020,B,Other Reporting Airports,KIRKWALL,PAPA WESTRAY,3950,3950,0,2670,2670,0,47.94007
25/03/2022 10:53,2021,2020,B,Other Reporting Airports,KIRKWALL,SANDAY,2550,2550,0,1834,1834,0,39.04035
25/03/2022 10:53,2021,2020,B,Other Reporting Airports,KIRKWALL,STRONSAY,2611,2611,0,1957,1957,0,33.4185
25/03/2022 10:53,2021,2020,B,Other Reporting Airports,KIRKWALL,SUMBURGH,6330,6330,0,5651,5651,0,12.01557
25/03/2022 10:53,2021,2020,B,Other Reporting Airports,KIRKWALL,WESTRAY,2782,2782,0,1999,1999,0,39.16958
25/03/2022 10:53,2021,2020,B,Other Reporting Airports,LANDS END (ST JUST),NEWQUAY,4,4,0,17,17,0,-76.47059
25/03/2022 10:53,2021,2020,B,Other Reporting Airports,LEEDS BRADFORD,LIVERPOOL (JOHN LENNON),104,104,0,0,0,0,0
25/03/2022 10:53,2021,2020,B,Other Reporting Airports,LEEDS BRADFORD,MANCHESTER,233,233,0,10,10,0,2230
25/03/2022 10:53,2021,2020,B,Other Reporting Airports,LEEDS BRADFORD,NEWCASTLE,149,149,0,216,216,0,-31.01852
25/03/2022 10:53,2021,2020,B,Other Reporting Airports,LEEDS BRADFORD,NEWQUAY,4469,4469,0,3855,3855,0,15.92737
25/03/2022 10:53,2021,2020,B,Other Reporting Airports,LEEDS BRADFORD,NORWICH,80,80,0,62,0,62,29.03226
25/03/2022 10:53,2021,2020,B,Other Reporting Airports,LEEDS BRADFORD,SOUTHAMPTON,3304,3304,0,5007,5007,0,-34.01238
25/03/2022 10:53,2021,2020,B,Other Reporting Airports,LERWICK (TINGWALL),PAPA STOUR,0,0,0,2,2,0,-100
25/03/2022 10:53,2021,2020,B,Other Reporting Airports,LIVERPOOL (JOHN LENNON),MANCHESTER,15,15,0,0,0,0,0
25/03/2022 10:53,2021,2020,B,Other Reporting Airports,LIVERPOOL (JOHN LENNON),NEWCASTLE,213,0,213,315,0,315,-32.38095
25/03/2022 10:53,2021,2020,B,Other Reporting Airports,LIVERPOOL (JOHN LENNON),NORWICH,303,0,303,255,0,255,18.82353
25/03/2022 10:53,2021,2020,B,Other Reporting Airports,LIVERPOOL (JOHN LENNON),SOUTHAMPTON,277,0,277,191,0,191,45.02618
25/03/2022 10:53,2021,2020,B,Other Reporting Airports,LIVERPOOL (JOHN LENNON),WADDINGTON,0,0,0,72,0,72,-100
25/03/2022 10:53,2021,2020,B,Other Reporting Airports,MANCHESTER,NEWCASTLE,171,147,24,272,227,45,-37.13235
25/03/2022 10:53,2021,2020,B,Other Reporting Airports,MANCHESTER,NEWQUAY,33163,33163,0,6324,6324,0,424.39911
25/03/2022 10:53,2021,2020,B,Other Reporting Airports,MANCHESTER,NORWICH,0,0,0,255,31,224,-100
25/03/2022 10:53,2021,2020,B,Other Reporting Airports,MANCHESTER,SOUTHAMPTON,6980,6910,70,33055,32975,80,-78.88368
25/03/2022 10:53,2021,2020,B,Other Reporting Airports,MANCHESTER,SUMBURGH,5160,5160,0,154,154,0,3250.64935
25/03/2022 10:53,2021,2020,B,Other Reporting Airports,NEWCASTLE,NEWQUAY,5363,5363,0,0,0,0,0
25/03/2022 10:53,2021,2020,B,Other Reporting Airports,NEWCASTLE,NORWICH,0,0,0,44,0,44,-100
25/03/2022 10:53,2021,2020,B,Other Reporting Airports,NEWCASTLE,OXFORD (KIDLINGTON),0,0,0,42,0,42,-100
25/03/2022 10:53,2021,2020,B,Other Reporting Airports,NEWCASTLE,SOUTHAMPTON,20216,20009,207,20519,20441,78,-1.47668
25/03/2022 10:53,2021,2020,B,Other Reporting Airports,NEWQUAY,SOUTHAMPTON,11,11,0,0,0,0,0
25/03/2022 10:53,2021,2020,B,Other Reporting Airports,NEWQUAY,SUMBURGH,69,69,0,0,0,0,0
25/03/2022 10:53,2021,2020,B,Other Reporting Airports,NEWQUAY,TEESSIDE INTERNATIONAL AIRPORT,2762,2762,0,1372,1372,0,101.31195
25/03/2022 10:53,2021,2020,B,Other Reporting Airports,NORWICH,SOUTHAMPTON,40,0,40,6,0,6,566.66667
25/03/2022 10:53,2021,2020,B,Other Reporting Airports,NORWICH,TEESSIDE INTERNATIONAL AIRPORT,113,0,113,70,0,70,61.42857
25/03/2022 10:53,2021,2020,B,Other Reporting Airports,OBAN (NORTH CONNEL),TIREE,155,155,0,165,165,0,-6.06061
25/03/2022 10:53,2021,2020,B,Other Reporting Airports,SOUTHAMPTON,SUMBURGH,2,2,0,0,0,0,0
25/03/2022 10:53,2021,2020,B,Other Reporting Airports,SOUTHAMPTON,TEESSIDE INTERNATIONAL AIRPORT,72,0,72,853,853,0,-91.5592

