rundate,this_period,last_period,airport_cluster,rpt_apt_grp_cd,rpt_apt_grp_name,rpt_apt_name,total_pax_tp,total_pax_lp,total_pax_pc,term_pax_tp,term_pax_lp,term_pax_pc,tran_pax_tp,tran_pax_lp,tran_pax_pc
3/25/2022 10:53:48 AM,2021,2020,1,1,London Area Airports,GATWICK,6261814,10173431,-38.449339264,6260072,10171867,-38.457001060,1742,1564,11.381074169
3/25/2022 10:53:48 AM,2021,2020,1,1,London Area Airports,HEATHROW,19393886,22111326,-12.289810209,19392178,22109550,-12.290489856,1708,1776,-3.828828829
3/25/2022 10:53:48 AM,2021,2020,1,1,London Area Airports,LONDON CITY,720580,908105,-20.650145082,720580,908105,-20.650145082,0,0,
3/25/2022 10:53:48 AM,2021,2020,1,1,London Area Airports,LUTON,4674800,5550821,-15.781827589,4673656,5550401,-15.796065906,1144,420,172.380952381
3/25/2022 10:53:48 AM,2021,2020,1,1,London Area Airports,SOUTHEND,94367,401143,-76.475471341,94367,401143,-76.475471341,0,0,
3/25/2022 10:53:48 AM,2021,2020,1,1,London Area Airports,STANSTED,7148200,7539689,-5.192375972,7145802,7536869,-5.188719613,2398,2820,-14.964539007
3/25/2022 10:53:48 AM,2021,2020,1,3,Other UK Airports,ABERDEEN,1075639,994077,8.204797013,1075639,994076,8.204905862,0,1,
3/25/2022 10:53:48 AM,2021,2020,1,3,Other UK Airports,BARRA,9956,6156,61.728395062,9954,6140,62.117263844,2,16,-87.500000000
3/25/2022 10:53:48 AM,2021,2020,1,3,Other UK Airports,BELFAST CITY (GEORGE BEST),812424,542547,49.742602945,812397,542523,49.744250474,27,24,12.500000000
3/25/2022 10:53:48 AM,2021,2020,1,3,Other UK Airports,BELFAST INTERNATIONAL,2328276,1747086,33.266250202,2327139,1746951,33.211463859,1137,135,742.222222222
3/25/2022 10:53:48 AM,2021,2020,1,3,Other UK Airports,BENBECULA,24202,14199,70.448623142,20320,12713,59.836387949,3882,1486,161.238223419
3/25/2022 10:53:48 AM,2021,2020,1,3,Other UK Airports,BIGGIN HILL,2612,1845,41.571815718,2612,1845,41.571815718,0,0,
3/25/2022 10:53:48 AM,2021,2020,1,3,Other UK Airports,BIRMINGHAM,2482430,2869582,-13.491581701,2476584,2865845,-13.582765293,5846,3737,56.435643564
3/25/2022 10:53:48 AM,2021,2020,1,3,Other UK Airports,BLACKPOOL,0,11412,,0,11412,,0,0,
3/25/2022 10:53:48 AM,2021,2020,1,3,Other UK Airports,BOURNEMOUTH,200640,175907,14.060270484,200488,175907,13.973861188,152,0,
3/25/2022 10:53:48 AM,2021,2020,1,3,Other UK Airports,BRISTOL,2087772,2194524,-4.864471749,2085745,2192725,-4.878860778,2027,1799,12.673707615
3/25/2022 10:53:48 AM,2021,2020,1,3,Other UK Airports,CAMPBELTOWN,3282,2520,30.238095238,2881,2108,36.669829222,401,412,-2.669902913
3/25/2022 10:53:48 AM,2021,2020,1,3,Other UK Airports,CARDIFF WALES,123825,219984,-43.711815405,122729,219197,-44.009726410,1096,787,39.263024142
3/25/2022 10:53:48 AM,2021,2020,1,3,Other UK Airports,CITY OF DERRY (EGLINTON),73024,80494,-9.280194797,73024,80494,-9.280194797,0,0,
3/25/2022 10:53:48 AM,2021,2020,1,3,Other UK Airports,DONCASTER SHEFFIELD,309512,338829,-8.652447105,309326,338586,-8.641822166,186,243,-23.456790123
3/25/2022 10:53:48 AM,2021,2020,1,3,Other UK Airports,DUNDEE,19658,8647,127.338961490,19658,8647,127.338961490,0,0,
3/25/2022 10:53:48 AM,2021,2020,1,3,Other UK Airports,EAST MIDLANDS INTERNATIONAL,832529,901237,-7.623743810,828224,900832,-8.060104437,4305,405,962.962962963
3/25/2022 10:53:48 AM,2021,2020,1,3,Other UK Airports,EDINBURGH,3024960,3474879,-12.947760195,3023614,3473652,-12.955759529,1346,1227,9.698451508
3/25/2022 10:53:48 AM,2021,2020,1,3,Other UK Airports,EXETER,126854,148251,-14.432954921,126837,147921,-14.253554262,17,330,-94.848484848
3/25/2022 10:53:48 AM,2021,2020,1,3,Other UK Airports,GLASGOW,2072546,1946474,6.476942410,2071008,1944981,6.479600572,1538,1493,3.014065640
3/25/2022 10:53:48 AM,2021,2020,1,3,Other UK Airports,GLOUCESTERSHIRE,0,5,,0,5,,0,0,
3/25/2022 10:53:48 AM,2021,2020,1,3,Other UK Airports,HUMBERSIDE,31534,45273,-30.347005942,31503,45075,-30.109816972,31,198,-84.343434343
3/25/2022 10:53:48 AM,2021,2020,1,3,Other UK Airports,INVERNESS,357584,241167,48.272358988,357141,239987,48.816810911,443,1180,-62.457627119
3/25/2022 10:53:48 AM,2021,2020,1,3,Other UK Airports,ISLAY,12981,8907,45.739306164,12761,8693,46.796272863,220,214,2.803738318
3/25/2022 10:53:48 AM,2021,2020,1,3,Other UK Airports,ISLES OF SCILLY (ST.MARYS),72291,41766,73.085763540,72291,41766,73.085763540,0,0,
3/25/2022 10:53:48 AM,2021,2020,1,3,Other UK Airports,KIRKWALL,85665,61177,40.028115141,75777,54638,38.689190673,9888,6539,51.215782230
3/25/2022 10:53:48 AM,2021,2020,1,3,Other UK Airports,LANDS END (ST JUST),53211,34673,53.465232313,53105,34556,53.678087742,106,117,-9.401709402
3/25/2022 10:53:48 AM,2021,2020,1,3,Other UK Airports,LEEDS BRADFORD,739131,751091,-1.592350328,734830,751048,-2.159382623,4301,43,9902.325581395
3/25/2022 10:53:48 AM,2021,2020,1,3,Other UK Airports,LERWICK (TINGWALL),2300,1227,87.449062755,2300,1227,87.449062755,0,0,
3/25/2022 10:53:48 AM,2021,2020,1,3,Other UK Airports,LIVERPOOL (JOHN LENNON),1165508,1338415,-12.918788268,1165508,1337669,-12.870224248,0,746,
3/25/2022 10:53:48 AM,2021,2020,1,3,Other UK Airports,LYDD,31,0,,31,0,,0,0,
3/25/2022 10:53:48 AM,2021,2020,1,3,Other UK Airports,MANCHESTER,6085103,7034856,-13.500674356,6082905,7029384,-13.464607994,2198,5472,-59.831871345
3/25/2022 10:53:48 AM,2021,2020,1,3,Other UK Airports,NEWCASTLE,1024930,1064274,-3.696792367,1022540,1061146,-3.638142160,2390,3128,-23.593350384
3/25/2022 10:53:48 AM,2021,2020,1,3,Other UK Airports,NEWQUAY,105554,67877,55.507756678,105479,67877,55.397262696,75,0,
3/25/2022 10:53:48 AM,2021,2020,1,3,Other UK Airports,NORWICH,127208,120258,5.779241298,127208,120258,5.779241298,0,0,
3/25/2022 10:53:48 AM,2021,2020,1,3,Other UK Airports,OXFORD (KIDLINGTON),556,514,8.171206226,556,514,8.171206226,0,0,
3/25/2022 10:53:48 AM,2021,2020,1,3,Other UK Airports,PRESTWICK,78069,90790,-14.011455006,77807,90608,-14.127891577,262,182,43.956043956
3/25/2022 10:53:48 AM,2021,2020,1,3,Other UK Airports,SCATSTA,0,35624,,0,35624,,0,0,
3/25/2022 10:53:48 AM,2021,2020,1,3,Other UK Airports,SOUTHAMPTON,263131,296161,-11.152717610,263131,296094,-11.132613292,0,67,
3/25/2022 10:53:48 AM,2021,2020,1,3,Other UK Airports,STORNOWAY,62791,44387,41.462590398,60784,43093,41.053071264,2007,1294,55.100463679
3/25/2022 10:53:48 AM,2021,2020,1,3,Other UK Airports,SUMBURGH,183903,116745,57.525375819,182320,113951,59.998595888,1583,2794,-43.342877595
3/25/2022 10:53:48 AM,2021,2020,1,3,Other UK Airports,TEESSIDE INTERNATIONAL AIRPORT,78520,38540,103.736377789,72151,37141,94.262405428,6369,1399,355.253752680
3/25/2022 10:53:48 AM,2021,2020,1,3,Other UK Airports,TIREE,8387,5443,54.087819217,8196,5221,56.981421184,191,222,-13.963963964
3/25/2022 10:53:48 AM,2021,2020,1,3,Other UK Airports,WICK JOHN O GROATS,18,1913,-99.059069524,0,1913,,18,0,
3/25/2022 10:53:48 AM,2021,2020,2,4,Non UK Reporting Airports,ALDERNEY,41279,28048,47.172703936,41279,28048,47.172703936,0,0,
3/25/2022 10:53:48 AM,2021,2020,2,4,Non UK Reporting Airports,GUERNSEY,250526,188607,32.829640469,250462,184503,35.749554208,64,4104,-98.440545809
3/25/2022 10:53:48 AM,2021,2020,2,4,Non UK Reporting Airports,ISLE OF MAN,182371,162898,11.954106251,182371,162898,11.954106251,0,0,
3/25/2022 10:53:48 AM,2021,2020,2,4,Non UK Reporting Airports,JERSEY,678151,424922,59.594231412,678067,420195,61.369602208,84,4727,-98.222974402

